text,emotion
me da pena decirlo pero cambiaron las reglas sin avisarme y no lo digo seguido,enojo
es que me trataron diferente a los demas y me tiene mal,enojo
realmente estoy muy enojado y eso empeora todo,enojo
te juro que no voy a seguir tolerando esto,enojo
me tienen hasta la coronilla y no es facil,enojo
es que estoy muy nervioso y asustado por todo,miedo
te juro que hoy no tuve que madrugar y lo disfrute bro,feliz
ultimamente tengo un presentimiento muy malo y me afecta mucho,miedo
la verdad siento que finjo estar bien tan seguido que ya ni se y me afecta,triste
no te miento me tiene muy cansado esta gente la verdad,enojo
en serio me asusta mucho lo que esta pasando en el barrio parce,miedo
es que me dijeron que me quieren y me tiene mal,feliz
ultimamente ya no quiero esforzarme de verdad,triste
hoy me canse de ser el que siempre aguanta,triste
es que me tiene muy bravo la falta de respeto,enojo
te cuento que hicimos una reunioncita y quedo muy buena,feliz
te juro que me encontre plata en un bolsillo que no sabia,feliz
resulta que me asaltaron y ya,enojo
oye hoy amaneci con mucha energia y ya,feliz
me gradué hoy,feliz
tengo miedo de que todo se derrumbe y eso me preocupa mucho,miedo
estoy que no me la creo pero bueno,feliz
no te miento todo me pesa demasiado y ya,triste
te digo que me duele mucho saber que ya no esta y no se como seguir,triste
la verdad es que no entiendo nada y me da verguenza preguntar y me cuesta mucho,triste
la verdad odio esta situacion de verdad,enojo
para serte honesto me da miedo pedir ayuda y es agotador,miedo
publicaron algo mio sin pedirme permiso pero bueno,enojo
hoy se fue mi perro hoy la verdad,triste
ultimamente alguien me entendio sin que yo explicara mucho y no lo digo seguido,feliz
hoy todo fluyo bien y es agotador,feliz
es que tengo miedo de que sea algo grave y me tiene mal,miedo
la verdad pase el dia en cama y ya,triste
sinceramente no quiero salir solo y no se que hacer,miedo
oye consegui apartamento en arriendo bien precio,feliz
desde hace dias siento que el miedo no me deja avanzar la verdad,miedo
sabes que estoy muy contento con los avances sin duda,feliz
ahora mismo me siento realizado y no puedo evitarlo,feliz
mira no logre lo que esperaba y me afecta mucho,triste
en serio no me puedo quitar esa preocupacion de encima y ya,miedo
ahora mismo me trataron muy mal sin razon sinceramente,enojo
para serte honesto todo tiene sentido ahora la verdad,feliz
mira me tiene muy intranquilo todo esto la verdad,miedo
hoy fue un dia muy chévere pero bueno,feliz
la verdad me dijeron que si y despues que no y no puedo evitarlo,enojo
no tolero mas esta situacion en serio,enojo
no te miento me da ansiedad cuando hay silencio en la conversacion,miedo
no te miento me saca de quicio todo esto y me tiene mal,enojo
hoy me hace muy bien sentirme asi de verdad,feliz
la verdad es que no es la primera vez y eso me tiene agotado pero ya no puedo mas,enojo
no se subi una foto y me arrepenti de haberla subido,triste
sinceramente siento que estoy de mas,triste
ahora mismo me hablaron muy mal y no puedo evitarlo,enojo
fijate que no me toman en serio por mi edad y me cuesta aceptarlo,enojo
no fui invitado,triste
parce me tiene muy apagado esta situacion y nadie lo sabe,triste
en serio el transporte salio tardisimo y llegue tarde por eso y ya,enojo
te digo que que buena suerte la mia hoy,feliz
me da terror pensar que no hay salida y no puedo calmarlo,miedo
es que me dejaron plantado y ni se disculparon hermano,enojo
que problema tan absurdo todo el tiempo,enojo
te digo que siento tristeza cuando pienso en eso y no lo puedo superar,triste
encontre algo que habia perdido hace tiempo y no se que hacer,feliz
sinceramente me irritas con ese comportamiento en serio,enojo
hoy salimos a rumbear y la pase muy bien,feliz
mira todo esta mal organizado de verdad,enojo
no te miento me corrigieron el tono sin escuchar lo que dije y no lo digo seguido,enojo
oye por fin publique lo que venia trabajando,feliz
no tenemos para el arriendo este mes de verdad,triste
sinceramente mi familia se fue a vivir lejos y me siento solo y ya,triste
es que me toco vender el carro que tanto queria de verdad,triste
la verdad me citaron a declarar y estoy muy nervioso y me cuesta mucho,miedo
que buen resultado tuvimos hoy y no lo puedo creer,feliz
fijate que me perdi un momento importante sinceramente,triste
es que me llamaron de un numero desconocido y no puedo evitarlo,miedo
es que no me puedo quitar esa preocupacion de encima y nadie lo sabe,miedo
es que me tiene angustiado no saber que va a pasar y eso me pesa,miedo
no se si contarte pero no supe si era una broma o algo serio sinceramente,triste
me siento derrotado todo el tiempo,triste
lo que pasa es que que desconsiderado eres siempre y ya me canse,enojo
en serio estoy harto de esto otra vez,enojo
te cuento que me dejo mi novio y estoy muy mal,triste
ultimamente me siento increible y eso me alegra,feliz
oye estrene mi apartamento y ya,feliz
es que me cuesta aceptar que eso ya termino,triste
lo que pasa es que nadie reconocio lo que aporte y no puedo evitarlo,enojo
mi familia se fue a vivir lejos y me siento solo de verdad,triste
te cuento que todo me genera ansiedad ultimamente y es agotador,miedo
lo que pasa es que mi pareja me sorprendio y me tiene mal,feliz
la verdad nadie me escucha otra vez,triste
fijate que me cancelaron a ultimo momento otra vez,enojo
sinceramente odio esta situacion y no se que hacer,enojo
definitivamente nada tiene sentido y no se que hacer,triste
no voy a permitir que me hagas eso y me parece muy mal,enojo
sinceramente estoy temblando de nervios desde hace dias,miedo
honestamente me indigna tu forma de actuar,enojo
no te miento no logre lo que esperaba y no se que hacer,triste
en serio me canse de pedir lo mismo sin resultado y eso me tiene mal,enojo
hoy me despidieron del trabajo y ya,triste
me toco vender el carro que tanto queria,triste
es que me tiene muy irritado todo lo que esta pasando de verdad,enojo
hoy nada tiene sentido otra vez,triste
para serte honesto perdi la materia que mas me esforcé y no lo digo seguido,triste
no hice la tarea y ya,miedo
realmente estoy muy enojado en este momento,enojo
no tengo ganas de nada,triste
hoy todo esta mejorando y eso me alegra,feliz
ultimamente me tiene harto que siempre pase lo mismo y nadie lo entiende,enojo
en este momento tengo mucho miedo y no se que hacer,miedo
hoy tengo miedo de decir algo y que lo tomen mal y me tiene mal,miedo
hoy hoy me fue de pelos pero bueno,feliz
es que me dijeron que era mi culpa cuando no lo era y ya,enojo
hermano tengo miedo de embarrarla con esa decision de verdad,miedo
la verdad me cuesta aceptar que eso ya termino la verdad,triste
mira siento que algo no esta bien aunque todo parece normal y ya,miedo
es que me toco dejar los estudios por plata y nadie lo sabe,triste
hoy todo esta saliendo bien en este momento,feliz
es que me hicieron esperar demasiado y eso me pesa,enojo
la verdad me quede sin trabajo y no se que hacer la verdad,triste
la verdad ya no quiero hablar de eso porque nadie entiende y me tiene pensando mucho,triste
la verdad es que me da terror mostrarme como soy de verdad sinceramente,miedo
ultimamente nadie me eligio para su equipo y me tiene agotado,triste
te cuento que me independice por fin y ya,feliz
es que estoy muy asustado con lo que puede pasar y no es facil,miedo
desde hace dias mi grupo hizo el trabajo sin contar conmigo y me cuesta mucho,triste
en este momento todo salio mal,triste
parce me salio el traslado que pedi,feliz
es que me toco vender el carro que tanto queria y nadie lo sabe,triste
no puedo creer que eres un maleducado sin remedio en serio,enojo
oye aprobe el examen sinceramente,feliz
no tengo plan b si esto falla,miedo
hoy tengo un mal presentimiento desde ayer sinceramente,miedo
en serio me pidieron que fuera a recursos humanos y eso me duele,miedo
hermano me encontre con un amigo que no veia hace tiempo y me tiene mal,feliz
la verdad me independice por fin sinceramente,feliz
es que perdi la materia que mas me esforcé y eso me tiene mal,triste
es que me dieron la beca de la universidad publica y me tiene mal,feliz
en este momento ya no tengo ganas en este momento,triste
te juro que hice algo que me daba miedo y salio bien sinceramente,feliz
en serio me costo mucho levantarme hoy y no lo puedo ocultar,triste
es que siento que algo no esta bien aunque todo parece normal y nadie lo sabe,miedo
desde hace dias siento que no soy tan inteligente como los demas y no es facil admitirlo,triste
es que tengo miedo de que me rechacen si digo lo que pienso,miedo
fijate que me hicieron sentir especial otra vez,feliz
la verdad el resultado me tiene muy angustiado y ya,miedo
te cuento que se murio mi perro esta mañana y me afectó mucho,triste
es que tuve que dejar mis estudios pero necesitaba decirlo,triste
desde hace dias siento que no soy tan inteligente como los demas y eso me tiene mal,triste
la verdad me encanta este momento otra vez,feliz
ya no quiero esforzarme y no se que hacer,triste
ahora mismo todo me da miedo todo el tiempo,miedo
desde hace dias me tiene angustiado no saber que va a pasar y ya,miedo
sinceramente no puedo mas con esta situacion y me parece muy mal,enojo
ahora mismo esto arruino mi dia en este momento,enojo
ahora mismo estoy muy enojado ultimamente,enojo
resulta que si me cai en el trabajo y no sé qué hacer,triste
mira siento que la estoy embarrando en todo la verdad,triste
en este momento tengo ansiedad por lo que viene esta semana,miedo
definitivamente estoy demasiado molesto otra vez,enojo
bro me exigen resultados sin darme las herramientas y no puedo evitarlo,enojo
me case hoy,feliz
en serio me enoja mucho lo que dijiste y eso no esta bien,enojo
fijate que esto me parece una falta de respeto total y no lo puedo ocultar,enojo
estoy muy asustado con la situacion y me tiene muy nervioso,miedo
hoy borre todas mis fotos porque no me gustaba nada la verdad,triste
hoy me siento nervioso y eso me preocupa,miedo
fijate que tengo panico de que me pregunten algo en clase pero bueno,miedo
sinceramente estoy muy preocupado esta semana,miedo
en este momento me siento derrotado todo el tiempo,triste
desde ayer me siento destruido todo el tiempo,triste
la verdad me pidieron que fuera a recursos humanos y no es facil,miedo
bro me angustia pensar que quiza elegi mal mi carrera y no es facil,miedo
realmente tengo miedo de fallar todo el tiempo,miedo
realmente me siento incomodo con esto,miedo
te juro que estoy cansado de aparentar que todo esta bien y no es facil,triste
lo que pasa es que me entristece mucho pensar en eso,triste
es que fuimos a la finca y fue muy bacano pero bueno,feliz
sinceramente no se que va a pasar todo el tiempo,miedo
ultimamente ya no tengo energia para nada de lo que antes me gustaba la verdad,triste
es que por fin lo logre de verdad,feliz
te digo que estoy muy contento con mi progreso y es lo mejor que me paso,feliz
ultimamente hoy no tuve que fingir que estaba bien y no se que hacer,feliz
la verdad es que tengo miedo de que lo peor esta por venir,miedo
hoy no soporto esta situacion otra vez,enojo
es que las cosas ya no son como antes de verdad,triste
siento una pena muy grande ahora,triste
siento que el tiempo paso y yo no hice nada pero bueno,triste
men me dieron acceso a la oportunidad que queria y no se que hacer,feliz
sinceramente me quede sin trabajo y no se que hacer la verdad,triste
estoy re contento con todo y ya,feliz
sinceramente siento que estoy muy solo en todo esto y no lo puedo superar,triste
hoy estoy harto de todo esta semana,enojo
en serio por fin termine el proyecto,feliz
fijate que me da pavor equivocarme y eso me pesa,miedo
sinceramente estoy agradecido por todo desde hace dias,feliz
me da pena decirlo pero me paraliza la idea de tener que hablar en grupo y quisiera que alguien me ayudara,miedo
tengo miedo de equivocarme y arrepentirme despues y no se que hacer,miedo
no puedo evitar que estoy muy asustado con la situacion,miedo
que buena experiencia vivimos juntos,feliz
es que me independice por fin de verdad,feliz
la verdad es que me asusta pensar en las consecuencias de verdad,miedo
tengo panico de que algo me pase de verdad,miedo
estoy al limite de mi paciencia y no puedo evitarlo,enojo
hoy me encontre plata en un bolsillo que no sabia y me afecta,feliz
hoy no supe si era una broma o algo serio y nadie lo entiende,triste
te cuento que manana tengo una prueba importante y estoy nervioso la verdad,miedo
la verdad no se si voy a poder con esto y necesito que alguien me entienda,miedo
me dicen que me esfuerce mas cuando ya doy todo la verdad,enojo
me entristece mucho esta situacion y no se como seguir,triste
fijate que mi familia esta bien y no se que hacer,feliz
es que estoy muy ido hoy no se que me pasa la verdad,triste
la verdad es que el profesor me felicito por el trabajo y me cuesta mucho,feliz
me tratan diferente por ser joven de verdad,enojo
no tengo ganas de nada ultimamente,triste
ultimamente todo me fastidia,enojo
vieja me cayo del cielo esa noticia de verdad,feliz
es que estoy muy frustrado con todo esto bro,enojo
hoy me cambiaron las condiciones a ultimo momento y no puedo evitarlo,enojo
la verdad las cosas estan saliendo como quiero y ya,feliz
me comparo mucho con los demas y me hace mal,triste
hoy me siento muy triste todo el tiempo,triste
hoy tengo miedo de caerle mal sin querer y me afecta mucho,miedo
ultimamente me hicieron una videollamada sorpresa de verdad,feliz
ultimamente vi que me sacaron de un grupo y no dije nada la verdad,triste
sinceramente me descuentan del sueldo cosas que no firmé y me cuesta mucho,enojo
fijate que termine el curso que venia haciendo bro,feliz
te digo que estoy muy contento con lo logrado en serio,feliz
en este momento tengo panico todo el tiempo,miedo
definitivamente hoy fue maravilloso en este momento,feliz
es que tengo un mal presentimiento con eso parce,miedo
la verdad pase el dia en cama,triste
tengo los mejores amigos y me afecta mucho,feliz
me hablaron muy feo sin ninguna razon y no se que hacer,enojo
de verdad estoy muy apenado por lo sucedido y quisiera que no fuera así,triste
me siento muy contento con el equipo y estoy muy agradecido,feliz
sinceramente tengo miedo de hablar y no se que hacer,miedo
hoy tengo panico ultimamente,miedo
la verdad estoy muy cansado de lucharla solo y ya,triste
te cuento que pague y no me dieron lo que ofrecieron la verdad,enojo
hoy nada me da ganas ultimamente y no lo puedo creer,triste
la verdad todo me fastidia desde hace dias,enojo
te cuento que me usaron y despues me ignoraron y eso me pesa,enojo
en serio me rindo de intentarlo todo el tiempo,triste
desde ayer me siento inseguro y no se que hacer,miedo
oye consegui el trabajo y no se que hacer,feliz
la verdad me siento nervioso en este momento,miedo
es que logre ahorrar lo que necesitaba y ya,feliz
la verdad es que siento una melancolia muy grande ahora,triste
hoy me toco dejar los estudios por plata y ya,triste
parce me tienen muy mamado con esa vuelta de verdad,enojo
lo que pasa es que llevo dias aguantando esto y ya no puedo sinceramente,enojo
en serio la vida esta siendo buena conmigo y me afecta mucho,feliz
definitivamente todo salio excelente en este momento,feliz
hoy se fue mi perro hoy pero necesitaba decirlo,triste
mira me tocó pagar una multa que no era justa la verdad,enojo
en este momento me tienen harto con esto todo el tiempo,enojo
es que me preocupa mucho el futuro economico y me cuesta aceptarlo,miedo
mira me tiene muy angustiado esa situacion pero bueno,miedo
te cuento que hoy fue un dia muy gris y no puedo evitarlo,triste
hoy me mencionaron en algo que me puso en ridiculo,enojo
en serio hoy me fue de pelos de verdad,feliz
ultimamente no me merecia este trato y necesito que alguien me entienda,enojo
fijate que mañana tengo examen y no he estudiado y no lo puedo creer,miedo
te cuento que me da terror enfrentar esto solo de verdad,miedo
para serte honesto tengo miedo de que todo cambie todo el tiempo,miedo
de verdad siento una tristeza profunda que no pasa y me duele mucho,triste
bro siento que si me equivoco no hay vuelta atras,miedo
no te miento siento que no soy tan inteligente como los demas pero ya no puedo mas,triste
mira ya no tengo fuerzas para nada y no lo puedo ocultar,triste
ahora mismo no se si estan enojados conmigo o es mi imaginacion y quisiera que alguien me ayudara,miedo
me alegra mucho el resultado final de verdad,feliz
no se me tiene harto que siempre pase lo mismo de verdad,enojo
la verdad si esto no funciona no se que voy a hacer y nadie lo sabe,miedo
mira siento que estoy de mas pero no digo nada,triste
la verdad es que siento un vacio enorme dentro de mi y no lo puedo superar,triste
me parece increible tu actitud,enojo
ahora mismo estoy demasiado preocupado y no se que hacer,miedo
es que tengo miedo de decir algo y que lo tomen mal,miedo
te digo que encontre algo que habia perdido hace tiempo,feliz
te digo que estoy muy apagado y sin motivacion y quisiera que no fuera así,triste
en serio me dicen que me esfuerce mas cuando ya doy todo y ya,enojo
es que subi algo y nadie reacciono y me senti invisible,triste
para serte honesto me dejo de seguir en redes sociales y eso me tiene mal,triste
es que me pusieron obstaculos que no tenian sentido,enojo
me mencionaron en algo que me puso en ridiculo y ya,enojo
es que extraño mucho a las personas que ya no estan hermano,triste
ayer me quitaron el trabajo,triste
no te miento logre terminar algo que habia dejado pendiente y me tiene agotado,feliz
hoy no se que va a pasar por todo lo que paso,miedo
resulta que que mal tipo y estoy mal,enojo
me alegra ver que todo salio bien en serio,feliz
para serte honesto no duermo de la preocupacion,miedo
ultimamente me cobraron de mas sin avisar y necesito que alguien me entienda,enojo
me dieron acceso a la oportunidad que queria,feliz
definitivamente me hicieron perder el tiempo esta semana,enojo
es que ya no quiero hablar de eso porque nadie entiende y ya,triste
te digo que estoy muy asustado con las noticias,miedo
ahora mismo me asusta que piensen que soy raro y no lo digo seguido,miedo
oye me fue bien en el icfes,feliz
ahora mismo no duermo de la preocupacion sinceramente,miedo
te cuento que las cosas estan saliendo como quiero y ya,feliz
ahora mismo mi grupo hizo el trabajo sin contar conmigo pero ya no puedo mas,triste
me preocupa no poder lograrlo sinceramente,miedo
ultimamente no quiero salir solo,miedo
ultimamente ya no tengo fuerzas para nada pero no digo nada,triste
definitivamente estoy disfrutando mucho en este momento,feliz
quise decir algo pero no encontre las palabras y me afecta mucho,triste
estoy muy emocionado con el futuro y estoy muy contento,feliz
no te miento tengo miedo de mandar ese mensaje y que lo tomen mal y trato de disimularlo,miedo
oye llevo dias aguantando esto y ya no puedo y eso me tiene mal,enojo
te digo que me siento muy desconectado de todo y de todos pero bueno,triste
no se hoy todo el transporte me funciono perfecto bro,feliz
ahora mismo publicaron algo mio sin pedirme permiso y nadie lo entiende,enojo
la verdad me tienen harto con esto por todo lo que paso,enojo
me dieron la visa de verdad,feliz
te cuento que me dejaron,triste
no se tengo miedo de equivocarme y arrepentirme despues y nadie lo entiende,miedo
estoy muy feliz con el camino que tome y estoy muy contento,feliz
parce estoy con una nota hoy y no puedo evitarlo,feliz
te cuento que encontre lo que buscaba y no lo puedo ocultar,feliz
me entristece mucho lo que hiciste y quisiera que no fuera así,triste
hoy me da ansiedad publicar algo y que lo juzguen,miedo
fijate que me atracaron y no lo puedo creer,enojo
la verdad es que me corrigieron el tono sin escuchar lo que dije de verdad,enojo
mira todo lo que construi se cayo y me afecta mucho,triste
me preocupa mucho el futuro economico y ya,miedo
hermano me faltaron el respeto delante de todos y me tiene mal,enojo
la verdad defendi mi proyecto y quede bien pero bueno,feliz
no te miento me siento invisible y necesito que alguien me entienda,triste
ultimamente me canse de pedir lo mismo sin resultado y me tiene agotado,enojo
hoy me pone de buen humor todo hoy,feliz
mira nada de lo que hago vale la pena sinceramente,triste
no puedo creer que que manera tan irresponsable de actuar sin excusas,enojo
lo que pasa es que me tienes cansado con eso de verdad,enojo
parce me salio el traslado que pedi pero bueno,feliz
ultimamente estoy emocionado de verdad,feliz
lo que es cierto es que que dia tan especial fue hoy para mi y estoy muy contento,feliz
la verdad me interrumpieron todo el tiempo todo el tiempo,enojo
ahora mismo tengo ansiedad en este momento,miedo
hoy ya no hablo con alguien que queria mucho y no puedo evitarlo,triste
llegue a los seguidores que queria,feliz
me usaron y despues me ignoraron y eso me pesa,enojo
no tuve ganas de comer y no se que hacer,triste
para serte honesto me siento en paz y necesito que alguien me entienda,feliz
ahora mismo tengo miedo de lo que piensen de mi de verdad,miedo
la verdad todo me irrita desde hace dias,enojo
hoy hoy amaneci con toda la actitud pero bueno,feliz
te cuento que tengo miedo de embarrarla con esa decision hermano,miedo
para serte honesto alguien noto que estaba bien y me lo dijo y no se como manejarlo,feliz
te cuento que extraño como eran las cosas antes sinceramente,triste
la verdad esto me parece una falta de respeto total y me tiene mal,enojo
me copiaron el contenido y ni siquiera lo cambiaron y ya,enojo
ahora mismo me invitaron a participar en un proyecto y me afecta mucho,feliz
estoy muy feliz con mi vida,feliz
oye me da ansiedad abrir ese chat y me cuesta mucho,miedo
ultimamente abusaron de mi confianza otra vez,enojo
me eliminaron del grupo sin decir nada,enojo
lo que pasa es que logre lo que queria otra vez,feliz
la verdad todo cambio de golpe,triste
me salio todo bien y no me lo esperaba y ya,feliz
sinceramente estoy muy contento en este momento,feliz
ultimamente todo esta funcionando bien en este momento,feliz
ultimamente me hicieron sentir especial y no lo puedo ocultar,feliz
mira me preocupa no poder pagar el arriendo el otro mes la verdad,miedo
la verdad que perro tan feo y me afectó mucho,enojo
te cuento que siento que el tiempo paso y yo no hice nada la verdad,triste
sinceramente estoy muy angustiado sin encontrar salida y no puedo calmarlo,miedo
men siento que el tiempo se me acaba y no he hecho nada y no se que hacer,miedo
la verdad me hicieron fila tres horas y no me atendieron y ya,enojo
ultimamente no quise hablar con nadie hoy otra vez,triste
la verdad estoy harto de todo por todo lo que paso,enojo
publico algo que me dejo muy mal de verdad,triste
de verdad me duele mucho esta situacion y me duele mucho,triste
te cuento que me tocó repetir el tramite porque perdieron mis papeles y no se que hacer,enojo
es que me tocó repetir el tramite porque perdieron mis papeles parce,enojo
ultimamente estoy disfrutando mucho hoy,feliz
lo que pasa es que me copiaron el trabajo y lo publicaron como propio y no puedo evitarlo,enojo
es que me toco dejar los estudios por plata parce,triste
mira hoy fue un dia muy gris y me tiene mal,triste
estoy muy triste y no se que hacer y no se como seguir,triste
mira lo que paso me mandaron buenas noticias por whatsapp y me tiene agotado,feliz
no te miento me preocupa no poder pagar el arriendo el otro mes pero bueno,miedo
estoy muy asustado con lo que se avecina y no se que hacer,miedo
en serio me tiene muy irritado todo esto de verdad,enojo
realmente siento mucha presion,miedo
me siento muy bien con lo que hice en serio,feliz
tengo miedo de llegar a cierta edad sin haber logrado nada y no puedo evitarlo,miedo
mira lo que paso nadie noto que algo me pasaba y trato de disimularlo,triste
hoy me cancelaron la cita sin avisar y me afecta,enojo
por fin terminé algo que tenía pendiente hace meses,feliz
la verdad es que hoy fui honesto y salio bien y no se como manejarlo,feliz
me encanta este momento desde hace dias,feliz
de verdad me agota tu comportamiento y no lo entiendo,enojo
te cuento que no se como va a terminar esto y no puedo evitarlo,miedo
estoy muy asustado de perder lo que amo y me tiene muy nervioso,miedo
desde hace dias me eliminó de sus contactos sin decir nada y me pesa cargarlo solo,triste
me case hoy y ya,feliz
no te miento tengo panico de fallar frente a todos y ya,miedo
hoy me siento vulnerable por todo lo que paso,miedo
eso estuvo muy mal hecho sin excusas,enojo
bro publicaron algo mio sin pedirme permiso bro,enojo
en serio me tienes cansado con eso y no lo entiendo,enojo
la verdad no tengo ganas de nada otra vez,triste
mira lo que paso tengo miedo de que se den cuenta que no entiendo y no se que hacer,miedo
te juro que tengo panico de que me pregunten algo frente a todos y quisiera que alguien me ayudara,miedo
ultimamente usaron mis ideas sin darme credito y ya,enojo
sinceramente aprobe el examen y necesito que alguien me entienda,feliz
que injusto es todo esto y punto,enojo
se aprovecharon de que no sabia de verdad,enojo
para serte honesto manana tengo una prueba importante y estoy nervioso otra vez,miedo
en serio mi familia esta pasando un momento muy dificil y no se que hacer,triste
la verdad todo salio excelente otra vez,feliz
te cuento que tuve que dejar mis estudios y no puedo evitarlo,triste
siento que no soy suficiente men,triste
lo que pasa es que me duele el alma y me tiene mal,triste
te digo que me comparo mucho con los demas y me hace mal y no puedo evitarlo,triste
te cuento que hoy amaneci con toda la actitud parce,feliz
me tocó madrugar y no dormí nada y encima salio mal,triste
ultimamente me da ansiedad publicar algo y que lo juzguen y ya,miedo
la verdad el silencio de esa persona me preocupa mucho y ya,miedo
fijate que me dieron la beca de la universidad publica parce,feliz
mira lo que paso tengo panico de decir algo y que lo malinterpreten,miedo
para serte honesto me mintieron en mi cara y me afecta mucho,enojo
la verdad todo me irrita y eso empeora todo,enojo
es que me aterra pensar en lo que puede ocurrir y no puedo calmarlo,miedo
la verdad es que me da terror que noten que estoy nervioso pero necesitaba decirlo,miedo
en este momento me siento vulnerable todo el tiempo,miedo
no te miento me siento muy lejos de ser feliz la verdad,triste
la verdad es que no supe leer la situacion y meti la pata,triste
te juro que alguien me entendio sin que yo explicara mucho y me cuesta mucho,feliz
es que me robaron el celular y estoy muy mal parce,triste
la verdad tengo que madrugar,triste
es que tengo miedo de decir algo y que lo malinterpreten pero bueno,miedo
la verdad sali del pais por primera vez y no se que hacer,feliz
sinceramente hoy me di cuenta que avance mucho sinceramente,feliz
la verdad es que siento que nadie me toma en serio sinceramente,enojo
lo que pasa es que me agota tu comportamiento y punto,enojo
fijate que me quitaron el trabajo y ya,triste
te cuento que me hablaron como si fuera tonto pero necesitaba decirlo,enojo
sinceramente me preocupa tanto que no puedo dormir,miedo
hoy amaneci con toda la actitud de verdad,feliz
estoy muy contento y agradecido de verdad,feliz
honestamente me frustras mucho con eso,enojo
estoy muy preocupado otra vez,miedo
me echaron la culpa de algo que hizo otro y me cuesta mucho,enojo
es que estoy esperando una respuesta y me tiene nervioso otra vez,miedo
la verdad es que me aterra pensar en perder el control y eso me preocupa mucho,miedo
ultimamente me sacaron la paciencia,enojo
la verdad es que estoy muy satisfecho con todo,feliz
vi que estaba en linea pero no me respondio y me pesa cargarlo solo,triste
no puedo evitar que siento un temor muy grande ahora mismo y no puedo calmarlo,miedo
ahora mismo todo me irrita desde hace dias,enojo
no te miento mi mejor amigo se fue a vivir lejos,triste
parce me tiene muy cansado esta gente y no se que hacer,enojo
no puedo creer que me parece increible tu actitud y punto,enojo
ahora mismo me siento incomodo con esto desde hace dias,miedo
sinceramente me robaron el celular y estoy muy mal la verdad,triste
me llamaron para el trabajo en medellin de verdad,feliz
me da pena decirlo pero alguien me entendio sin que yo explicara mucho y no puedo evitarlo,feliz
en serio me dieron la beca de la universidad publica,feliz
oye no voy a permitir que me hagas eso y no lo voy a tolerar,enojo
ultimamente hoy fui honesto y salio bien y me pesa cargarlo solo,feliz
hoy recibi buenas noticias todo el tiempo,feliz
sinceramente me siento muy bien conmigo mismo y eso me pesa,feliz
desde ayer tengo miedo de fallar y no puedo dormir,miedo
parce me tiene muy desanimado todo esto la verdad,triste
me hicieron repetir el tramite tres veces y ya,enojo
te juro que eso que hiciste estuvo muy feo sin excusas,enojo
fijate que siempre me pasa lo mismo con las mismas personas y me cuesta mucho,enojo
tengo miedo de que me cancelen por algo que dije men,miedo
hoy me faltaron el respeto delante de todos y eso me duele,enojo
la verdad todo me afecta demasiado,triste
no se no se que quiero hacer con mi vida,miedo
me da mucho miedo no estar listo y no puedo calmarlo,miedo
ahora mismo la vida esta siendo buena conmigo la verdad,feliz
oye me cambiaron el trabajo sin consultarme y no lo digo seguido,enojo
la verdad no se que quiero hacer con mi vida la verdad,miedo
sinceramente me siento sin energia otra vez,triste
en serio estoy muy apenado por todo lo que perdí de verdad,triste
la verdad me hicieron esperar demasiado y me afecta mucho,enojo
la verdad mi mejor amigo se fue para otro pais,triste
la verdad no hubo trafico hoy de verdad,feliz
me encontre plata en un bolsillo que no sabia y ya,feliz
no te miento me asusta mucho lo que esta pasando en el barrio pero bueno,miedo
fijate que tengo miedo de que me rechacen si digo lo que pienso,miedo
fijate que me dejo de seguir en redes sociales y quisiera que alguien me ayudara,triste
fijate que me salio redondo todo hoy y no puedo evitarlo,feliz
en serio perdi algo muy importante la verdad,triste
lo que pasa es que tengo un presentimiento muy malo todo el tiempo,miedo
en serio me dieron acceso a la oportunidad que queria y me afecta,feliz
mira me salio el negocio que queria la verdad,feliz
oye me cambiaron el trabajo sin consultarme y no se como manejarlo,enojo
desde ayer todo esta mejorando por todo lo que paso,feliz
vieja estoy muy ido hoy no se que me pasa y no puedo evitarlo,triste
es que siento que nadie me toma en serio y no se que hacer,enojo
ultimamente vi que estaba en linea pero no me respondio,triste
en este momento siento mucha presion y me afecta mucho,miedo
resulta que que quiere usted,enojo
es que me hablaron muy mal pero no digo nada,enojo
te juro que pude mantener una conversacion sin angustiarme,feliz
definitivamente tengo ansiedad desde hace dias,miedo
sinceramente estoy muy angustiado con todo esto y no se que hacer,miedo
me pusieron en evidencia en un grupo y eso me tiene mal,enojo
la verdad por fin termine el proyecto todo el tiempo,feliz
mira me salio rico lo que cocine sinceramente,feliz
lo que pasa es que logre lo que queria y no se que hacer,feliz
extraño como era todo antes y no se que hacer,triste
hoy defendi mi proyecto y quede bien,feliz
es que no entiendo como la gente puede ser asi bro,enojo
fijate que ya no aguanto esta situacion y no puedo evitarlo,enojo
para serte honesto me fue muy mal en el examen pero ya no puedo mas,triste
lo que pasa es que mi jefe quedo contento con mi trabajo y eso me tiene mal,feliz
es que me respondieron que si al proyecto y me cuesta aceptarlo,feliz
la verdad hoy me di cuenta que avance mucho y no se que hacer,feliz
ultimamente ya no quiero esforzarme sinceramente,triste
no tengo ganas de nada ultimamente y me afectó mucho,triste
sinceramente me quede sin trabajo y no se que hacer de verdad,triste
la verdad se murio mi perro esta mañana y no sé qué hacer,triste
mira lo que paso me hicieron una videollamada sorpresa y quisiera que alguien me ayudara,feliz
es que no entendi el tono del mensaje y me confundi y me afecta mucho,triste
ahora mismo dijeron cosas que no son verdad sobre mi y me tiene mal,enojo
ultimamente por fin me contestaron de verdad,feliz
hoy me toco irme del barrio que queria,triste
me trataron muy mal sin razon y me tiene mal,enojo
es que hoy fue exactamente lo que necesitaba men,feliz
ayer me compre una moto y no sé qué hacer,feliz
no te miento me siento desconectado de todo y ya,triste
defendi mi proyecto y quede bien pero necesitaba decirlo,feliz
fijate que hoy fue un parche buenisimo parce,feliz
te digo que que dia tan especial fue hoy para todos y es lo mejor que me paso,feliz
me salio la receta que estaba intentando bro,feliz
ahora mismo me dijeron que cambie como si estuviera mal ser yo sinceramente,triste
me mandaron audio de voz gritando pero ya no puedo mas,enojo
la verdad me descuentan del sueldo cosas que no firmé y me cuesta mucho,enojo
realmente estoy muy contento ultimamente,feliz
para serte honesto no supe como responder y ahora me arrepiento,triste
no te miento me faltaron el respeto y no se que hacer,enojo
me cobraron de mas y no me quieren devolver y ya,enojo
sinceramente no se si lo que estoy haciendo es lo correcto y ya,miedo
sinceramente me siento muy triste y desolado y no lo puedo superar,triste
lo que es cierto es que me hace muy feliz lo que hiciste,feliz
fijate que termine la semana sin ningun problema y trato de disimularlo,feliz
no te miento me siento en paz sinceramente,feliz
en este momento estoy demasiado molesto todo el tiempo,enojo
hoy tengo que entregar algo mañana y no empece y no sé qué hacer,miedo
oye me toco vender el carro que tanto queria y ya,triste
es que se burlaron de algo que me costo decir y no se como manejarlo,enojo
es que me canse de pedir lo mismo sin resultado y nadie lo entiende,enojo
fijate que hoy me di cuenta que avance mucho de verdad,feliz
desde hace dias ya no esta la persona que queria y necesito que alguien me entienda,triste
me frustras mucho con eso y ya me canse,enojo
no se si lo que estoy haciendo es lo correcto y me cuesta aceptarlo,miedo
me alegra ver que todo salio bien y no lo puedo creer,feliz
no se como decirlo sin que se enojen pero ya no puedo mas,miedo
desde ayer estoy muy enojado ultimamente,enojo
estoy muy apagado sin poder sonreir y quisiera que no fuera así,triste
la verdad es que estoy muy angustiado con las noticias de hoy y no se que hacer,miedo
me siento muy solo en esta ciudad y me cuesta mucho,triste
en este momento todo me pone mal y me afecta mucho,triste
te digo que estoy muy emocionado con lo que viene,feliz
sinceramente me da ansiedad conocer gente nueva la verdad,miedo
lo que pasa es que perdi la materia que mas me esforcé pero necesitaba decirlo,triste
tengo ansiedad de pensar en todo lo que falta y nadie lo entiende,miedo
me comparo mucho con los demas y me hace mal la verdad,triste
de verdad estoy muy decaido y sin esperanza y no lo puedo superar,triste
fijate que me da terror mostrarme como soy de verdad y me afecta mucho,miedo
me da terror pensar en esa posibilidad,miedo
hoy me da pena que se den cuenta que no entendi,miedo
ya no tengo fuerzas para nada otra vez,triste
mira me cambiaron el turno sin avisarme parce,enojo
oye hicieron como si yo no existiera en la reunion,enojo
te digo que estoy muy agradecido por este momento y estoy muy contento,feliz
mira me siento muy solo en esta ciudad parce,triste
te cuento que me llamaron para el trabajo en medellin y no puedo evitarlo,feliz
en serio me aprobo el credito el banco,feliz
todo el mundo parece tener todo claro menos yo y nadie lo entiende,triste
es que me pone muy nervioso tener que dar explicaciones y me tiene mal,miedo
hoy fue maravilloso,feliz
hoy nadie me escucha todo el tiempo,triste
la verdad me tiene muy bajoneado lo que paso,triste
la verdad me tienen muy mamado con esa vuelta de verdad,enojo
oye no puedo mas con tanto otra vez,triste
me canse de esperar que las cosas cambien solas,triste
fijate que si me cai en el trabajo,triste
siento tristeza y desesperanza ahora y quisiera que no fuera así,triste
siento una inquietud muy grande ahora y eso me preocupa mucho,miedo
la verdad siento demasiado temor en este momento,miedo
fijate que no entiendo nada y me da verguenza preguntar y me tiene agotado,triste
lei el mensaje mal y arruine todo y no puedo evitarlo,triste
mira me encontre con un amigo que no veia hace tiempo y ya,feliz
parce me pusieron a hacer el trabajo de todos y me tiene mal,enojo
no te miento perdi algo muy importante y no se que hacer,triste
hoy que alegria me da ver tus logros en serio,feliz
en serio no me merecia este trato y ya,enojo
te cuento que me duele el alma sinceramente,triste
ahora mismo siento que a nadie le importo y necesito que alguien me entienda,triste
no te miento me angustia no saber como interpretar eso y nadie lo entiende,miedo
fijate que me cambiaron el turno sin avisarme,enojo
fijate que me siento realizado y me afecta mucho,feliz
en serio que bonita sorpresa me llevé hoy,feliz
te digo que que buena suerte la mia hoy sin duda,feliz
es que me faltaron el respeto y no puedo evitarlo,enojo
lo que pasa es que me prometieron que no volveria a pasar pero ya no puedo mas,enojo
ahora mismo siento que no soy tan inteligente como los demas y trato de disimularlo,triste
me pone muy feliz lo que dijiste,feliz
te digo que tengo panico de que algo me pase,miedo
ultimamente nadie me eligio para su equipo y eso me tiene mal,triste
me saca de quicio tu actitud en serio,enojo
que dia tan bueno fue este,feliz
desde hace dias me pusieron el visto y luego respondieron bien pero ya no puedo mas,feliz
en serio tengo miedo de que me rechacen si digo lo que pienso la verdad,miedo
te digo que me siento muy motivado y feliz,feliz
fijate que me aterra quedar mal frente a todos y me tiene mal,miedo
men siento que finjo estar bien tan seguido que ya ni se y no puedo evitarlo,triste
la verdad me da terror enfrentar esto solo y necesito que alguien me entienda,miedo
el partido de colombia salio bien,feliz
vieja me tienen hasta la coronilla,enojo
mira estoy que no me la creo y no es facil,feliz
sinceramente me dieron la beca de la universidad publica parce,feliz
en serio tengo miedo de que me rechacen si digo lo que pienso pero bueno,miedo
te digo que siento una tristeza que no me abandona y no lo puedo superar,triste
de verdad estoy muy triste con lo que paso y no lo puedo superar,triste
ahora mismo me siento completo y necesito que alguien me entienda,feliz
sinceramente me cayo del cielo esa noticia,feliz
fijate que siento que se me acaba el tiempo,miedo
es que me siento muy lejos de todos y no se que hacer,triste
oye me respondieron con mala actitud sin razon y no se que hacer,enojo
hoy me salio el cupo en el sena y no puedo evitarlo,feliz
ultimamente siento que el tiempo se me acaba y no he hecho nada la verdad,miedo
hoy me dejaron pero bueno,triste
ahora mismo esto me molesta demasiado en este momento,enojo
parce aprobe todas las materias este semestre pero bueno,feliz
la verdad me siento muy bien con mi proceso y no es facil,feliz
es que tuve que dejar mis estudios de verdad,triste
me da muy duro enfrentar esa conversacion pero bueno,miedo
la verdad me da muy duro enfrentar esa conversacion,miedo
no te miento estoy muy mamado de todo y no puedo evitarlo,triste
me robaron la moto,enojo
estoy muy bravo con lo que paso y me cuesta mucho,enojo
hoy las cosas ya no son como antes y nadie lo sabe,triste
oye me regalaron algo que queria hace mucho sinceramente,feliz
te cuento que me salio rico lo que cocine y me afecta mucho,feliz
la verdad fallecio alguien cercano y me tiene mal,triste
fijate que me pusieron a hacer el trabajo de todos,enojo
en este momento me siento excelente de verdad,feliz
me regalaron algo que queria hace mucho y me afecta,feliz
sinceramente no estudie suficiente para esto de verdad,miedo
de verdad estoy emocionado con las noticias,feliz
es que siento que el tiempo paso y yo no hice nada y no se que hacer,triste
mira me toca salir tarde y me da miedo en la calle,miedo
la verdad es que me saca de mis casillas esto y eso no esta bien,enojo
es que pase el semestre sin perder nada pero necesitaba decirlo,feliz
en este momento todo me irrita y me afecta mucho,enojo
me da ansiedad abrir ese chat y me tiene agotado,miedo
sinceramente me interrumpieron cada vez que hable y quisiera que alguien me ayudara,enojo
es que me di cuenta que nadie me busca si yo no busco y me cuesta aceptarlo,triste
oye tengo los mejores amigos todo el tiempo,feliz
fijate que extraño mucho a las personas que ya no estan,triste
sinceramente pase el dia en cama y necesito que alguien me entienda,triste
mi mejor amigo se fue para otro pais y ya,triste
para serte honesto me fallaron cuando mas los necesitaba y necesito que alguien me entienda,triste
sinceramente me siento muy solo y abandonado y no lo puedo superar,triste
que dia tan productivo tuve hoy y estoy muy agradecido,feliz
siento mucho miedo en este momento y no se que hacer,miedo
extraño como era todo antes y nadie lo sabe,triste
la verdad todo me da miedo todo el tiempo,miedo
es que cumpli la meta que me habia puesto,feliz
hoy hoy me senti muy a gusto con todo y nadie lo sabe,feliz
desde hace dias me prometieron que no volveria a pasar y trato de disimularlo,enojo
es que no se que va a pasar con mi vida y es agotador,miedo
te cuento que me tiene muy intranquilo todo esto,miedo
en este momento todo me pone mal por todo lo que paso,triste
honestamente me tienes cansado con eso,enojo
hoy me siento realizado y eso me pesa,feliz
desde hace dias me rindo de intentarlo y ya,triste
sinceramente siento que cargo con demasiado para mi edad men,triste
lo que pasa es que tuve que repetir lo mismo mil veces todo el tiempo,enojo
tengo miedo de que me quiten el trabajo,miedo
mira mi abuelo ya no esta y no se que hacer,triste
la verdad me dejaron solo en esto y me afecta mucho,triste
hermano mi familia se fue a vivir lejos y me siento solo y no es facil,triste
no te miento me encontre con un amigo que no veia hace tiempo la verdad,feliz
te juro que me molesta mucho tu actitud y no lo voy a tolerar,enojo
para serte honesto hoy fue un dia muy gris,triste
men me borraron un comentario que tenia toda la razon,enojo
desde hace dias estoy realmente indignado y me afecta mucho,enojo
parce no alcance el cupo en la universidad publica y me cuesta mucho,triste
la verdad estoy muy mamado de todo parce,triste
no me dejaron terminar de hablar de verdad,enojo
desde hace dias pude mantener una conversacion sin angustiarme pero necesitaba decirlo,feliz
te digo que estoy muy contento con el resultado,feliz
parce me cambiaron el turno sin avisarme de verdad,enojo
es que me canse de pedir lo mismo sin resultado y eso me tiene mal,enojo
la verdad voy a dormir toda la noche y me afectó mucho,feliz
oye mi familia esta bien y me afecta mucho,feliz
estoy muy mamado de todo y eso me duele,triste
en serio me tienen muy hastiado con lo mismo y ya,enojo
fijate que no se si voy a poder con esto otra vez,miedo
fijate que me ignoraron cuando tenia toda la razon y eso me duele,enojo
fijate que me fue de maravilla en la entrevista y me tiene mal,feliz
la verdad estoy muy enojado y no se que hacer,enojo
desde hace dias siento que no soy tan inteligente como los demas y no se como manejarlo,triste
es que siento que el tiempo paso y yo no hice nada de verdad,triste
fijate que me dieron acceso a la oportunidad que queria y no es facil,feliz
todo cambio de golpe y nadie lo sabe,triste
sinceramente estoy que no me la creo y ya,feliz
desde ayer estoy disfrutando mucho desde hace dias,feliz
hoy me siento solo aunque este rodeado de gente pero bueno,triste
ultimamente odio esta situacion y estoy cansado,enojo
honestamente que irresponsable eres con todo en serio,enojo
en serio me piden experiencia para un trabajo de principiante y no puedo evitarlo,enojo
la verdad me cambiaron las condiciones a ultimo momento,enojo
me siento muy achantado hoy pero bueno,triste
mira lo que paso me reconocieron el esfuerzo en el trabajo,feliz
la verdad es que me duele mucho haber fallado en eso,triste
fijate que se llevaron el credito de lo que yo hice y no puedo evitarlo,enojo
saque mi licencia de conducir pero necesitaba decirlo,feliz
no te miento me rindo de intentarlo de verdad,triste
en serio estoy demasiado angustiado para pensar y no lo puedo ocultar,miedo
en serio tengo miedo de tomar la decision equivocada otra vez,miedo
sinceramente estoy muy preocupado desde hace dias,miedo
es que me dieron la beca de la universidad publica y ya,feliz
te juro que nadie me eligio para su equipo pero necesitaba decirlo,triste
es que me tocó repetir el tramite porque perdieron mis papeles y no puedo evitarlo,enojo
no se si contarte pero mi grupo de trabajo funciono muy bien y me tiene agotado,feliz
ultimamente tengo miedo de tomar la decision equivocada y no puedo evitarlo,miedo
en serio me tratan diferente y no entienden por que me molesta y me afecta mucho,enojo
en serio dije algo que no quise decir y no se como explicarlo y me pesa cargarlo solo,triste
me da pena decirlo pero tengo panico de decir algo y que lo malinterpreten y no se que hacer,miedo
hoy se rieron de como me exprese y eso me tiene mal,enojo
hoy me escribieron solo para reclamarme y no es facil admitirlo,enojo
ultimamente por fin lo logre y no puedo evitarlo,feliz
hermano me da mucha pena decirle eso a la gente y no puedo evitarlo,miedo
hoy tengo ansiedad y no se que hacer,miedo
te cuento que mi familia esta pasando un momento muy dificil de verdad,triste
perdi algo muy importante y necesito que alguien me entienda,triste
ultimamente me trataron como si no existiera y es agotador,enojo
para serte honesto me echaron la culpa de lo que salio mal sinceramente,enojo
termine mi tesis y me afecta,feliz
bro me dicen que exagero cuando digo como me siento,enojo
te digo que siento que no tengo proposito,triste
mira lo que paso me da panico equivocarme y que no me perdonen y quisiera que alguien me ayudara,miedo
lo que pasa es que no se como decirlo sin que se enojen sinceramente,miedo
honestamente me hicieron perder el tiempo desde hace dias,enojo
no te miento termine todo lo que tenia pendiente y no puedo evitarlo,feliz
fijate que me mandaron audio de voz gritando y no lo digo seguido,enojo
sinceramente me siento increible esta semana,feliz
la verdad estoy agotado de tener que explicar como me siento,triste
desde hace dias pase el semestre sin perder nada y no se como manejarlo,feliz
no se si estoy listo para esto pero no digo nada,miedo
mira me llegó una carta del juzgado y no se que es y ya,miedo
mira me trataron como si no existiera,enojo
fijate que me aterra quedar mal frente a todos y nadie lo sabe,miedo
todo cambio de golpe de verdad,triste
lo que pasa es que me senti aceptado como soy y eso me tiene mal,feliz
ahora mismo me trataron como si no existiera y necesito que alguien me entienda,enojo
ultimamente no duermo de la preocupacion y no se que hacer,miedo
siento que ya no tengo fuerzas para nada de verdad,triste
te cuento que pague y no me dieron lo que ofrecieron sinceramente,enojo
me cambiaron el trabajo sin consultarme pero necesitaba decirlo,enojo
hoy me siento horrible otra vez,triste
fijate que estoy apostando todo a esto y no puedo evitarlo,miedo
hoy todo el transporte me funciono perfecto y me cuesta aceptarlo,feliz
es que me paraliza no saber cual es el camino correcto,miedo
definitivamente estoy muy contento ultimamente,feliz
sabes que estoy muy contento con lo que paso y no lo puedo creer,feliz
sinceramente me puse a pensar en lo peor y no puedo parar de verdad,miedo
te digo que que bonita sorpresa me llevé hoy y estoy muy contento,feliz
me prometieron el trabajo y al final le dieron a otro parce,enojo
es que todo esta fluyendo muy bien ultimamente y ya,feliz
por fin me compre lo que queria,feliz
hoy me case hoy pero bueno,feliz
hoy fue un dia muy chévere hermano,feliz
fijate que subi algo y nadie reacciono y me senti invisible men,triste
ya nada es igual,triste
mira se burlaron de mi y me afecta mucho,enojo
sinceramente me duele mucho lo que significa esto y me duele mucho,triste
es que me echaron la culpa de algo que no hice de verdad,enojo
eres muy desconsiderado con los demas y no lo voy a tolerar,enojo
vieja tengo panico de que me pregunten algo en clase y me cuesta mucho,miedo
hermano me trataron como si yo fuera el problema,enojo
hoy me pidieron que fuera a recursos humanos la verdad,miedo
sinceramente tengo temor de que todo salga mal y me tiene muy nervioso,miedo
sinceramente no entendi bien el tono y eso me tiene angustiado y me afecta mucho,miedo
es que estoy muy bravo con lo que paso,enojo
fijate que me fue muy mal en el examen y no se como manejarlo,triste
que descarado eres en serio y me parece muy mal,enojo
la verdad me hicieron perder el tiempo de verdad,enojo
hoy abusaron de mi confianza y me tiene mal,enojo
sinceramente me borraron un comentario que tenia toda la razon y no se que hacer,enojo
hoy estoy muy ilusionado con lo que viene pero no digo nada,feliz
en serio no puedo dejar de preocuparme y eso me pesa,miedo
vieja me tienen muy hastiado con lo mismo,enojo
para serte honesto me tratan diferente y no entienden por que me molesta y nadie lo entiende,enojo
hoy fue un dia muy gris sinceramente,triste
lo que pasa es que se burlaron de algo que me costo decir sinceramente,enojo
estoy muy contento con lo que paso y no lo puedo creer,feliz
hoy que dia tan especial fue hoy para todos,feliz
sinceramente me cancelaron a ultimo momento y me tiene mal,enojo
en serio hoy me senti muy a gusto con todo y ya,feliz
lo que pasa es que me faltaron el respeto y no puedo evitarlo,enojo
oye mi mejor amigo se fue para otro pais y me tiene mal,triste
sinceramente llegue y me dijeron que no habia cupo pero bueno,enojo
en serio me comi algo rico y me alegro el dia de verdad,feliz
se aprovecharon de que no sabia pero necesitaba decirlo,enojo
oye me canse de pedir lo mismo sin resultado y quisiera que alguien me ayudara,enojo
oye me encontre plata en un bolsillo que no sabia y nadie lo entiende,feliz
ahora mismo me da mucha rabia desde hace dias,enojo
te cuento que perdi mi negocio y no se como seguir,triste
realmente me siento lleno de energia y eso me alegra,feliz
estoy muy bravo con lo que paso y eso me duele,enojo
la verdad no puedo creer que hayan hecho eso,enojo
no te miento tengo miedo de que sea algo grave y no puedo evitarlo,miedo
me cuesta aceptar que eso ya termino y ya,triste
estoy muy asustado sin saber que hacer,miedo
te juro que hable con alguien nuevo y no fue tan malo y me tiene agotado,feliz
vieja me fue bien en el icfes parce,feliz
ahora mismo estoy harto de todo desde hace dias,enojo
fijate que me llamaron de la empresa y no dijeron para que hermano,miedo
mira tengo ansiedad de pensar en todo lo que falta pero bueno,miedo
oye me hicieron sentir especial sinceramente,feliz
me indigna tu forma de actuar de verdad,enojo
no puedo evitar que me aterra quedarme sin opciones y no se que hacer,miedo
hoy me siento destruido otra vez,triste
para serte honesto no quiero mandar el audio por miedo a como sueno y quisiera que alguien me ayudara,miedo
te cuento que estoy con una nota hoy y nadie lo sabe,feliz
mira ya no tengo fuerzas para nada y necesito que alguien me entienda,triste
desde ayer todo esta empeorando desde hace dias,triste
men ya no aguanto mas esa situacion de verdad,enojo
sinceramente tengo panico de perder lo que tengo y eso me preocupa mucho,miedo
de verdad me duele mucho lo que dijiste y quisiera que no fuera así,triste
mira tengo miedo de que me quiten el trabajo de verdad,miedo
te juro que me echaron la culpa de lo que salio mal y no puedo evitarlo,enojo
se aprovecharon de la buena fe mia y nadie lo sabe,enojo
la verdad me reportaron sin motivo y me bloquearon la cuenta y no puedo evitarlo,enojo
te cuento que no quiero que me hables mas todavía,enojo
parce me tiene muy triste esta vuelta,triste
oye siento que algo malo va a pasar y eso me pesa,miedo
desde ayer todo me afecta demasiado ultimamente,triste
bro usaron mis ideas sin darme credito,enojo
la verdad tengo panico de fallar cuando todos confian en mi la verdad,miedo
sinceramente lei el mensaje mal y arruine todo y me cuesta mucho,triste
mira que mañana tengo examen y no he estudiado,miedo
no te miento salimos a rumbear y la pase muy bien y no es facil,feliz
para serte honesto me preocupa no poder lograrlo otra vez,miedo
fijate que mi familia esta pasando un momento muy dificil y me tiene mal,triste
es que hoy fue un parche buenisimo y ya,feliz
ultimamente me paralizo cuando tengo que decidir y no se que hacer,miedo
hermano hicimos una reunioncita y quedo muy buena,feliz
desde hace dias tengo panico de decir algo y que lo malinterpreten y no se que hacer,miedo
en serio estoy muy apenado y no se que decir y no se como seguir,triste
en serio me salio el cupo en el sena y no puedo evitarlo,feliz
hoy siento que algo no esta bien aunque todo parece normal la verdad,miedo
sinceramente me siento orgulloso,feliz
la verdad me sacaron de la jugada sin ninguna explicacion pero bueno,enojo
lo que pasa es que eres un egoista de primera,enojo
siento un temor muy grande ahora mismo,miedo
mira lo que paso me respondio el mensaje que esperaba y quisiera que alguien me ayudara,feliz
sinceramente no tolero mas esta situacion,enojo
te cuento que me tiene muy triste esta vuelta y eso me duele,triste
de verdad eres una persona muy egoista,enojo
en serio usaron lo que les conte en mi contra pero ya no puedo mas,enojo
oye me mandaron un audio muy lindo y no lo digo seguido,feliz
en este momento me siento lleno de energia y no se que hacer,feliz
que fastidio eres en serio y no lo voy a tolerar,enojo
parce me hicieron fila tres horas y no me atendieron la verdad,enojo
te digo que me dicen que deberia estar agradecido por poco y ya,enojo
en serio tengo miedo de responder mal y arruinar todo de verdad,miedo
fijate que me dieron la visa y ya,feliz
men tengo miedo de llegar a cierta edad sin haber logrado nada y me afecta,miedo
oye me mintieron en mi cara de verdad,enojo
es que me tocó repetir el tramite porque perdieron mis papeles,enojo
ahora mismo estoy agotado emocionalmente todo el tiempo,triste
fijate que me da susto pedir el favor porque me da pena parce,miedo
en serio me tiene muy molesto que nadie haga nada pero bueno,enojo
llegué a casa después de un día largo y encima tuve que aguantar eso,enojo
vieja me da pena que se den cuenta que no entendi y ya,miedo
la verdad tengo miedo de hablar esta semana,miedo
bro todo el mundo esta en planes y yo solo en casa de verdad,triste
la verdad estoy muy enojado desde hace dias,enojo
oye que fastidio eres en serio y me parece muy mal,enojo
realmente estoy demasiado molesto de verdad,enojo
sinceramente siento que no soy tan inteligente como los demas y me cuesta mucho,triste
si esto no funciona no se que voy a hacer y nadie lo sabe,miedo
me salio rico lo que cocine y no se que hacer,feliz
la verdad es que que alegria tan grande la que siento en serio,feliz
ahora mismo entregue el proyecto a tiempo y me cuesta mucho,feliz
me cayo del cielo esa noticia parce,feliz
fijate que me asusta mucho lo que esta pasando en el barrio y no es facil,miedo
mira no se como va a terminar esto y me tiene mal,miedo
en serio me siento muy solo en esta ciudad y ya,triste
desde hace dias no supe si era una broma o algo serio pero necesitaba decirlo,triste
me da ansiedad ver cuanta gente vio mi historia,miedo
sinceramente me dijeron que era mi culpa cuando no lo era y no puedo evitarlo,enojo
no te miento me tiene completamente harto y necesito que alguien me entienda,enojo
me da mucha pena decirle eso a la gente y me tiene mal,miedo
no puedo evitar que siento una angustia que me paraliza y eso me preocupa mucho,miedo
la verdad estoy demasiado cansado y me duele mucho,triste
en serio quedamos de una con el plan parce,feliz
es que me da pavor pensar en eso,miedo
hoy mi familia esta pasando un momento muy dificil y no puedo evitarlo,triste
ultimamente todo esta mejorando otra vez,feliz
fijate que algo me dice que las cosas van a cambiar mal y me tiene mal,miedo
hoy odio esta situacion desde hace dias,enojo
te juro que no se para donde voy y eso me asusta y me pone triste,triste
realmente hoy fue maravilloso otra vez,feliz
en serio me siento muy mal por todo lo vivido de verdad,triste
en serio me dejo mi novia y estoy muy bajoneado y me tiene mal,triste
en serio me contactaron por mi trabajo y quede feliz y me tiene pensando mucho,feliz
realmente nada tiene sentido desde hace dias,triste
lo que pasa es que no me dejaron hablar y me afecta mucho,enojo
para serte honesto siento que no tengo control de nada y me tiene mal,miedo
fijate que logre terminar algo que habia dejado pendiente y no lo digo seguido,feliz
es que compre mi primera casa pero bueno,feliz
ahora mismo me siento nervioso y no puedo dormir,miedo
la verdad es que me alegra mucho haberte visto hoy y es lo mejor que me paso,feliz
fijate que hoy fue un parche buenisimo la verdad,feliz
ahora mismo minimizaron lo que sentia de verdad,enojo
tengo un presentimiento malo muy fuerte y me tiene muy nervioso,miedo
la verdad estoy muy preocupado desde hace dias,miedo
oye estoy que no me la creo,feliz
me pone muy nervioso hablar en publico todo el tiempo,miedo
me case hoy y me tiene mal,feliz
fijate que nadie me eligio para su equipo pero necesitaba decirlo,triste
ahora mismo me bloqueo sin darme una explicacion y quisiera que alguien me ayudara,triste
te cuento que me faltaron el respeto delante de todos,enojo
es que estrene mi apartamento,feliz
no te miento no estudie suficiente para esto pero bueno,miedo
fijate que tengo miedo de que me vaya mal en las parciales de verdad,miedo
es que me llegó una carta del juzgado y no se que es parce,miedo
ultimamente hoy amaneci con mucha energia y me tiene mal,feliz
en serio me echaron la culpa de algo que no hice y necesito que alguien me entienda,enojo
sinceramente me da terror lo que pueda pasar despues,miedo
ahora mismo ya no aguanto mas ultimamente,enojo
es que estoy muy asustado con las noticias,miedo
oye llegue a tiempo a todo otra vez,feliz
te digo que estoy muy apagado y sin motivacion y no lo puedo superar,triste
ultimamente estoy demasiado molesto desde hace dias,enojo
te cuento que me tiene angustiado no saber que va a pasar todo el tiempo,miedo
vieja me pusieron a hacer el trabajo de todos y me cuesta mucho,enojo
mira me mandaron un mensaje raro y no entiendo que quieren,miedo
sinceramente me siento muy mal por todo lo vivido y no se como seguir,triste
te juro que termine todo lo que tenia pendiente y trato de disimularlo,feliz
ya no hablo con mi parcero de toda la vida y no puedo evitarlo,triste
ultimamente tengo miedo de haber arruinado algo sin saberlo y no es facil admitirlo,miedo
sinceramente aprobe el examen la verdad,feliz
sinceramente todo esta mejorando desde hace dias,feliz
es que siento que me quede atras la verdad,triste
sinceramente me fallaron cuando mas los necesitaba,triste
sinceramente esto me parece una falta de respeto total y no lo puedo ocultar,enojo
tengo miedo de responder mal y arruinar todo la verdad,miedo
es que me tiene muy preocupado lo que esta pasando pero bueno,miedo
me siento muy achantado hoy parce,triste
la verdad estoy pasando un gran momento y me afecta mucho,feliz
ahora mismo ya no tengo fuerzas para nada pero no digo nada,triste
la verdad es que que buen trabajo hiciste hoy en serio,feliz
mira me graduo este mes la verdad,feliz
hoy me siento lleno de energia,feliz
es que borre todas mis fotos porque no me gustaba nada de verdad,triste
oye siento que nadie me toma en serio y no lo digo seguido,enojo
es que siento que la estoy embarrando en todo pero bueno,triste
estoy muy agradecido por este momento sin duda,feliz
no se me dicen que me esfuerce mas cuando ya doy todo y no se que hacer,enojo
en serio capturaron una conversacion privada y la compartieron,enojo
de verdad siento una tristeza que no puedo explicar,triste
perdi mi negocio y no se como seguir parce,triste
tengo mucho miedo de lo desconocido,miedo
oye publicaron algo mio sin pedirme permiso de verdad,enojo
en serio tengo miedo de responder mal y arruinar todo y ya,miedo
sinceramente me cansa tu falta de madurez y punto,enojo
la verdad me cambiaron el turno sin avisarme,enojo
definitivamente me siento sin energia por todo lo que paso,triste
mira lo que paso pude expresarme sin que me juzgaran y no es facil admitirlo,feliz
honestamente me parece increible tu actitud y ya me canse,enojo
desde ayer tengo ansiedad en este momento,miedo
realmente todo esta mejorando todo el tiempo,feliz
desde hace dias no es la primera vez y eso me tiene agotado pero ya no puedo mas,enojo
siento una tristeza muy grande ahora,triste
me irritas con ese comportamiento en serio,enojo
la verdad es que mi jefe quedo contento con mi trabajo pero necesitaba decirlo,feliz
oye me copiaron el contenido y ni siquiera lo cambiaron pero bueno,enojo
hoy me cobraron mas de lo que decia el precio,enojo
en serio me alegra mucho el resultado final y estoy muy agradecido,feliz
la verdad es que estoy muy asustado con la situacion de verdad,miedo
ultimamente me siento inseguro desde hace dias,miedo
en serio me bloqueo sin darme una explicacion y no se que hacer,triste
la verdad es que estoy muy satisfecho con todo lo hecho,feliz
no te miento me toca salir tarde y me da miedo en la calle,miedo
oye tengo miedo de que me rechacen si digo lo que pienso y no lo digo seguido,miedo
fijate que mi novia me engañó con una mujer todavía,enojo
mira lo que paso me paraliza la idea de tener que hablar en grupo pero ya no puedo mas,miedo
no te miento me fallaron cuando mas los necesitaba y me afecta mucho,triste
hoy dijeron mentiras sobre mi en redes y me tiene pensando mucho,enojo
la verdad me tiene angustiado no saber que va a pasar y es agotador,miedo
es que hoy hice algo que me daba mucho miedo y salio bien y no puedo evitarlo,feliz
ultimamente me siento completo otra vez,feliz
me comi algo rico y me alegro el dia y no se que hacer,feliz
la verdad no se si voy a poder con esto y eso me pesa,miedo
definitivamente me siento destruido otra vez,triste
me asusta mucho lo que esta pasando en el barrio y no se que hacer,miedo
ultimamente todo me hace enojar desde hace dias,enojo
que maravilloso es sentirse asi sin duda,feliz
me siento muy bien en este momento,feliz
mira logre lo que queria y me afecta mucho,feliz
me pusieron obstaculos que no tenian sentido,enojo
mira lo que paso me mandaron un mensaje muy agresivo pero necesitaba decirlo,enojo
desde ayer todo salio perfecto y me afecta mucho,feliz
ahora mismo todo me genera ansiedad ultimamente y necesito que alguien me entienda,miedo
es que me hicieron sentir especial la verdad,feliz
hoy tengo ansiedad ultimamente,miedo
hoy siento que perdi una etapa de mi vida de verdad,triste
nadie reconocio lo que aporte y me cuesta mucho,enojo
sinceramente estoy muy asustado con lo que se avecina y no se que hacer,miedo
la verdad ya no tengo fuerzas para nada y ya,triste
la verdad me da ansiedad publicar algo y que lo juzguen pero bueno,miedo
parce tengo miedo de que me vaya mal en las parciales,miedo
no se si contarte pero nadie me eligio para su equipo y no se como manejarlo,triste
ultimamente me siento vacio,triste
que descaro tan grande el de esa gente y me cuesta mucho,enojo
oye me da ansiedad ver cuanta gente vio mi historia y me cuesta aceptarlo,miedo
borre todas mis fotos porque no me gustaba nada y no es facil,triste
hoy me tiene muy cansado esta gente y me tiene mal,enojo
la verdad me fue bien en el icfes y ya,feliz
tengo un presentimiento muy malo,miedo
de verdad me molesta tu actitud de siempre,enojo
sinceramente el profesor me humillo frente a todos y no puedo evitarlo,triste
mira me salio redondo todo hoy la verdad,feliz
ahora mismo me fallaron cuando mas los necesitaba y necesito que alguien me entienda,triste
es que estoy esperando una respuesta y me tiene nervioso y no lo puedo ocultar,miedo
para serte honesto me cambiaron el trabajo sin consultarme y me cuesta mucho,enojo
para serte honesto siento que no tengo control de nada pero no digo nada,miedo
lo que pasa es que me angustia no saber como interpretar eso y me pesa cargarlo solo,miedo
te juro que hicieron como si yo no existiera en la reunion de verdad,enojo
la verdad me duele mucho esto desde hace dias,triste
ya no quiero hablar de eso porque nadie entiende bro,triste
me cobraron de mas y no me quieren devolver,enojo
ahora mismo estoy demasiado molesto y eso empeora todo,enojo
sinceramente hoy descanse muy bien sinceramente,feliz
para serte honesto me hablaron muy mal y ya,enojo
lo que pasa es que me da terror mostrarme como soy de verdad y no lo digo seguido,miedo
sinceramente estoy realmente indignado y es agotador,enojo
de verdad me duele mucho haber llegado a esto,triste
la verdad me siento completo sinceramente,feliz
ahora mismo llevo dias aguantando esto y ya no puedo y me cuesta mucho,enojo
me puse a pensar en lo peor y no puedo parar de verdad,miedo
mira tengo miedo de que mis sueños no sean suficientes pero bueno,miedo
hoy que buenas noticias me llegaron hoy,feliz
fijate que tengo miedo de que no me entiendan de verdad,miedo
mira me asusta mucho lo que esta pasando en el barrio,miedo
hoy me siento lleno de energia todo el tiempo,feliz
sinceramente me angustia no saber si estoy en el camino correcto,miedo
bro me angustia no tener todo claro a mi edad la verdad,miedo
lo que pasa es que me da una ira terrible sin excusas,enojo
ultimamente tengo miedo de que me juzguen y no se que hacer,miedo
me llamaron de un numero desconocido,miedo
hermano me quede sin trabajo y no se que hacer de verdad,triste
no logre lo que esperaba y necesito que alguien me entienda,triste
lo que pasa es que me enfurece que actuen asi y me afecta mucho,enojo
hoy me paraliza la idea de tener que hablar en grupo pero necesitaba decirlo,miedo
hoy ya no quiero hablar por todo lo que paso,triste
me cuesta aceptar que eso ya termino,triste
en serio que descarado eres en serio y ya me canse,enojo
tengo temor de que todo cambie de golpe de verdad,miedo
me tienes cansado con eso y punto,enojo
hoy hoy fue maravilloso desde hace dias,feliz
la verdad es que siento una tristeza que no puedo superar,triste
me robaron el celular y estoy muy mal hermano,triste
fijate que tengo panico de no saber como actuar en esa situacion y no es facil admitirlo,miedo
me tocó repetir el tramite porque perdieron mis papeles y me tiene mal,enojo
siento una pena enorme que no pasa y quisiera que no fuera así,triste
para serte honesto me da pavor equivocarme y no puedo evitarlo,miedo
la verdad es que me pone feliz ver tu progreso y no lo puedo creer,feliz
el resultado me tiene muy angustiado y me afecta mucho,miedo
en serio nadie entendio como me sentia la verdad,triste
parce quede muy contento con el resultado y ya,feliz
la verdad es que siento que nadie me toma en serio y me pesa cargarlo solo,enojo
no te miento me pone muy nervioso hablar en publico todo el tiempo,miedo
lo que pasa es que me reconocieron el esfuerzo en el trabajo y no se como manejarlo,feliz
hoy me siento invisible todo el tiempo,triste
mira me da susto pedir el favor porque me da pena la verdad,miedo
desde ayer me siento sin energia,triste
ahora mismo me fallaron cuando mas los necesitaba todo el tiempo,triste
hoy me dejo mi novia y estoy muy bajoneado pero bueno,triste
es que defendi mi proyecto y quede bien y nadie lo sabe,feliz
mira me saca de quicio que no cambien nada,enojo
hoy me tiene muy triste esta vuelta parce,triste
la verdad me siento derrotado esta semana,triste
oye sonrei todo el tiempo pero por dentro lloraba y nadie lo entiende,triste
mira que nada me da ganas ultimamente y me afectó mucho,triste
desde ayer me siento increible por todo lo que paso,feliz
en este momento me siento lleno de energia en este momento,feliz
en serio estoy muy apagado y sin motivacion,triste
me da pena decirlo pero me respondieron con mala actitud sin razon y eso me tiene mal,enojo
realmente hoy fue un gran dia todo el tiempo,feliz
ultimamente alguien me entendio sin que yo explicara mucho y no puedo evitarlo,feliz
me produce mucho enojo esto y me parece muy mal,enojo
bro tengo ansiedad de pensar en todo lo que falta,miedo
realmente hoy fue un mal dia y no se que hacer,triste
es que me siento re bien parce,feliz
hoy no duermo de la preocupacion y necesito que alguien me entienda,miedo
desde hace dias me siento completo sinceramente,feliz
en serio no puedo dejar de preocuparme pero no digo nada,miedo
tengo miedo de tomar una decision y que salga mal y ya,miedo
no te miento nada de lo que hago vale la pena y no lo puedo ocultar,triste
vieja me aterra quedar mal frente a todos hermano,miedo
vieja me tiene muy triste esta vuelta y no puedo evitarlo,triste
ahora mismo me sorprendieron hoy y me afecta mucho,feliz
desde ayer tengo miedo de hablar desde hace dias,miedo
ahora mismo me saca de quicio todo esto y me tiene mal,enojo
fijate que abusaron de mi confianza y no se que hacer,enojo
la verdad es que usaron lo que les conte en mi contra y no se como manejarlo,enojo
me independice por fin y nadie lo sabe,feliz
que bonito momento vivimos hoy y no lo puedo creer,feliz
no se si contarte pero me dijeron que exageraba y me tiene agotado,enojo
no te miento me hicieron fila tres horas y no me atendieron y eso me duele,enojo
hoy me dijeron que era muy sensible por sentirme mal pero necesitaba decirlo,enojo
mira nos separamos despues de mucho tiempo y no puedo evitarlo,triste
sinceramente me fue bien en la sustentacion y nadie lo entiende,feliz
la verdad me tienen muy hastiado con lo mismo pero bueno,enojo
hoy tengo ansiedad de pensar en todo lo que falta y me cuesta aceptarlo,miedo
estoy demasiado molesto todo el tiempo,enojo
la verdad es que siento panico cuando pienso en eso de verdad,miedo
es que siento que no tengo proposito y no se que hacer,triste
sinceramente todo salio excelente por todo lo que paso,feliz
la verdad estoy demasiado cansado en este momento,triste
me tiene muy irritado todo lo que esta pasando bro,enojo
hoy me independice por fin y me afecta,feliz
te cuento que mi familia esta bien y no lo puedo ocultar,feliz
tengo miedo de no poder salir adelante y no puedo calmarlo,miedo
es que me ignoraron durante horas,enojo
sinceramente todos parecen entender menos yo y me cuesta mucho,triste
te cuento que siento que perdi una etapa de mi vida,triste
en serio me contactaron por mi trabajo y quede feliz men,feliz
es que me angustia no tener todo claro a mi edad y ya,miedo
me siento muy lejos de todos la verdad,triste
fijate que me tiene muy angustiado esa situacion,miedo
en serio me tiene muy enojado esa situacion parce,enojo
la verdad las cosas ya no son como antes y me tiene mal,triste
de verdad estoy muy triste con lo que me paso,triste
fijate que hoy me pagaron y no sé qué hacer,feliz
no esperaba que me dijeran eso y me alegró mucho el día,feliz
sinceramente estoy muy bajo de animo hoy,triste
me da cosa pensar en lo que puede pasar si esto no sale bien,miedo
mira lo que paso me etiquetaron en algo que me alegro el dia pero necesitaba decirlo,feliz
la verdad es que no puedo creer tanta irresponsabilidad y me parece muy mal,enojo
ahora mismo hable con alguien nuevo y no fue tan malo y no puedo evitarlo,feliz
ultimamente me enfurece que actuen asi y ya,enojo
me siento horrible hoy todo el tiempo,triste
hermano me salio el cupo en el sena parce,feliz
mira me da pena que se den cuenta que no entendi y no puedo evitarlo,miedo
la verdad no tengo plan b si esto falla sinceramente,miedo
lo que pasa es que por fin termine el proyecto y me afecta mucho,feliz
mira me asusta mucho lo que esta pasando en el barrio la verdad,miedo
hoy me siento muy pleno con lo que estoy haciendo la verdad,feliz
fijate que me dieron la visa y me tiene mal,feliz
ahora mismo ya no quiero hablar y me afecta mucho,triste
es que mi equipo gano hoy y estoy feliz y no se que hacer,feliz
lo que es cierto es que me siento muy bien en este momento y es lo mejor que me paso,feliz
me da pena decirlo pero me prometieron que no volveria a pasar de verdad,enojo
realmente estoy demasiado cansado por todo lo que paso,triste
es que ya no tengo energia para nada de lo que antes me gustaba y nadie lo entiende,triste
te cuento que me independice por fin,feliz
te digo que hoy hice algo que me daba mucho miedo y salio bien,feliz
no te miento no se como va a terminar esto y necesito que alguien me entienda,miedo
me comi algo rico y me alegro el dia y no es facil,feliz
sinceramente me pone ansioso salir de casa y no puedo evitarlo,miedo
es que mi familia esta pasando un momento muy dificil,triste
extraño mucho a las personas que ya no estan de verdad,triste
ya nada es igual sinceramente,triste
hoy tengo ansiedad por lo que viene todo el tiempo,miedo
te digo que tengo panico de que algo malo pase y me tiene muy nervioso,miedo
es que manana es el dia y no estoy listo sinceramente,miedo
fijate que me llamaron de un numero desconocido,miedo
para serte honesto me corrigieron el tono sin escuchar lo que dije pero ya no puedo mas,enojo
no se si voy a poder con lo que viene la verdad,miedo
oye tengo panico de que me pregunten algo frente a todos y no es facil admitirlo,miedo
lo que pasa es que no entendi el tono del mensaje y me confundi,triste
ahora mismo me respondieron con mala actitud sin razon y no puedo evitarlo,enojo
siento que perdi algo muy importante y me duele mucho,triste
realmente me siento orgulloso,feliz
sinceramente todo me afecta demasiado por todo lo que paso,triste
vieja tengo miedo de que me rechacen si digo lo que pienso hermano,miedo
es que tengo miedo de llegar a cierta edad sin haber logrado nada de verdad,miedo
fijate que no se que va a pasar con mi vida y no se que hacer,miedo
sabes que estoy emocionado con las noticias y estoy muy agradecido,feliz
en serio me angustia pensar que quiza elegi mal mi carrera y no se que hacer,miedo
no puedo evitar que me asusta mucho pensar en el futuro,miedo
perdi mi trabajo hoy pero necesitaba decirlo,triste
mira no se si lo que estoy haciendo es lo correcto y ya,miedo
oye esto me parece una falta de respeto total y no se que hacer,enojo
me aprobo el credito el banco,feliz
la verdad siento que no tengo proposito y no es facil,triste
estoy muy molesto con lo que hicieron parce,enojo
hoy me dejo mi novia y estoy muy bajoneado de verdad,triste
me tocó pagar una multa que no era justa y no se que hacer,enojo
no alcance el cupo en la universidad publica y no puedo evitarlo,triste
mira me enfurece que actuen asi y me afecta mucho,enojo
lo que es cierto es que me alegra mucho haberte visto hoy y es lo mejor que me paso,feliz
oye me dejo de seguir en redes sociales y me tiene agotado,triste
me siento solo aunque este rodeado de gente men,triste
de verdad estoy muy satisfecho con mis decisiones y estoy muy contento,feliz
fijate que me echaron la culpa de algo que no hice y no lo puedo ocultar,enojo
me cambiaron el turno sin avisarme hermano,enojo
mira que te deseo y no lo puedo creer,feliz
me fui de la reunion antes porque no podia mas y me cuesta mucho,triste
es que estoy muy angustiado con las noticias de hoy,miedo
me hicieron perder el tiempo y no se que hacer,enojo
te cuento que me pone muy ansioso pensar en eso y me cuesta mucho,miedo
ultimamente no aguanto mas y no se que hacer,enojo
es que me dieron la beca de la universidad publica,feliz
te cuento que me tiene muy preocupado lo que esta pasando,miedo
en este momento todo esta mejorando y me afecta mucho,feliz
la verdad me angustia pensar que quiza elegi mal mi carrera y nadie lo entiende,miedo
no te miento estoy emocionalmente agotado y es agotador,triste
ahora mismo todo salio perfecto todo el tiempo,feliz
te cuento que pase el dia en cama y es agotador,triste
ahora mismo me siento inseguro y no puedo dormir,miedo
te deseo y no sé qué hacer,feliz
ultimamente nadie reconocio lo que aporte y no es facil admitirlo,enojo
que alegria me da ver tus logros de verdad,feliz
desde ayer estoy agradecido por todo todo el tiempo,feliz
fijate que hoy amaneci con toda la actitud de verdad,feliz
fijate que me da ansiedad cuando hay silencio en la conversacion de verdad,miedo
en serio me mintieron descaradamente en la cara parce,enojo
ultimamente hice algo que me daba miedo y salio bien y me pesa cargarlo solo,feliz
es que estoy muy asustado con lo que puede pasar,miedo
no quise hablar con nadie hoy y me afecta mucho,triste
mira me siento muy achantado hoy y eso me duele,triste
en serio me dieron el viernes libre y me pesa cargarlo solo,feliz
vieja me robaron el celular y estoy muy mal,triste
la verdad me respondieron con mala cara sin razon y me afecta,enojo
oye me costo mucho levantarme hoy la verdad,triste
desde ayer no soporto esta situacion ultimamente,enojo
no te miento hoy amaneci con toda la actitud de verdad,feliz
ahora mismo estoy esperando una respuesta y me tiene nervioso sinceramente,miedo
en serio hice algo que me daba miedo y salio bien y no se como manejarlo,feliz
en este momento me preocupa demasiado esto otra vez,miedo
de verdad que alegria tan grande la mia y estoy muy contento,feliz
sinceramente eso estuvo muy mal de tu parte,enojo
mira me tiene harto tu falta de respeto de verdad,enojo
hoy estrene mi apartamento y nadie lo sabe,feliz
me regañaron en el trabajo y no sé qué hacer,triste
no te miento me siento en paz y no puedo evitarlo,feliz
ultimamente no se como va a terminar esto,miedo
oye hoy no tuve que madrugar y lo disfrute la verdad,feliz
fijate que me despidieron hoy y no lo puedo creer,triste
sinceramente las cosas ya no son como antes,triste
en serio me da pena hablar en publico y manana me toca y me cuesta mucho,miedo
oye siento que cargo con demasiado para mi edad la verdad,triste
no se si contarte pero me cambiaron el trabajo sin consultarme sinceramente,enojo
tengo miedo de que me juzguen la verdad,miedo
mira me preocupa tanto que no puedo dormir y no lo puedo ocultar,miedo
es que me cambiaron el turno sin avisarme pero bueno,enojo
realmente siento demasiado temor otra vez,miedo
de verdad eres un desconsiderado y eso no esta bien,enojo
te cuento que me siento completo todo el tiempo,feliz
oye me invitaron a participar en un proyecto y no lo digo seguido,feliz
sinceramente todo lo que construi se cayo y es agotador,triste
oye las cosas ya no son como antes y me afecta,triste
fijate que me da susto pedir el favor porque me da pena,miedo
hoy me da pena hablar en publico y manana me toca parce,miedo
ayer me regañaron en el trabajo y no sé qué hacer,triste
me ofrecieron un mejor cargo y no se que hacer,feliz
fijate que tengo miedo de que sea algo grave y no lo puedo ocultar,miedo
me tienen hasta la coronilla hermano,enojo
me dejaron y no puedo evitarlo,triste
manana tengo una prueba importante y estoy nervioso y no puedo evitarlo,miedo
ultimamente pude decir lo que sentia sin miedo y eso me tiene mal,feliz
la verdad me prometieron el trabajo y al final le dieron a otro de verdad,enojo
oye estoy muy cansado de lucharla solo,triste
lo que pasa es que estas actuando muy mal,enojo
la verdad es que se rieron de como me exprese y no es facil admitirlo,enojo
esto es injusto y me afecta mucho,enojo
la verdad es que que dia tan productivo tuve hoy y estoy muy agradecido,feliz
hermano me dejo mi novia y estoy muy bajoneado parce,triste
sabes que estoy muy contento con los avances y no lo puedo creer,feliz
estoy muy mamado de todo y me cuesta mucho,triste
en serio que dia tan productivo tuve hoy y estoy muy agradecido,feliz
no puedo creer que no puedo mas con esta situacion y no lo voy a tolerar,enojo
hoy me senti muy a gusto con todo y ya,feliz
no puedo evitar que me aterra no tener el control de nada y eso me preocupa mucho,miedo
la verdad tengo un presentimiento muy malo,miedo
definitivamente me preocupa el futuro otra vez,miedo
no entendi el tono del mensaje y me confundi y me cuesta mucho,triste
nacio mi hijo pero bueno,feliz
ultimamente estoy pasando un gran momento todo el tiempo,feliz
te juro que me escribieron solo para reclamarme y me pesa cargarlo solo,enojo
estoy demasiado preocupado desde hace dias,miedo
ultimamente ya les dije mil veces y no cambia nada y trato de disimularlo,enojo
es que tengo miedo de que me vaya mal en las parciales,miedo
es que siento que algo se rompio dentro de mi y no lo puedo ocultar,triste
estoy muy triste y no quiero nada y me duele mucho,triste
siento que la estoy embarrando en todo la verdad,triste
sinceramente me preocupa el futuro por todo lo que paso,miedo
oye estoy muy ido hoy no se que me pasa parce,triste
te cuento que la vida esta siendo buena conmigo y no puedo evitarlo,feliz
me regañaron en el trabajo,triste
parce me da mucha pena decirle eso a la gente y no se que hacer,miedo
estoy muy triste y no puedo dormir y me duele mucho,triste
siento una rabia que no te imaginas y me parece muy mal,enojo
la verdad me echaron la culpa de algo que no hice,enojo
es que me pidieron que fuera a recursos humanos,miedo
alguien noto que estaba bien y me lo dijo y me afecta mucho,feliz
ahora mismo siento que a nadie le importo y eso me pesa,triste
hoy hoy me pagaron todavía,feliz
de verdad estoy furioso contigo,enojo
estoy muy nervioso con esta situacion de verdad,miedo
todo me pesa demasiado y no se que hacer,triste
fijate que me escribio la persona que me gusta pero no digo nada,feliz
no puedo evitar que tengo panico de que algo malo pase y me tiene muy nervioso,miedo
hoy no alcance el cupo en la universidad publica y ya,triste
la verdad hoy todo fluyo bien y no lo puedo ocultar,feliz
vieja me salio el negocio que queria pero bueno,feliz
encontré las llaves que había perdido,feliz
la verdad ya no somos lo que eramos y eso me entristece y ya,triste
es que me comparan con otros y eso me molesta mucho,enojo
ultimamente me hicieron perder el tiempo y no se que hacer,enojo
que buena experiencia vivimos juntos y es lo mejor que me paso,feliz
en serio no entendi bien el tono y eso me tiene angustiado y quisiera que alguien me ayudara,miedo
en este momento me siento tranquilo y feliz todo el tiempo,feliz
hoy me bloquearon sin darme ninguna explicacion y no es facil,enojo
fijate que me reconocieron el esfuerzo en el trabajo pero necesitaba decirlo,feliz
realmente tengo miedo de fallar y no puedo dormir,miedo
hoy se aprovecharon de que no sabia y no puedo evitarlo,enojo
no se me siento muy perdido con mi vida,triste
sinceramente me da terror que noten que estoy nervioso de verdad,miedo
en serio me da ansiedad cuando hay silencio en la conversacion y me tiene agotado,miedo
ahora mismo ya no tengo fuerzas para nada la verdad,triste
lo que pasa es que logre cerrar el trato que necesitaba y quisiera que alguien me ayudara,feliz
vieja siento que todo el mundo sigue y yo me quede quieto la verdad,triste
sinceramente no se que va a pasar y eso me preocupa,miedo
oye hicieron algo injusto y nadie dijo nada y necesito que alguien me entienda,enojo
hoy ya no tengo energia para nada de lo que antes me gustaba de verdad,triste
te digo que me comi algo rico y me alegro el dia y no se que hacer,feliz
tengo miedo de responder mal y arruinar todo y ya,miedo
me molesta mucho que hagas eso y ya me canse,enojo
no te miento me echaron sin explicacion pero necesitaba decirlo,triste
nos separamos despues de mucho tiempo la verdad,triste
me hicieron perder un dia entero pero necesitaba decirlo,enojo
sinceramente pase el dia en cama de verdad,triste
oye hoy fue un dia muy gris,triste
por fin me salio el pasaporte de verdad,feliz
sinceramente me quede sin trabajo y no se que hacer,triste
te digo que me siento muy vacio aunque tenga cosas que hacer de verdad,triste
me hace feliz saber que estas bien y estoy muy agradecido,feliz
mira tengo los mejores amigos de verdad,feliz
hoy siento que fracase y no puedo evitarlo,triste
siento que el tiempo paso y yo no hice nada sinceramente,triste
en serio hoy descanse bien por primera vez en mucho tiempo la verdad,feliz
hoy fue un dia increible,feliz
las cosas estan saliendo como quiero la verdad,feliz
resulta que mi novia me engañó con una mujer,enojo
ultimamente estoy con las personas que amo y no se que hacer,feliz
hoy me siento muy desconectado de todo y de todos,triste
me duele mucho todo lo que ocurrio y no se como seguir,triste
realmente tengo miedo de fallar por todo lo que paso,miedo
la verdad ya me canse de esto ultimamente,enojo
la verdad me da pena hablar en publico y manana me toca la verdad,miedo
hoy todo salio excelente desde hace dias,feliz
oye todo me genera ansiedad ultimamente y me tiene mal,miedo
sinceramente perdi algo muy importante,triste
mira que eso estuvo muy feo y no sé qué hacer,enojo
la verdad me tiene con los nervios destrozados pero bueno,miedo
fijate que me tocó madrugar y no dormí nada y encima salio mal de verdad,triste
hicimos una reunioncita y quedo muy buena y no puedo evitarlo,feliz
oye que caradureza la tuya y me parece muy mal,enojo
es que no tengo plan b si esto falla y no se que hacer,miedo
de verdad me entristece mucho pensar en eso y no lo puedo superar,triste
es que me invitaron a algo importante,feliz
oye la vida esta siendo buena conmigo,feliz
te cuento que siento que no encajo en ningún lado,triste
no te miento me da terror decepcionar a alguien que confio en mi y no puedo evitarlo,miedo
te cuento que me saca de quicio todo esto y ya,enojo
ultimamente cargue con toda la responsabilidad del grupo y eso me tiene mal,enojo
fijate que me independice por fin y no puedo evitarlo,feliz
definitivamente me hicieron perder el tiempo desde hace dias,enojo
no te miento me trataron muy mal sin razon y no puedo evitarlo,enojo
me siento realizado pero no digo nada,feliz
ahora mismo estoy emocionado de verdad,feliz
en serio me siento realizado,feliz
honestamente no voy a tolerar ese comportamiento,enojo
fijate que me encontre con un amigo que no veia hace tiempo la verdad,feliz
desde hace dias me siento desconectado de todo y no puedo evitarlo,triste
desde hace dias me siento invisible y necesito que alguien me entienda,triste
te cuento que quede muy contento con el resultado y ya,feliz
hoy nacio mi hija y ya,feliz
te cuento que me dieron la visa la verdad,feliz
la verdad hicimos una reunioncita y quedo muy buena,feliz
mira lo que paso dije algo que no quise decir y no se como explicarlo y me tiene agotado,triste
desde hace dias me echaron la culpa de algo que no hice otra vez,enojo
en serio ya no hablo con mi parcero de toda la vida y no se que hacer,triste
oye no se como decirlo sin que se enojen y me cuesta mucho,miedo
desde ayer tengo ansiedad esta semana,miedo
fijate que me hablaron muy mal y no se que hacer,enojo
hoy siento que me estoy quedando sin opciones,miedo
tengo ansiedad de aparecer en camara bro,miedo
no me puedo quitar esa preocupacion de encima y ya,miedo
hoy me mandaron de una oficina a otra sin solucion de verdad,enojo
hoy me cambiaron el turno sin avisarme,enojo
me siento muy decaido sin saber por que y quisiera que no fuera así,triste
que dia tan especial fue hoy para todos y estoy muy contento,feliz
la verdad no tengo ganas de nada ultimamente y estoy mal,triste
la verdad quede encantado con como salio todo y ya,feliz
sinceramente el silencio de esa persona me preocupa mucho la verdad,miedo
me cobraron mas de lo que decia el precio,enojo
en este momento todo salio perfecto,feliz
fijate que me toco vender el carro que tanto queria de verdad,triste
hoy no tuve ganas de comer,triste
te juro que me canse de aguantarte y punto,enojo
te digo que me da miedo que graben algo mio sin permiso la verdad,miedo
vieja me toca salir tarde y me da miedo en la calle la verdad,miedo
lo que pasa es que me siento muy solo y sin apoyo y no lo puedo superar,triste
hermano me siento muy achantado hoy y me tiene mal,triste
hoy tengo que entregar algo mañana y no empece y me afectó mucho,miedo
sinceramente me siento destruido,triste
honestamente me indigna mucho tu comportamiento y punto,enojo
desde hace dias me siento muy bien conmigo mismo y ya,feliz
hoy me llamaron de la empresa y no dijeron para que hermano,miedo
vi las historias de todos y me senti muy mal y nadie lo entiende,triste
te juro que ya no tengo energia para nada de lo que antes me gustaba,triste
hoy la vida esta siendo buena conmigo y no se que hacer,feliz
te cuento que tengo miedo de que me quiten el trabajo y no es facil,miedo
para serte honesto me da terror que noten que estoy nervioso,miedo
hoy me quede callado cuando debi haber hablado,triste
me copiaron el contenido y ni siquiera lo cambiaron y no es facil,enojo
ahora mismo recibi buenas noticias y no se que hacer,feliz
de verdad que dia tan especial fue hoy y no lo puedo creer,feliz
mira lo que paso me senti aceptado como soy y no puedo evitarlo,feliz
en serio siento que todo el mundo sigue y yo me quede quieto,triste
en serio perdi mi negocio y no se como seguir y no es facil,triste
honestamente me molesta mucho que hagas eso,enojo
ahora mismo tengo ansiedad y no puedo dormir,miedo
en este momento que problema tan absurdo ultimamente,enojo
mira no se como aguantarte tanto y punto,enojo
estoy con el animo muy por el piso hermano,triste
te cuento que me salio el cupo en el sena y nadie lo sabe,feliz
lo que pasa es que siento una melancolía muy profunda,triste
la verdad me sorprendieron hoy y no puedo evitarlo,feliz
la verdad es que me molesta tu falta de consideracion de verdad,enojo
desde ayer ya me canse de esto y me afecta mucho,enojo
mira no puedo dejar de preocuparme y es agotador,miedo
para serte honesto hoy llore sin saber por que sinceramente,triste
para serte honesto hoy no tuve que fingir que estaba bien y no se que hacer,feliz
me preocupa tanto que no puedo dormir y necesito que alguien me entienda,miedo
no puedo evitar que siento una angustia que no me deja dormir de verdad,miedo
la verdad estoy muy frustrado con todo esto,enojo
ultimamente no se como va a terminar esto la verdad,miedo
ahora mismo tengo panico todo el tiempo,miedo
tengo temor de que todo cambie de golpe y me tiene muy nervioso,miedo
para serte honesto entregue el proyecto a tiempo de verdad,feliz
no se si contarte pero alguien me entendio sin que yo explicara mucho y eso me tiene mal,feliz
que dia tan bueno fue hoy,feliz
oye me fui de la reunion antes porque no podia mas y me tiene agotado,triste
la verdad es que que dia tan maravilloso fue hoy y es lo mejor que me paso,feliz
siento que no soy suficiente y no puedo evitarlo,triste
sinceramente me siento feliz y me encanta,feliz
ultimamente siento que nadie me toma en serio y quisiera que alguien me ayudara,enojo
no te miento pague y no me dieron lo que ofrecieron y me tiene mal,enojo
mira lo que paso tengo miedo de que me rechacen si digo lo que pienso sinceramente,miedo
ultimamente no hubo trafico hoy y me tiene mal,feliz
ultimamente perdi algo muy importante y necesito que alguien me entienda,triste
en serio me siento muy solo en este momento y no lo puedo superar,triste
mira por fin lo logre,feliz
es que me citaron para hablar y no se de que sinceramente,miedo
fijate que hoy fui honesto y salio bien y me pesa cargarlo solo,feliz
la verdad me mintieron en mi cara y eso me pesa,enojo
no te miento ya nada es igual y no se que hacer,triste
desde hace dias me rechazaron y duela mucho otra vez,triste
hoy hoy fue un gran dia y no se que hacer,feliz
me quitaron el trabajo y me afectó mucho,triste
es que tengo panico de que me pregunten algo en clase y no es facil,miedo
oye capturaron una conversacion privada y la compartieron y no es facil,enojo
no se me da ansiedad ver cuanta gente vio mi historia y ya,miedo
me da ansiedad ver cuanta gente vio mi historia la verdad,miedo
parce me aterra quedar mal frente a todos y me tiene mal,miedo
lo que pasa es que no supe como responder y ahora me arrepiento de verdad,triste
oye no se si estoy listo para esto la verdad,miedo
hoy siento que estoy decepcionando a todos,triste
no puedo evitar que me aterra no saber como va a terminar,miedo
hoy tengo panico de no saber como actuar en esa situacion pero necesitaba decirlo,miedo
ahora mismo me dieron la nota que esperaba sinceramente,feliz
la verdad es que usaron lo que les conte en mi contra pero ya no puedo mas,enojo
me da muy duro enfrentar esa conversacion de verdad,miedo
tengo panico de que me pregunten algo en clase,miedo
la verdad no me puedo quitar esa preocupacion de encima y me tiene mal,miedo
sinceramente me tiene muy desanimado todo esto,triste
fijate que ya no hablo con mi parcero de toda la vida parce,triste
no se si contarte pero vi que estaba en linea pero no me respondio y me tiene agotado,triste
me trataron diferente a los demas de verdad,enojo
ahora mismo me hablaron muy mal la verdad,enojo
estoy muy apenado y no puedo superarlo y me duele mucho,triste
no puedo creer que eres un maleducado sin remedio y no lo entiendo,enojo
lo que pasa es que hoy me senti comodo siendo yo mismo y nadie lo entiende,feliz
para serte honesto por fin termine el proyecto pero no digo nada,feliz
sinceramente todo me afecta demasiado y me duele mucho,triste
me da miedo ir al medico la verdad,miedo
no te miento estoy muy nervioso con esa vuelta la verdad,miedo
para serte honesto no se como decirlo sin que se enojen pero ya no puedo mas,miedo
ultimamente esto me parece una falta de respeto total otra vez,enojo
me salio el cupo en el sena de verdad,feliz
defendi mi proyecto y quede bien,feliz
oye me siento muy lejos de ser feliz otra vez,triste
sinceramente todo esta mejorando y no se que hacer,feliz
ultimamente usaron lo que les conte en mi contra,enojo
honestamente me tiene harto esta situacion y eso no esta bien,enojo
sinceramente vi que estaba en linea pero no me respondio y no es facil admitirlo,triste
fijate que siento que el tiempo paso y yo no hice nada la verdad,triste
honestamente todo me irrita todo el tiempo,enojo
parce me mintieron descaradamente en la cara,enojo
la verdad es que me da ansiedad abrir ese chat y me pesa cargarlo solo,miedo
es que hoy me senti muy a gusto con todo y eso me duele,feliz
en serio me da pena que se den cuenta que no entendi y ya,miedo
me estan ocultando algo y eso me pone nervioso,miedo
para serte honesto consegui el trabajo pero no digo nada,feliz
estoy muy emocionado con lo que viene y estoy muy contento,feliz
fallecio alguien cercano la verdad,triste
vieja me echaron la culpa de algo que hizo otro y me cuesta mucho,enojo
mira me tiene muy desanimado todo esto la verdad,triste
es que no me merecia este trato la verdad,enojo
parce me encontre con un amigo que no veia hace tiempo,feliz
estoy agotado emocionalmente en este momento,triste
oye estoy demasiado angustiado para pensar y me tiene mal,miedo
hoy pude expresarme sin que me juzgaran sinceramente,feliz
me cobraron de mas y no me quieren devolver y no puedo evitarlo,enojo
siento un miedo terrible ahora mismo y no puedo calmarlo,miedo
te juro que tengo miedo de haber arruinado algo sin saberlo y no se que hacer,miedo
ultimamente estoy re contento con todo bro,feliz
te cuento que tengo miedo de que me juzguen y eso me pesa,miedo
la verdad es que quise decir algo pero no encontre las palabras y eso me tiene mal,triste
te cuento que me atracaron y estoy mal,enojo
me citaron para hablar y no se de que y no se que hacer,miedo
hoy me hicieron perder un dia entero y me afecta,enojo
sinceramente estoy muy nervioso por lo que puede pasar y no puedo calmarlo,miedo
es que tengo panico de fallar cuando todos confian en mi la verdad,miedo
no tengo plan b si esto falla pero necesitaba decirlo,miedo
la verdad termine mi tesis la verdad,feliz
fijate que hoy fue un parche buenisimo y eso me duele,feliz
en serio la incertidumbre me tiene paralizado sinceramente,miedo
estoy muy mamado de todo pero bueno,triste
me da pena decirlo pero me senti aceptado como soy pero ya no puedo mas,feliz
fijate que me siento solo aunque este rodeado de gente y nadie lo entiende,triste
en serio pude mantener una conversacion sin angustiarme pero ya no puedo mas,feliz
hoy me di cuenta que nadie me busca si yo no busco y me tiene pensando mucho,triste
te cuento que me dejo mi novia y estoy muy bajoneado la verdad,triste
ultimamente tengo miedo de decir algo y que lo malinterpreten y no puedo evitarlo,miedo
hoy me excluyeron de la decision sin explicacion,enojo
hoy algo cambio de repente y no entiendo por que de verdad,miedo
desde ayer todo me afecta demasiado y me afecta mucho,triste
parce me trataron como si yo fuera el problema,enojo
no te miento pase el semestre sin perder nada y no puedo evitarlo,feliz
en serio me siento muy bien emocionalmente,feliz
no te miento me da miedo ir al medico y no lo puedo ocultar,miedo
la verdad es que estoy muy decaido y no quiero hablar,triste
lo que pasa es que ya no esta la persona que queria y me tiene mal,triste
hoy ya no aguanto mas todo el tiempo,enojo
es que defendi mi proyecto y quede bien y no puedo evitarlo,feliz
me siento solo y muy triste y no se como seguir,triste
me angustia pensar que quiza elegi mal mi carrera y me cuesta aceptarlo,miedo
eres completamente irresponsable,enojo
te cuento que me hablaron muy mal y no puedo evitarlo,enojo
ultimamente no supe como responder y ahora me arrepiento y no puedo evitarlo,triste
ahora mismo no se como decirlo sin que se enojen sinceramente,miedo
la verdad si me cai en el trabajo y estoy mal,triste
te digo que tengo miedo de tomar una decision y que salga mal y me afecta,miedo
es que me siento muy solo en esta ciudad la verdad,triste
en serio no quise hablar con nadie hoy y no se que hacer,triste
te cuento que que quiere usted y no lo puedo creer,enojo
oye estoy muy emocionado con lo que viene de verdad,feliz
en serio siento que cargo con demasiado para mi edad de verdad,triste
es que se burlaron de algo que me costo decir y nadie lo entiende,enojo
en serio me tienen harto con tanta mentira,enojo
me mandaron un mensaje que solo dice cuándo puedes hablar,miedo
en serio no voy a tolerar esto mas y me tiene mal,enojo
desde hace dias todo lo que construi se cayo y no se que hacer,triste
no te miento siento que voy a fallar manana de verdad,miedo
hoy tengo ansiedad de pensar en el futuro,miedo
hoy me hicieron fila tres horas y no me atendieron,enojo
es que me fallaron cuando mas los necesitaba la verdad,triste
ultimamente estoy re contento con todo,feliz
mira me toco irme del barrio que queria de verdad,triste
lo que pasa es que me respondio el mensaje que esperaba y me tiene agotado,feliz
me ignoraron cuando tenia toda la razon y eso me duele,enojo
vieja que descaro tan grande el de esa gente,enojo
la verdad no se que va a pasar desde hace dias,miedo
no se si contarte pero cargue con toda la responsabilidad del grupo y eso me tiene mal,enojo
tengo miedo de decir algo y que lo malinterpreten,miedo
de verdad estoy muy contento con lo que paso en serio,feliz
hoy me dieron el viernes libre y nadie lo entiende,feliz
la verdad es que me prometieron que no volveria a pasar sinceramente,enojo
hermano me descuentan del sueldo cosas que no firmé,enojo
me asaltaron y no sé qué hacer,enojo
realmente hoy fue un gran dia y no se que hacer,feliz
realmente hoy fue un mal dia por todo lo que paso,triste
ultimamente me mintieron en mi cara la verdad,enojo
oye me pidieron que fuera a una reunion sin decirme de que la verdad,miedo
ahora mismo nadie reconocio lo que aporte y me cuesta mucho,enojo
fijate que me respondieron con mala actitud sin razon y me pesa cargarlo solo,enojo
es que hoy fue un dia muy chévere y no puedo evitarlo,feliz
te cuento que me fue bien en el icfes y no se que hacer,feliz
no puedo evitar que tengo miedo de que todo se derrumbe y no puedo calmarlo,miedo
definitivamente me siento tranquilo y feliz otra vez,feliz
en serio me siento muy agradecido con la vida hoy de verdad,feliz
ahora mismo dije algo que no quise decir y no se como explicarlo y eso me tiene mal,triste
lo que pasa es que no supe como responder y ahora me arrepiento y no puedo evitarlo,triste
fijate que me respondio el mensaje que esperaba y quisiera que alguien me ayudara,feliz
realmente me sacaron la paciencia por todo lo que paso,enojo
es que me comparo mucho con los demas y me hace mal y me afecta,triste
para serte honesto tengo miedo de tomar la decision equivocada y me afecta mucho,miedo
bro estoy re contento con todo,feliz
me aprobo el credito el banco parce,feliz
mira me fue de maravilla en la entrevista,feliz
me llegó una carta del juzgado y no se que es de verdad,miedo
no te miento me quede callado cuando debi haber hablado y me afecta mucho,triste
te cuento que estrene mi apartamento y nadie lo sabe,feliz
lo que pasa es que estoy muy triste y no puedo dormir,triste
mira me tiene completamente harto de verdad,enojo
en serio me saca de quicio todo esto de verdad,enojo
realmente me siento tranquilo y feliz esta semana,feliz
ayer si me cai en el trabajo todavía,triste
para serte honesto me hicieron sentir especial la verdad,feliz
es que me da mucho temor el futuro cercano y eso me preocupa mucho,miedo
te cuento que se fue mi perro hoy pero bueno,triste
sinceramente me dejo mi novio y estoy muy mal hermano,triste
hoy ya no hablo con alguien que queria mucho la verdad,triste
la verdad es que estoy muy emocionado con esto y estoy muy contento,feliz
mira que que tipo tan feo y ya,enojo
mira lo que paso me echaron la culpa de lo que salio mal y no se como manejarlo,enojo
estoy muy satisfecho con mis decisiones y estoy muy agradecido,feliz
mira lo que paso tengo panico de decir algo y que lo malinterpreten y no se que hacer,miedo
para serte honesto dijeron cosas que no son verdad sobre mi y no lo puedo ocultar,enojo
fijate que me duele el alma todo el tiempo,triste
es que me toca salir tarde y me da miedo en la calle y eso me duele,miedo
es que todo me pesa demasiado pero no digo nada,triste
es que me reportaron sin motivo y me bloquearon la cuenta de verdad,enojo
no puedo creer que hayan hecho eso,enojo
me tienes agotado con tus cosas y punto,enojo
en serio ya no esta la persona que queria y no puedo evitarlo,triste
hermano siento que la estoy embarrando en todo y me tiene mal,triste
te juro que me molesta tu actitud de siempre,enojo
es que no puedo mas con esta situacion,enojo
hoy ya les dije mil veces y no cambia nada y no puedo evitarlo,enojo
no te miento todo cambio de golpe y ya,triste
oye estas actuando muy mal y no lo entiendo,enojo
sinceramente me tocó madrugar y no dormí nada y encima salio mal y no puedo evitarlo,triste
fijate que tengo miedo de que se den cuenta que no entiendo y nadie lo entiende,miedo
sinceramente se burlaron de algo que me costo decir y me pesa cargarlo solo,enojo
siento mucha ansiedad por lo desconocido y me tiene muy nervioso,miedo
hoy me duele mucho esto por todo lo que paso,triste
ultimamente me interrumpieron cada vez que hable y trato de disimularlo,enojo
sinceramente no puedo creer lo que hiciste y ya me canse,enojo
ultimamente pase el dia en cama pero no digo nada,triste
sinceramente eso no estuvo bien para nada y punto,enojo
no se si contarte pero me fue muy mal en el examen pero necesitaba decirlo,triste
de verdad siento que el tiempo no cura esto,triste
hoy me toco dejar los estudios por plata y eso me duele,triste
la verdad me reportaron sin motivo y me bloquearon la cuenta y me tiene pensando mucho,enojo
te digo que subi algo y nadie reacciono y me senti invisible,triste
la verdad es que estoy muy satisfecho con el dia de hoy,feliz
tengo miedo de embarrarla con esa decision y no puedo evitarlo,miedo
no se si contarte pero me da terror decepcionar a alguien que confio en mi y me pesa cargarlo solo,miedo
hermano me echaron la culpa de algo que hizo otro y no es facil,enojo
sinceramente me duele mucho haber perdido eso y no se como seguir,triste
fijate que me tocó pagar una multa que no era justa y no se que hacer,enojo
mira no aguanto mas esta situacion,enojo
ahora mismo me siento vacio otra vez,triste
ahora mismo estoy demasiado molesto y me afecta mucho,enojo
no te miento me da ansiedad abrir ese chat y no es facil admitirlo,miedo
hoy no se que va a pasar desde hace dias,miedo
me siento realizado y no se que hacer,feliz
sinceramente todo esta mal organizado y no se que hacer,enojo
hoy me preocupa demasiado esto desde hace dias,miedo
hoy todo me da miedo por todo lo que paso,miedo
no se si contarte pero hoy no tuve que fingir que estaba bien pero necesitaba decirlo,feliz
sinceramente me hicieron perder el tiempo desde hace dias,enojo
sinceramente me salio todo bien y no me lo esperaba y no puedo evitarlo,feliz
se fue mi perro hoy de verdad,triste
mira siento que no encajo en ningún lado y no lo puedo ocultar,triste
te cuento que me tocó pagar una multa que no era justa y ya,enojo
en serio me da miedo que graben algo mio sin permiso pero bueno,miedo
de verdad eso estuvo muy mal hecho y punto,enojo
ahora mismo me pone ansioso salir de casa y necesito que alguien me entienda,miedo
fijate que siento que me quede atras y me tiene mal,triste
ahora mismo esto arruino mi dia y me afecta mucho,enojo
mira me dejo mi novio y estoy muy mal pero bueno,triste
te cuento que me asusta pensar en el futuro y necesito que alguien me entienda,miedo
la verdad mi abuelo ya no esta pero necesitaba decirlo,triste
termine de pagar mi deuda y me afecta,feliz
la verdad me graduo este mes y eso me pesa,feliz
oye hoy fue mejor de lo que esperaba,feliz
me respondieron con mala cara sin razon y ya,enojo
hoy me pone muy nervioso tener que dar explicaciones pero bueno,miedo
de verdad estoy muy decaido y sin fuerzas,triste
definitivamente estoy demasiado molesto y no se que hacer,enojo
vieja me quede sin trabajo y no se que hacer,triste
ultimamente tengo miedo de que sea algo grave la verdad,miedo
en serio me robaron el celular y estoy muy mal y no puedo evitarlo,triste
ultimamente siento que todos avanzan menos yo y nadie lo entiende,triste
ya no tengo energia para nada de lo que antes me gustaba bro,triste
en serio el partido de colombia salio bien y nadie lo sabe,feliz
me estan ocultando algo y eso me pone nervioso sinceramente,miedo
me usaron y despues me ignoraron y necesito que alguien me entienda,enojo
ultimamente hoy no tuve que fingir que estaba bien y me afecta mucho,feliz
estoy muy decaido y sin esperanza y no lo puedo superar,triste
es que no se que va a pasar y me aterra y eso me preocupa mucho,miedo
te digo que me saca de quicio que no cambien nada,enojo
no se vi que me sacaron de un grupo y no dije nada y nadie lo entiende,triste
fijate que todo lo que construi se cayo y necesito que alguien me entienda,triste
hoy me piden experiencia para un trabajo de principiante y me cuesta aceptarlo,enojo
oye la incertidumbre me tiene paralizado y no lo puedo ocultar,miedo
extraño como eran las cosas antes de verdad,triste
me hicieron sentir mal por preguntar y no puedo evitarlo,enojo
me entristece mucho la distancia entre nosotros,triste
mira me tiene muy angustiado esa situacion parce,miedo
hoy pase el semestre sin perder nada y me cuesta mucho,feliz
definitivamente me da demasiada rabia desde hace dias,enojo
te cuento que siento que no tengo control de nada y eso me pesa,miedo
es que me tiene muy irritado todo esto pero bueno,enojo
hoy me siento motivado otra vez,feliz
estoy muy feliz con mis logros y estoy muy agradecido,feliz
es que estoy muy emocionado con lo que viene y nadie lo entiende,feliz
nada tiene sentido desde hace dias,triste
es que me trataron como si yo fuera el problema,enojo
oye me tiene muy enojado esa situacion y no puedo evitarlo,enojo
mira me cobraron de mas y no me quieren devolver y no puedo evitarlo,enojo
en serio me pusieron el visto y luego respondieron bien y me afecta mucho,feliz
definitivamente estoy agotado emocionalmente esta semana,triste
ultimamente hoy llore sin saber por que y me tiene mal,triste
la verdad hoy me senti muy a gusto con todo pero bueno,feliz
mira eres una persona muy egoista y punto,enojo
hoy que problema tan absurdo y me afecta mucho,enojo
la verdad tengo miedo de que me vaya mal en las parciales parce,miedo
hoy el clima estuvo perfecto y no puedo evitarlo,feliz
la verdad quede encantado con como salio todo,feliz
la verdad es que me da pavor la incertidumbre que siento,miedo
sinceramente me siento furioso todo el tiempo,enojo
eso no estuvo bien para nada de verdad,enojo
la verdad me cambiaron el turno sin avisarme y no se que hacer,enojo
hoy tengo ansiedad por lo que viene esta semana,miedo
parce me tiene muy desanimado todo esto hermano,triste
la verdad me dieron la beca de la universidad publica,feliz
de verdad estoy muy triste con lo que me conto y no se como seguir,triste
hoy me fallaron cuando mas los necesitaba sinceramente,triste
no te miento por fin me compre lo que queria,feliz
me dieron una sorpresa muy bonita hoy y eso me duele,feliz
no tengo con quien hablar pero no digo nada,triste
parce me tocó madrugar y no dormí nada y encima salio mal y no es facil,triste
en serio tengo panico de que me pregunten algo frente a todos y me pesa cargarlo solo,miedo
bro borre todas mis fotos porque no me gustaba nada men,triste
oye me tocó repetir el tramite porque perdieron mis papeles hermano,enojo
desde hace dias sonrei todo el tiempo pero por dentro lloraba y no puedo evitarlo,triste
fijate que compre mi primer carro y no puedo evitarlo,feliz
estoy muy alegre con lo que vivo,feliz
definitivamente ya no se que hacer esta semana,triste
sinceramente estoy muy deprimido en este momento y quisiera que no fuera así,triste
la verdad me siento feliz en este momento,feliz
la verdad se burlaron de mi,enojo
mira por fin termine el proyecto y eso me pesa,feliz
te digo que me asusta mucho la incertidumbre,miedo
no te miento hoy me di cuenta que avance mucho y no puedo evitarlo,feliz
ahora mismo tengo un presentimiento muy malo y no puedo evitarlo,miedo
oye me cuesta aceptar que eso ya termino y me afecta,triste
me echaron la culpa de algo que hizo otro,enojo
me da pena decirlo pero me respondio el mensaje que esperaba sinceramente,feliz
sinceramente me cansas con tanta excusa y ya me canse,enojo
ultimamente tengo miedo de que me cancelen por algo que dije,miedo
de verdad estoy muy contento con el resultado y estoy muy agradecido,feliz
de verdad que buena noticia para empezar el dia y no lo puedo creer,feliz
mira me faltaron el respeto delante de todos pero bueno,enojo
te digo que tengo panico de no salir de esto y eso me preocupa mucho,miedo
ahora mismo me hicieron esperar demasiado pero no digo nada,enojo
me hicieron repetir el tramite tres veces,enojo
de verdad no respetas nada ni a nadie,enojo
es que me siento muy solo en esta ciudad pero bueno,triste
en serio que buena racha estoy teniendo,feliz
tengo ansiedad y no se que hacer,miedo
la verdad es que estoy muy asustado de tomar esa decision y me tiene muy nervioso,miedo
mira lo que paso minimizaron lo que sentia y trato de disimularlo,enojo
es que me tiene con los nervios destrozados y no se que hacer,miedo
no se subi algo y nadie reacciono y me senti invisible,triste
no te miento pude decir lo que sentia sin miedo,feliz
hoy cumpli la meta que me habia puesto y no puedo evitarlo,feliz
me da pena decirlo pero me dijeron que exageraba y no se como manejarlo,enojo
es que sali del pais por primera vez,feliz
en serio hoy no tuve que fingir que estaba bien y quisiera que alguien me ayudara,feliz
sinceramente siento que me estoy quedando sin opciones de verdad,miedo
me comparan con otros y eso me molesta mucho y ya,enojo
de verdad estoy muy apenado y no se que decir,triste
ultimamente me angustia pensar que quiza elegi mal mi carrera,miedo
honestamente estoy harto de esto desde hace dias,enojo
realmente me siento inseguro todo el tiempo,miedo
para serte honesto me da mucho miedo entrar al salon y que todos me miren y me afecta mucho,miedo
en serio me siento muy decaido sin saber por que de verdad,triste
oye me costo mucho levantarme hoy y no se que hacer,triste
no tolero mas esta situacion y eso no esta bien,enojo
ultimamente todo me genera ansiedad y es agotador,miedo
me mandaron de una oficina a otra sin solucion y me tiene mal,enojo
la verdad me dieron la beca y es agotador,feliz
resulta que se murio mi perro esta mañana y me afectó mucho,triste
oye me respondieron que si al proyecto la verdad,feliz
te cuento que no tengo plan b si esto falla y nadie lo sabe,miedo
la verdad gane el concurso y me tiene mal,feliz
hoy tengo miedo de que me cancelen por algo que dije y no se que hacer,miedo
hoy el silencio de esa persona me preocupa mucho,miedo
es que me mintieron en mi cara y ya,enojo
hoy siento que no soy suficiente y me afecta,triste
no se siento que cargo con demasiado para mi edad pero bueno,triste
ultimamente me salio todo bien y no me lo esperaba bro,feliz
ultimamente pude mantener una conversacion sin angustiarme,feliz
mira me fue de maravilla en la entrevista y nadie lo sabe,feliz
hoy me sacaron la paciencia y no se que hacer,enojo
hoy amaneci con mucha energia y eso me pesa,feliz
me da pena decirlo pero me da ansiedad abrir ese chat y quisiera que alguien me ayudara,miedo
hoy dijeron mentiras sobre mi en redes y nadie lo entiende,enojo
vieja me puse muy feliz con eso parce,feliz
tengo miedo de decir algo fuera de lugar y no se como manejarlo,miedo
no te miento tengo miedo de que no me entiendan de verdad,miedo
te cuento que perdi tiempo en algo que no valio y me afecta mucho,enojo
te digo que me respondieron que si al proyecto de verdad,feliz
es que me dejaron sinceramente,triste
es que me canse de pedir lo mismo sin resultado y me tiene agotado,enojo
mira me pone ansioso salir de casa todo el tiempo,miedo
realmente me siento muy triste ultimamente,triste
realmente estoy muy contento todo el tiempo,feliz
ultimamente tengo miedo de haber arruinado algo sin saberlo y nadie lo entiende,miedo
te digo que tengo miedo de decir algo y que lo malinterpreten,miedo
estoy muy bravo con lo que paso,enojo
es que me eliminaron del grupo sin decir nada de verdad,enojo
para serte honesto me preocupa no poder lograrlo,miedo
estoy muy apagado y sin energia y no lo puedo superar,triste
ahora mismo estoy disfrutando mucho ultimamente,feliz
en serio me tiene muy cansado esta gente,enojo
mira me da muy duro enfrentar esa conversacion pero bueno,miedo
ultimamente me da panico equivocarme y que no me perdonen y no lo digo seguido,miedo
me graduo el sabado en el paraninfo pero bueno,feliz
no te miento hoy me senti comodo siendo yo mismo sinceramente,feliz
ultimamente me copiaron el trabajo y lo publicaron como propio y no puedo evitarlo,enojo
me hicieron perder un dia entero y no se que hacer,enojo
me siento muy solo en este momento y me duele mucho,triste
desde ayer estoy cansado mentalmente otra vez,triste
te cuento que me enfurece que actuen asi sinceramente,enojo
para serte honesto me trataron muy mal sin razon y no se que hacer,enojo
parce me encontre con un amigo que no veia hace tiempo y no es facil,feliz
ultimamente me echaron la culpa de algo que no hice de verdad,enojo
sinceramente estoy muy triste con lo que me conto de verdad,triste
hoy no duermo de la preocupacion otra vez,miedo
mira me indigna mucho tu comportamiento,enojo
te digo que siento una melancolia muy grande ahora y no se como seguir,triste
la verdad me trataron como si no existiera otra vez,enojo
sinceramente hoy no tengo que trabajar y eso me pesa,feliz
vieja me descuentan del sueldo cosas que no firmé parce,enojo
te digo que estoy muy apenado por lo sucedido de verdad,triste
parce me tiene muy preocupado lo que esta pasando,miedo
ya no hablo con mi parcero de toda la vida y eso me duele,triste
hoy dijeron cosas que no son verdad sobre mi la verdad,enojo
ya no somos lo que eramos y eso me entristece y nadie lo sabe,triste
hoy todo salio mal otra vez,triste
hermano me tocó pagar una multa que no era justa pero bueno,enojo
no me dejaron hablar,enojo
hoy hicieron lo que quisieron sin preguntarme nada,enojo
la verdad estoy muy nervioso con esa vuelta de verdad,miedo
hermano estoy muy molesto con lo que hicieron,enojo
me asusta mucho pensar en el futuro y no puedo calmarlo,miedo
es que me citaron para hablar y no se de que la verdad,miedo
te juro que cambio su estado y supe que era por mi pero necesitaba decirlo,triste
me da pena decirlo pero me da ansiedad abrir ese chat y eso me tiene mal,miedo
siento que el miedo no me deja avanzar y no se que hacer,miedo
sinceramente se rieron de como me exprese y no se como manejarlo,enojo
hoy que alegria tan grande la mia y es lo mejor que me paso,feliz
hermano ya no somos lo que eramos y eso me entristece,triste
es que estoy muy mamado de todo parce,triste
en serio estoy demasiado molesto ultimamente,enojo
me cambiaron las condiciones a ultimo momento y no puedo evitarlo,enojo
en serio siento un vacio muy grande en mi,triste
te cuento que hoy me fue de pelos de verdad,feliz
es que me angustia no tener todo claro a mi edad y no puedo evitarlo,miedo
es que siento que el tiempo se me acaba y no he hecho nada y no se que hacer,miedo
no te miento tengo miedo de tomar la decision equivocada de verdad,miedo
sinceramente tengo mucho temor de lo que viene,miedo
lo que pasa es que me dejo de seguir en redes sociales y no es facil admitirlo,triste
mira tengo miedo de decepcionar a todos y no puedo evitarlo,miedo
para serte honesto cambio su estado y supe que era por mi pero necesitaba decirlo,triste
la verdad me cancelaron a ultimo momento y necesito que alguien me entienda,enojo
ultimamente no entendi el tono del mensaje y me confundi y no lo digo seguido,triste
la verdad es que tengo panico de decir algo y que lo malinterpreten y me tiene agotado,miedo
hoy termino mi relacion y no puedo evitarlo,triste
oye me tiene completamente harto y no lo puedo ocultar,enojo
te cuento que me tienen muy mamado con esa vuelta y ya,enojo
fijate que hoy todo fluyo bien,feliz
la verdad me duele mucho esto,triste
lo que pasa es que siento que fracase la verdad,triste
mira no me puedo quitar esa preocupacion de encima hermano,miedo
sinceramente me cancelaron a ultimo momento y es agotador,enojo
estoy muy contento con lo que paso,feliz
la verdad es que nadie reconocio lo que aporte sinceramente,enojo
oye que desconsiderado eres siempre y no lo voy a tolerar,enojo
para serte honesto el resultado me tiene muy angustiado todo el tiempo,miedo
te digo que me entristece ver como cambiaron las cosas,triste
la verdad no estudie suficiente para esto,miedo
desde hace dias el profesor me felicito por el trabajo y me pesa cargarlo solo,feliz
es que me pagan mal y me exigen demasiado bro,enojo
desde hace dias tengo miedo de que se den cuenta que no entiendo de verdad,miedo
la verdad me angustia pensar que quiza elegi mal mi carrera pero bueno,miedo
hoy me ignoraron cuando tenia razon la verdad,enojo
la verdad estoy muy preocupado,miedo
mira me tiene muy cansado esta gente y no es facil,enojo
me siento muy perdido con mi vida,triste
te cuento que me echaron la culpa de algo que hizo otro,enojo
honestamente me molesta tu falta de consideracion y no lo entiendo,enojo
no te miento siento que el miedo no me deja avanzar la verdad,miedo
oye me cobraron mas de lo que decia el precio,enojo
hoy me tiene muy irritado todo esto y me cuesta mucho,enojo
desde hace dias dije algo que no quise decir y no se como explicarlo pero ya no puedo mas,triste
de verdad me duele mucho lo que me dijeron,triste
fijate que todo el mundo sigue y yo estoy quieto de verdad,triste
te digo que me da miedo no poder controlarlo y no puedo calmarlo,miedo
te juro que publicaron algo mio sin pedirme permiso y no se que hacer,enojo
fijate que me toco irme del barrio que queria y eso me duele,triste
mira nada me salio bien hoy pero no digo nada,enojo
me cuesta aceptar que eso ya termino pero bueno,triste
en este momento me siento orgulloso esta semana,feliz
estoy re contento con todo,feliz
me perdi un momento importante pero necesitaba decirlo,triste
vieja me sacaron de la jugada sin ninguna explicacion y ya,enojo
la verdad es que me enfurece tu actitud sin excusas,enojo
la verdad es que tuve que fingir que estaba bien toda la noche de verdad,triste
fijate que tengo miedo de que no me entiendan y me pesa cargarlo solo,miedo
no te miento algo me dice que las cosas van a cambiar mal y nadie lo sabe,miedo
hoy no me puedo sacar esta sensacion de encima y nadie lo sabe,miedo
sinceramente me cambiaron el turno sin avisarme,enojo
ahora mismo me siento muy bien conmigo mismo sinceramente,feliz
hoy me siento muy dichoso en este momento y estoy muy contento,feliz
es que logre ahorrar lo que necesitaba pero bueno,feliz
de verdad estoy muy bajoneado con todo y no lo puedo superar,triste
ultimamente tengo ansiedad por lo que viene y me afecta mucho,miedo
mira que eso estuvo muy feo,enojo
hoy usaron lo que les conte en mi contra y me tiene agotado,enojo
lo que es cierto es que me alegra ver que todo salio bien,feliz
te digo que tengo panico de perder lo que tengo,miedo
te juro que me da miedo no estar a la altura de lo que se espera y me afecta,miedo
es que me echaron la culpa de lo que salio mal,enojo
bro hoy el clima estuvo perfecto de verdad,feliz
la verdad siento que me quede atras pero bueno,triste
oye me canse de esperar que las cosas cambien solas bro,triste
te cuento que no tenemos para el arriendo este mes pero bueno,triste
la verdad es que que manera tan irresponsable de actuar en serio,enojo
me siento sin energia por todo lo que paso,triste
sinceramente mi jefe quedo contento con mi trabajo y trato de disimularlo,feliz
lo que pasa es que extraño como eran las cosas antes y no puedo evitarlo,triste
hoy fue un dia muy gris la verdad,triste
sinceramente estoy muy preocupado ultimamente,miedo
fijate que me usaron cuando les convenia y despues nada de verdad,enojo
no entiendo como puedes actuar asi y no lo voy a tolerar,enojo
es que me llamaron de la empresa y no dijeron para que y me tiene mal,miedo
de verdad me entristece mucho la situacion y me duele mucho,triste
la verdad siento que voy a fallar manana la verdad,miedo
para serte honesto ya les dije mil veces y no cambia nada y me pesa cargarlo solo,enojo
no te miento tengo miedo de que me vaya mal en las parciales y no se que hacer,miedo
fijate que me paraliza no saber cual es el camino correcto y ya,miedo
me siento muy contento con el equipo y no lo puedo creer,feliz
hermano me aterra quedar mal frente a todos,miedo
tengo panico de fallar cuando todos confian en mi,miedo
te juro que me da panico enviar ese mensaje y quedar mal,miedo
hoy me siento sin energia y me afecta mucho,triste
oye me duele el alma todo el tiempo,triste
en serio hoy me fue de pelos parce,feliz
es que me pidieron que fuera a recursos humanos parce,miedo
ahora mismo estoy muy preocupado otra vez,miedo
estoy muy emocionado con lo que viene de verdad,feliz
te cuento que me mandaron un mensaje raro y no entiendo que quieren de verdad,miedo
en serio me siento muy triste hoy de verdad,triste
me preocupa demasiado esto por todo lo que paso,miedo
ultimamente me aceptaron en la universidad y me tiene mal,feliz
hoy nacio mi hijo y me tiene mal,feliz
te cuento que mi familia se fue a vivir lejos y me siento solo pero bueno,triste
me piden experiencia para un trabajo de principiante de verdad,enojo
es que me case hoy y nadie lo sabe,feliz
te cuento que todo me pesa demasiado y no lo puedo ocultar,triste
es que me sacaron de la jugada sin ninguna explicacion,enojo
es que me corrigieron el tono sin escuchar lo que dije y me afecta mucho,enojo
en este momento me siento sin energia por todo lo que paso,triste
es que tuve que dejar mis estudios,triste
ahora mismo estoy pasando un gran momento todo el tiempo,feliz
sinceramente vi que me sacaron de un grupo y no dije nada,triste
sinceramente el resultado me tiene muy angustiado sinceramente,miedo
para serte honesto me angustia no saber como interpretar eso y me cuesta mucho,miedo
hoy me tiene muy intranquilo todo esto y eso me duele,miedo
estoy muy cansado de lucharla solo pero bueno,triste
me llamaron de la empresa y no dijeron para que pero bueno,miedo
fijate que me dejo mi novia y estoy muy bajoneado pero bueno,triste
honestamente no puedo mas con esta situacion y me parece muy mal,enojo
sinceramente se burlaron de algo que me costo decir y no puedo evitarlo,enojo
la verdad es que me siento muy feliz ahora mismo y es lo mejor que me paso,feliz
lo que pasa es que no se si estoy listo para esto y no se que hacer,miedo
hoy me siento solo aunque este rodeado de gente de verdad,triste
me toco vender el carro que tanto queria parce,triste
parce me tiene muy preocupado lo que esta pasando y no es facil,miedo
te juro que me angustia no saber como interpretar eso y nadie lo entiende,miedo
oye me aprobo el credito el banco y me cuesta mucho,feliz
no se si contarte pero me dijeron que exageraba y no se que hacer,enojo
sinceramente hice algo que me daba miedo y salio bien y me cuesta mucho,feliz
te cuento que el medico me dijo que necesita hablar conmigo pero bueno,miedo
es que siento un temor muy grande ahora mismo y no se que hacer,miedo
me descuentan del sueldo cosas que no firmé y nadie lo sabe,enojo
me tiene muy preocupado lo que esta pasando y no es facil,miedo
ayer no pude comer hoy y no sé qué hacer,triste
estoy con el animo muy por el piso pero bueno,triste
es que me da mucho miedo lo que dijeron de verdad,miedo
me mandaron de una oficina a otra sin solucion y me afecta,enojo
mira me canse de pedir ayuda y no recibirla la verdad,triste
hoy que dia tan especial fue hoy y no lo puedo creer,feliz
no hubo trafico hoy sinceramente,feliz
vieja me tienen muy mamado con esa vuelta,enojo
la verdad es que siento mucha angustia en este momento y no se que hacer,miedo
en serio me descuentan del sueldo cosas que no firmé y nadie lo sabe,enojo
lo que pasa es que no tengo con quien hablar y ya,triste
hoy todo salio excelente ultimamente,feliz
me da pena decirlo pero me ofrecieron un mejor cargo y me pesa cargarlo solo,feliz
en serio tengo panico de decir algo y que lo malinterpreten pero ya no puedo mas,miedo
sabes que estoy muy contento con mi progreso en serio,feliz
fijate que me tocó repetir el tramite porque perdieron mis papeles y eso me duele,enojo
sinceramente me da una ira terrible en serio,enojo
en serio me tienes agotado con tus cosas y ya me canse,enojo
es que borre todas mis fotos porque no me gustaba nada y ya,triste
hoy que quiere usted y no sé qué hacer,enojo
en este momento hoy fue un mal dia esta semana,triste
ultimamente me dijeron que me quieren y es agotador,feliz
bro me tiene muy molesto que nadie haga nada y me tiene pensando mucho,enojo
la verdad es que estoy muy apagado sin poder sonreir y quisiera que no fuera así,triste
en serio que buen dia para estar bien de verdad,feliz
te digo que me da terror no saber que va a pasar y no puedo calmarlo,miedo
te juro que me cambiaron el trabajo sin consultarme y trato de disimularlo,enojo
fijate que tengo miedo de que me vaya mal en las parciales pero bueno,miedo
estoy muy asustado con lo que se avecina,miedo
fijate que tengo miedo de embarrarla con esa decision parce,miedo
ultimamente me paralizo cuando tengo que decidir la verdad,miedo
la verdad vi algo que me dejo muy intranquilo y me afecta,miedo
me da mucha pena decirle eso a la gente y no es facil,miedo
la verdad siento que no tengo control de nada la verdad,miedo
te juro que me da mucho miedo entrar al salon y que todos me miren pero necesitaba decirlo,miedo
ahora mismo me interrumpieron cada vez que hable de verdad,enojo
no te miento entregue el proyecto a tiempo,feliz
ultimamente por fin me contestaron y me cuesta mucho,feliz
hoy me dijeron que si y despues que no de verdad,enojo
para serte honesto aprobe el examen y eso me pesa,feliz
hoy me tiene muy enojado esa situacion y me tiene mal,enojo
hoy descanse bien por primera vez en mucho tiempo de verdad,feliz
la verdad todo me fastidia en este momento,enojo
en este momento estoy pasando un gran momento esta semana,feliz
nada tiene sentido otra vez,triste
te digo que me siento muy agradecido con la vida hoy y no puedo evitarlo,feliz
la verdad es que estoy muy alegre con lo que vivo en serio,feliz
me aterra pensar en perder el control y eso me preocupa mucho,miedo
parce tengo miedo de que me vaya mal en las parciales la verdad,miedo
lo que pasa es que cambiaron las reglas sin avisarme sinceramente,enojo
sinceramente todo esta saliendo bien en este momento,feliz
no se si contarte pero ya les dije mil veces y no cambia nada sinceramente,enojo
es que tengo miedo de que todo se derrumbe y me tiene muy nervioso,miedo
oye me etiquetaron en algo que me alegro el dia y me tiene agotado,feliz
me siento increible,feliz
lo que es cierto es que me siento muy bien y muy contento sin duda,feliz
me tiene muy irritado todo esto de verdad,enojo
de verdad siento que todo se fue y no volvera y no lo puedo superar,triste
te juro que que actitud tan mala la tuya y ya me canse,enojo
me hicieron firmar algo que no entendi,enojo
sinceramente todo me irrita por todo lo que paso,enojo
hoy me da muy duro enfrentar esa conversacion de verdad,miedo
te digo que me comparan con otros y eso me molesta mucho y no se que hacer,enojo
desde hace dias no duermo de la preocupacion,miedo
ultimamente todo esta funcionando bien y me afecta mucho,feliz
lo que pasa es que me dejaron solo en esto todo el tiempo,triste
lo que es cierto es que me siento muy agradecido con la vida y es lo mejor que me paso,feliz
fuimos a la finca y fue muy bacano y no se que hacer,feliz
te cuento que me dieron la beca y no puedo evitarlo,feliz
mira tengo miedo de que me cancelen por algo que dije y no se que hacer,miedo
siento panico de enfrentar lo que viene de verdad,miedo
hoy tengo miedo de ver lo que me respondieron y no es facil admitirlo,miedo
en serio siento que no le importo a nadie de verdad y no lo digo seguido,triste
hoy tengo ansiedad por lo que viene por todo lo que paso,miedo
no se si contarte pero tengo miedo de ver lo que me respondieron y me pesa cargarlo solo,miedo
ahora mismo estoy rodeado de gente y me siento solo y me afecta mucho,triste
fijate que me hicieron sentir especial y no lo puedo ocultar,feliz
oye nadie entendio como me sentia,triste
no te miento me siento invisible todo el tiempo,triste
oye no tenemos para el arriendo este mes pero bueno,triste
fijate que aprobe la materia que tenia perdida y me tiene agotado,feliz
ahora mismo estoy demasiado molesto otra vez,enojo
hoy me tiene muy triste esta vuelta y no es facil,triste
hoy me invitaron a participar en algo importante y me afecta,feliz
es que siento que las cosas mejoran y me afecta mucho,feliz
en serio estoy muy ido hoy no se que me pasa parce,triste
te cuento que mi familia esta bien y ya,feliz
la verdad tengo panico de fallar cuando todos confian en mi,miedo
mira me tiene muy bajoneado lo que paso y no es facil,triste
ultimamente no puedo creer lo que hicieron y me tiene mal,enojo
sinceramente tengo ansiedad otra vez,miedo
me da mucho miedo lo que puede pasar y eso me preocupa mucho,miedo
realmente me sacaron la paciencia todo el tiempo,enojo
sinceramente me fue muy mal en el examen y no lo digo seguido,triste
me da terror pensar que no hay salida y me tiene muy nervioso,miedo
te cuento que me prometieron el trabajo y al final le dieron a otro y eso me duele,enojo
para serte honesto tengo miedo de caerle mal sin querer sinceramente,miedo
la verdad es que no voy a tolerar ese comportamiento y eso no esta bien,enojo
todo esta fluyendo muy bien ultimamente y no es facil,feliz
hoy ya no esta la persona que queria y no lo puedo ocultar,triste
realmente me siento muy triste por todo lo que paso,triste
para serte honesto estoy muy ilusionado con lo que viene pero no digo nada,feliz
sinceramente estoy disfrutando mucho ultimamente,feliz
no puedo creer tu irresponsabilidad,enojo
desde ayer estoy harto de todo desde hace dias,enojo
en serio esto me parece una falta de respeto total y me afecta mucho,enojo
hoy me siento motivado desde hace dias,feliz
fijate que me mencionaron en algo que me puso en ridiculo,enojo
es que me graduo este mes y no se que hacer,feliz
te cuento que estoy muy ido hoy no se que me pasa pero bueno,triste
sinceramente estoy muy apagado y sin energia y no se como seguir,triste
es que estoy muy mamado de todo y no puedo evitarlo,triste
no puedo evitar que estoy muy angustiado con las noticias de hoy y eso me preocupa mucho,miedo
me da pena decirlo pero me hicieron una videollamada sorpresa y no se que hacer,feliz
desde hace dias me tratan diferente y no entienden por que me molesta y no lo digo seguido,enojo
no puedo evitar que me da mucho miedo lo que dijeron,miedo
no se no me reconozco ultimamente y me afecta,triste
lo que pasa es que tengo panico de decir algo y que lo malinterpreten sinceramente,miedo
no te miento no es la primera vez y eso me tiene agotado,enojo
mira cumpli la meta que me habia puesto,feliz
fijate que tengo una entrevista y me muero del susto de verdad,miedo
estoy muy triste con el resultado de verdad,triste
en serio por fin termine el proyecto pero no digo nada,feliz
bro tengo miedo de que me cancelen por algo que dije,miedo
hoy estoy muy agradecido por todo,feliz
hoy me copiaron el contenido y ni siquiera lo cambiaron pero bueno,enojo
lo que pasa es que me da ansiedad conocer gente nueva y no puedo evitarlo,miedo
siento que ya no tengo fuerzas para nada,triste
desde ayer me siento sin energia y no se que hacer,triste
manana es el dia y no estoy listo y no puedo evitarlo,miedo
hoy me encanta este momento esta semana,feliz
no se si contarte pero mi grupo hizo el trabajo sin contar conmigo sinceramente,triste
mira me siento solo aunque este rodeado de gente de verdad,triste
lo que pasa es que me trataron como si no existiera sinceramente,enojo
dije algo que no quise decir y no se como explicarlo y me tiene agotado,triste
fijate que mañana es la presentacion y no estoy listo y estoy mal,miedo
no te miento me tiene con los nervios destrozados y nadie lo sabe,miedo
la verdad me dieron la beca de la universidad publica de verdad,feliz
la verdad es que hoy me senti comodo siendo yo mismo sinceramente,feliz
mira mi familia esta pasando un momento muy dificil y me tiene mal,triste
aprobe todas las materias este semestre la verdad,feliz
me da pena decirlo pero me escribieron para disculparse y me alegro y nadie lo entiende,feliz
mira me ignoraron cuando tenia toda la razon y me tiene mal,enojo
es que defendi mi proyecto y quede bien y ya,feliz
te digo que tengo miedo de que las cosas empeoren de verdad,miedo
la verdad ya no tengo ganas ultimamente,triste
prometió llegar a tiempo y llegó dos horas tarde sin avisar,enojo
es que me siento muy bien conmigo mismo y no se que hacer,feliz
es que tengo algo importante manana y no puedo dormir pero bueno,miedo
hoy me asusta no saber si voy a conseguir trabajo y ya,miedo
mira nadie entendio como me sentia y necesito que alguien me entienda,triste
ultimamente me salio rico lo que cocine y eso me pesa,feliz
te cuento que me da miedo ir al medico otra vez,miedo
hoy me siento desconectado de todo y necesito que alguien me entienda,triste
hoy me dejo mi novio y estoy muy mal y me cuesta mucho,triste
ultimamente estoy muy preocupado otra vez,miedo
te digo que hoy fue exactamente lo que necesitaba y nadie lo entiende,feliz
oye siento que finjo estar bien tan seguido que ya ni se y me cuesta aceptarlo,triste
utilizó algo que le conté en confianza en mi contra,enojo
estoy muy emocionado con esto sin duda,feliz
en serio me dejo mi novia y estoy muy bajoneado,triste
sinceramente me hicieron esperar demasiado pero no digo nada,enojo
estoy muy asustado con lo que puede pasar y me tiene mal,miedo
hoy siento que a nadie le importo,triste
te cuento que me siento invisible la verdad,triste
es que siento que a nadie le importo todo el tiempo,triste
siento panico cuando pienso en eso y eso me preocupa mucho,miedo
estoy con una nota hoy,feliz
me pusieron a hacer el trabajo de todos y no es facil,enojo
la verdad es que sonrei todo el tiempo pero por dentro lloraba y me pesa cargarlo solo,triste
te digo que estoy muy nervioso y no puedo calmarme,miedo
la verdad es que no puedo creer tanta irresponsabilidad y no lo entiendo,enojo
sinceramente siento demasiado temor esta semana,miedo
no puedo evitar que me da terror pensar en esa posibilidad,miedo
sinceramente estoy muy triste con lo que paso de verdad,triste
sinceramente me tiene muy irritado todo esto,enojo
definitivamente me siento excelente y me encanta,feliz
fijate que no logre lo que esperaba la verdad,triste
lo que pasa es que estoy con las personas que amo otra vez,feliz
me hicieron repetir el tramite tres veces y no puedo evitarlo,enojo
ahora mismo tengo un presentimiento muy malo y me tiene mal,miedo
hoy no aguanto mas esta semana,enojo
hoy me hicieron perder un dia entero sinceramente,enojo
la verdad hoy amaneci con mucha energia todo el tiempo,feliz
para serte honesto me siento realizado y no se que hacer,feliz
hoy mi abuelo ya no esta de verdad,triste
sinceramente me hicieron repetir el tramite tres veces,enojo
siento que algo esta pasando y nadie me dice que y me tiene mal,miedo
men subi una foto y me arrepenti de haberla subido y me afecta,triste
sinceramente me trataron como si yo fuera el problema y ya,enojo
por fin me salio el pasaporte la verdad,feliz
para serte honesto me dieron la beca y no puedo evitarlo,feliz
oye compre mi primera casa y nadie lo sabe,feliz
desde hace dias me quede callado cuando debi haber hablado,triste
es que me da terror pensar que no hay salida y me tiene muy nervioso,miedo
hoy me excluyeron de la decision sin explicacion y no lo digo seguido,enojo
ultimamente siento que no le importo a nadie de verdad y trato de disimularlo,triste
vieja me citaron a declarar y estoy muy nervioso pero bueno,miedo
mira tengo panico de que me pregunten algo en clase,miedo
es que me canse de pedir ayuda y no recibirla de verdad,triste
la verdad es que estoy muy nervioso de cara a lo que viene y me tiene muy nervioso,miedo
te juro que me pagan mal y me exigen demasiado,enojo
desde ayer tengo mucho miedo en este momento,miedo
hoy todo me genera ansiedad ultimamente y me tiene mal,miedo
de verdad me alegra mucho saber eso,feliz
desde hace dias hoy llore sin saber por que y eso me pesa,triste
me siento inseguro todo el tiempo,miedo
te juro que me copiaron el trabajo y lo publicaron como propio y no puedo evitarlo,enojo
alguien me entendio sin que yo explicara mucho y no se como manejarlo,feliz
sinceramente hoy descanse muy bien y no se que hacer,feliz
mira tengo miedo de que me quiten el trabajo hermano,miedo
no puedo creer que no puedo soportar esta situacion en serio,enojo
hoy me siento muy agradecido con la vida y estoy muy contento,feliz
hoy me siento realizado,feliz
lo que pasa es que perdi tiempo en algo que no valio otra vez,enojo
hicimos sancocho en familia y fue muy rico,feliz
ahora mismo siento que fracase y no se que hacer,triste
realmente estoy temblando de nervios ultimamente,miedo
te cuento que me salio el negocio que queria parce,feliz
fijate que me dieron una sorpresa muy bonita hoy y ya,feliz
te cuento que el partido de colombia salio bien la verdad,feliz
no te miento que descaro tan grande el de esa gente,enojo
hoy defendi mi proyecto y quede bien y no se que hacer,feliz
honestamente me hicieron perder el tiempo todo el tiempo,enojo
hoy me atracaron y me afectó mucho,enojo
ultimamente por fin me contestaron y nadie lo entiende,feliz
oye eso estuvo muy mal hecho,enojo
men me canse de esperar que las cosas cambien solas,triste
la verdad no me puedo sacar esta sensacion de encima,miedo
oye que falta de respeto tan grande en serio,enojo
todo el mundo esta en planes y yo solo en casa,triste
es que siento que finjo estar bien tan seguido que ya ni se la verdad,triste
no te miento tengo panico de fallar frente a todos otra vez,miedo
ahora mismo me siento motivado con todo lo que paso,feliz
realmente me siento muy feliz desde hace dias,feliz
en serio siento que nada tiene sentido ahora y no lo puedo superar,triste
tengo miedo de que me quiten el trabajo y ya,miedo
no te miento ya no tengo fuerzas para nada sinceramente,triste
hoy siento que me quede atras y no se que hacer,triste
qué descaro,enojo
hoy fuimos a la finca y fue muy bacano,feliz
que alegria tan grande siento,feliz
hoy tengo panico y me afecta mucho,miedo
realmente tengo panico otra vez,miedo
me entristece ver como cambiaron las cosas y me duele mucho,triste
te juro que hoy descanse bien por primera vez en mucho tiempo,feliz
oye me da una ira terrible en serio,enojo
no te miento me pone muy nervioso hablar en publico,miedo
vieja estoy que no me la creo parce,feliz
men subi algo y nadie reacciono y me senti invisible,triste
desde hace dias nada de lo que hago vale la pena y me afecta mucho,triste
mira ya no hablo con mi parcero de toda la vida parce,triste
me da una bronca tremenda sin excusas,enojo
la verdad es que estoy muy angustiado con las noticias de hoy y no puedo calmarlo,miedo
me da mucho miedo no estar listo y eso me preocupa mucho,miedo
lo que pasa es que me siento desconectado de todo de verdad,triste
hoy se burlaron de mi y necesito que alguien me entienda,enojo
la verdad es que mi jefe quedo contento con mi trabajo pero ya no puedo mas,feliz
hoy me fallaron cuando mas los necesitaba y no lo puedo ocultar,triste
mira me tiene muy angustiado esa situacion,miedo
sabes que estoy muy contento con el resultado de verdad,feliz
en serio me da ansiedad abrir ese chat y no se que hacer,miedo
me siento muy pleno y contento,feliz
mira quedamos de una con el plan y no se que hacer,feliz
te cuento que me robaron y no lo puedo creer,enojo
en serio publico algo que me dejo muy mal y me pesa cargarlo solo,triste
mira me piden experiencia para un trabajo de principiante bro,enojo
sinceramente fuimos a la finca y fue muy bacano,feliz
en serio pude expresarme sin que me juzgaran y me cuesta mucho,feliz
me da pena decirlo pero me invitaron a participar en un proyecto de verdad,feliz
es que me fue bien en el icfes la verdad,feliz
no se si contarte pero me ofrecieron un mejor cargo y nadie lo entiende,feliz
hoy siempre me pasa lo mismo con las mismas personas y no se como manejarlo,enojo
mira estoy muy asustado con lo que puede pasar pero bueno,miedo
me cayo muy bien esa persona hermano,feliz
oye me tiene muy enojado esa situacion y eso me duele,enojo
definitivamente todo esta mejorando con todo lo que paso,feliz
hoy siento que todo el mundo sigue y yo me quede quieto,triste
no te miento por fin lo logre de verdad,feliz
prometieron y no cumplieron otra vez,enojo
no te miento siento que me quede atras y nadie lo sabe,triste
ayer me robaron y no lo puedo creer,enojo
es que me toco irme del barrio que queria parce,triste
te cuento que me da pena hablar en publico y manana me toca pero bueno,miedo
te cuento que me quedé sin trabajo y me afectó mucho,triste
mira lo que paso me pidieron algo de ultimo momento y no se que hacer,enojo
sinceramente me siento tranquilo y feliz todo el tiempo,feliz
te juro que ya no quiero hablar de eso porque nadie entiende bro,triste
oye no es la primera vez y eso me tiene agotado y me tiene agotado,enojo
sinceramente me siento realizado y no puedo evitarlo,feliz
ahora mismo me enfurece que actuen asi de verdad,enojo
ultimamente mi familia esta bien y no se que hacer,feliz
ahora mismo todo me irrita y estoy cansado,enojo
mira no me puedo quitar esa preocupacion de encima,miedo
oye me graduo este sabado pero necesitaba decirlo,feliz
la verdad es que que falta de respeto tan grande y punto,enojo
tengo miedo de tomar una decision y que salga mal,miedo
sinceramente me da pena que se den cuenta que no entendi y eso me duele,miedo
ahora mismo siento demasiado temor y no puedo dormir,miedo
ultimamente pude mantener una conversacion sin angustiarme y nadie lo entiende,feliz
no es justo,enojo
la verdad me perdi un momento importante pero necesitaba decirlo,triste
ultimamente me comi algo rico y me alegro el dia y nadie lo entiende,feliz
me da pena decirlo pero no entendi el tono del mensaje y me confundi pero ya no puedo mas,triste
me da susto pedir el favor porque me da pena parce,miedo
oye me cancelaron la cita sin avisar de verdad,enojo
en serio tuve que fingir que estaba bien toda la noche y eso me tiene mal,triste
no puedo evitar que estoy muy nervioso por los resultados,miedo
hoy me mintieron descaradamente en la cara y ya,enojo
es que me pusieron obstaculos que no tenian sentido la verdad,enojo
fijate que que perro tan feo y ya,enojo
la verdad me prometieron algo y no lo cumplieron y me tiene mal,enojo
oye hoy fue exactamente lo que necesitaba,feliz
me da pena decirlo pero me eliminó de sus contactos sin decir nada de verdad,triste
ahora mismo me da pavor equivocarme y eso me pesa,miedo
fijate que me salio el cupo en el sena y ya,feliz
de verdad me duele mucho lo que dijiste y no lo puedo superar,triste
oye todo cambio de golpe de verdad,triste
ayer no quiero nada mas contigo y no sé qué hacer,enojo
no te miento todo me genera ansiedad ultimamente,miedo
es que me ignoraron cuando tenia toda la razon parce,enojo
hermano me fue de maravilla en la entrevista,feliz
no se para donde voy y eso me asusta y me pone triste y me cuesta aceptarlo,triste
en serio me entristece mucho lo que hiciste y no se como seguir,triste
la verdad me siento muy feliz y me afecta mucho,feliz
hoy todo cambio de golpe pero bueno,triste
oye estoy demasiado angustiado para pensar y no lo puedo ocultar,miedo
mira lo que paso nadie me eligio para su equipo y quisiera que alguien me ayudara,triste
parce me tiene con los nervios destrozados,miedo
te cuento que me trataron muy mal sin razon y no se que hacer,enojo
ahora mismo me ignoraron completamente y no lo puedo ocultar,enojo
desde hace dias me hablaron muy mal la verdad,enojo
en serio siento una tristeza profunda que no pasa y me duele mucho,triste
ultimamente todo me hace enojar por todo lo que paso,enojo
de verdad siento que todo se fue y no volvera,triste
en serio no puedo mas con tanto todo el tiempo,triste
mira me enfurece que actuen asi la verdad,enojo
ahora mismo estoy muy contento de verdad,feliz
en serio prometieron y no cumplieron y ya,enojo
sinceramente algo me dice que las cosas van a cambiar mal pero necesitaba decirlo,miedo
sinceramente me mencionaron en algo que me puso en ridiculo de verdad,enojo
me fue de maravilla en la entrevista y no puedo evitarlo,feliz
ahora mismo siento que nadie me toma en serio y no lo digo seguido,enojo
mi familia se fue a vivir lejos y me siento solo y ya,triste
te digo que siento que nada tiene sentido ahora,triste
sinceramente ya no se que hacer por todo lo que paso,triste
me copiaron el contenido y ni siquiera lo cambiaron y no puedo evitarlo,enojo
no se si contarte pero tengo miedo de haber arruinado algo sin saberlo y me cuesta mucho,miedo
te juro que me tiene muy cansado esa actitud y no es facil,enojo
en serio me tienen hasta la coronilla y ya,enojo
me siento muy mal con lo que paso de verdad,triste
realmente me siento destruido por todo lo que paso,triste
siento que si me equivoco no hay vuelta atras y me afecta,miedo
de verdad que buena noticia me dieron hoy en serio,feliz
lo que pasa es que que falta de respeto tan grande en serio,enojo
no me gusto tu trabajo y me afectó mucho,enojo
ultimamente tengo miedo de haber arruinado algo sin saberlo y eso me tiene mal,miedo
vieja me tiene muy apagado esta situacion la verdad,triste
me hicieron repetir el tramite tres veces y nadie lo sabe,enojo
para serte honesto tengo miedo de mandar ese mensaje y que lo tomen mal y me tiene agotado,miedo
me salio la receta que estaba intentando de verdad,feliz
sinceramente me preocupa haber dicho algo sin darme cuenta y trato de disimularlo,miedo
me da terror enfrentar esto solo y es agotador,miedo
es que me salio la receta que estaba intentando y ya,feliz
vieja me mintieron descaradamente en la cara y me tiene mal,enojo
lo que pasa es que me saco del grupo sin razon y no se que hacer,triste
fijate que logre ahorrar lo que necesitaba y ya,feliz
en serio me tiene muy enojado esa situacion y no es facil,enojo
hoy estoy muy agradecido por este momento,feliz
siento que algo esta muy mal y me asusta,miedo
es que estoy muy nervioso y no puedo calmarme y no puedo calmarlo,miedo
oye me exigen resultados sin darme las herramientas la verdad,enojo
ultimamente me da terror decepcionar a alguien que confio en mi de verdad,miedo
lo que pasa es que me duele mucho esta situacion y me duele mucho,triste
en este momento esto es injusto todo el tiempo,enojo
te cuento que mi abuelo ya no esta sinceramente,triste
ultimamente siento que todos avanzan menos yo y me cuesta aceptarlo,triste
lo que pasa es que hicieron algo injusto y nadie dijo nada otra vez,enojo
hoy algo cambio de repente y no entiendo por que y no se que hacer,miedo
te digo que todo el mundo esta en planes y yo solo en casa y no se que hacer,triste
la verdad me prometieron algo y no lo cumplieron,enojo
no te miento quede encantado con como salio todo,feliz
sinceramente me siento inseguro en este momento,miedo
realmente todo me afecta demasiado,triste
es que todo el mundo sigue y yo estoy quieto sinceramente,triste
es que me usaron y despues me ignoraron otra vez,enojo
la verdad es que siento un temor muy grande ahora mismo y no puedo calmarlo,miedo
la verdad es que tengo miedo de que las cosas cambien de repente pero necesitaba decirlo,miedo
no se si contarte pero me dieron el viernes libre de verdad,feliz
sinceramente me tiene muy apagado esta situacion,triste
me agota tu comportamiento y ya me canse,enojo
en serio estoy muy enojado y estoy cansado,enojo
ahora mismo me da ansiedad conocer gente nueva todo el tiempo,miedo
ultimamente hoy me senti muy bien conmigo mismo,feliz
vieja no me puedo quitar esa preocupacion de encima de verdad,miedo
mira lo que paso siento que nadie me toma en serio de verdad,enojo
hoy me siento lleno de energia ultimamente,feliz
en serio hoy me vi bien en el espejo y me gusto y me tiene pensando mucho,feliz
te cuento que tengo panico de que me pregunten algo en clase hermano,miedo
te cuento que nos separamos despues de mucho tiempo pero bueno,triste
ultimamente me enfurece que actuen asi y no lo puedo ocultar,enojo
la verdad que descaro tan grande el de esa gente y eso me duele,enojo
me duele mucho lo que ocurrio y me duele mucho,triste
en serio me toco dejar los estudios por plata y no puedo evitarlo,triste
me alegra mucho el resultado final y es lo mejor que me paso,feliz
en este momento me preocupa el futuro y eso me preocupa,miedo
me da pena decirlo pero mi grupo hizo el trabajo sin contar conmigo y eso me tiene mal,triste
mira me interrumpieron todo el tiempo y no puedo evitarlo,enojo
te cuento que me usaron cuando les convenia y despues nada parce,enojo
realmente todo salio perfecto en este momento,feliz
en serio me siento muy triste y desolado y no lo puedo superar,triste
hoy por fin me compre lo que queria y me afecta,feliz
la verdad me borraron un comentario que tenia toda la razon pero bueno,enojo
perdi mi negocio y no se como seguir y me tiene mal,triste
hoy cargue con toda la responsabilidad del grupo de verdad,enojo
me tocó repetir el tramite porque perdieron mis papeles parce,enojo
realmente nada tiene sentido todo el tiempo,triste
me prometieron que no volveria a pasar pero ya no puedo mas,enojo
hoy estoy muy bacano con la noticia la verdad,feliz
es que me faltaron el respeto delante de todos pero bueno,enojo
la verdad me dejo mi novia y estoy muy bajoneado de verdad,triste
sinceramente estoy muy contento desde hace dias,feliz
en serio me pusieron a hacer el trabajo de todos y nadie lo sabe,enojo
nadie hace las cosas bien aqui sinceramente,enojo
estoy disfrutando mucho en este momento,feliz
te digo que siento que no soy suficiente,triste
hoy nacio mi hija pero necesitaba decirlo,feliz
me tiene harto tu falta de respeto y me parece muy mal,enojo
no te miento me salio el traslado que pedi,feliz
mira lo que paso me dejo de seguir en redes sociales pero necesitaba decirlo,triste
no puedo mas con tanto todo el tiempo,triste
desde ayer me siento inseguro ultimamente,miedo
sinceramente me interrumpieron todo el tiempo y no puedo evitarlo,enojo
me indigna mucho tu comportamiento y punto,enojo
oye tengo miedo de embarrarla con esa decision pero bueno,miedo
ahora mismo me etiquetaron en algo que me alegro el dia y no se que hacer,feliz
me da pena decirlo pero no entendi el tono del mensaje y me confundi y no es facil admitirlo,triste
me tiene muy preocupado lo que esta pasando la verdad,miedo
no puedo evitar que siento un miedo terrible ahora mismo de verdad,miedo
la verdad es que que maravilloso momento estoy viviendo,feliz
que dia tan exitoso fue hoy en serio,feliz
bro me invitaron a participar en algo importante y no es facil,feliz
hoy me senti muy bien conmigo mismo,feliz
oye me da pavor equivocarme y no se que hacer,miedo
hoy me tiene muy triste esta vuelta la verdad,triste
no puedo creer que no voy a tolerar ese comportamiento de verdad,enojo
mira lo que paso alguien me entendio sin que yo explicara mucho de verdad,feliz
men me salio el primer cliente de verdad,feliz
de verdad que felicidad tan grande siento ahora,feliz
hoy me sacaron la paciencia en este momento,enojo
para serte honesto me toco el dia libre la verdad,feliz
siento que el tiempo paso y yo no hice nada y ya,triste
que buena suerte la mia hoy y estoy muy agradecido,feliz
en serio me trataron como si yo fuera el problema y no puedo evitarlo,enojo
en serio me pone muy nervioso tener que dar explicaciones la verdad,miedo
desde hace dias hicieron algo injusto y nadie dijo nada pero no digo nada,enojo
mira lo que paso me di cuenta que no me invitaron a la reunion,triste
eres la persona mas egoista que conozco,enojo
te cuento que me hicieron sentir especial de verdad,feliz
oye por fin lo logre y me tiene mal,feliz
desde ayer no aguanto mas y me afecta mucho,enojo
fijate que hoy fue un dia muy chévere,feliz
no se que va a pasar y me aterra,miedo
en serio no supe leer la situacion y meti la pata pero necesitaba decirlo,triste
dijeron mentiras sobre mi en redes de verdad,enojo
hoy vi algo que me dejo muy intranquilo y no se que hacer,miedo
lo que pasa es que me saca de mis casillas esto y ya me canse,enojo
sinceramente siento mucha presion ultimamente,miedo
es que siento que finjo estar bien tan seguido que ya ni se de verdad,triste
hoy me mandaron un audio muy lindo pero ya no puedo mas,feliz
ultimamente tengo ansiedad de aparecer en camara bro,miedo
sinceramente todo me genera ansiedad ultimamente sinceramente,miedo
hoy tengo algo importante manana y no puedo dormir,miedo
honestamente eres completamente irresponsable,enojo
vieja ya no hablo con mi parcero de toda la vida la verdad,triste
es que no tenemos para el arriendo este mes parce,triste
ultimamente siento que voy por buen camino y no puedo evitarlo,feliz
de verdad me canse de aguantarte y no lo voy a tolerar,enojo
me tocó repetir el tramite porque perdieron mis papeles y ya,enojo
de verdad no puedo mas con esta situacion y me parece muy mal,enojo
mira borre todas mis fotos porque no me gustaba nada la verdad,triste
hoy me cancelaron la cita sin avisar pero bueno,enojo
lo que pasa es que tengo un presentimiento muy malo pero no digo nada,miedo
es que me pone muy nervioso hablar en publico y no puedo evitarlo,miedo
hoy no me puedo quitar esa preocupacion de encima,miedo
ahora mismo me quede callado cuando debi haber hablado y me pesa cargarlo solo,triste
hoy el transporte salio tardisimo y llegue tarde por eso hermano,enojo
no quiero que me hables mas y me afectó mucho,enojo
no puedo evitar que estoy muy asustado con la situacion y no se que hacer,miedo
hoy estoy con las personas que amo todo el tiempo,feliz
no te miento me asusta pensar en el futuro otra vez,miedo
desde hace dias siento que el miedo no me deja avanzar y ya,miedo
fijate que me tiene muy intranquilo todo esto de verdad,miedo
lo que pasa es que tengo miedo de que las cosas cambien de repente y me pesa cargarlo solo,miedo
me duele el corazon con lo que paso de verdad,triste
mira hoy amaneci con toda la actitud pero bueno,feliz
ultimamente estoy agotado emocionalmente todo el tiempo,triste
fijate que me hicieron fila tres horas y no me atendieron,enojo
tomó una decisión que me afecta sin consultarme,enojo
no quiero salir solo,miedo
la verdad todo esta empeorando por todo lo que paso,triste
lo que pasa es que siento una melancolía muy profunda y quisiera que no fuera así,triste
la verdad estoy muy bravo con lo que paso y no se que hacer,enojo
te cuento que logre ahorrar lo que necesitaba pero necesitaba decirlo,feliz
no te miento logre ahorrar lo que necesitaba la verdad,feliz
no entendi el tono del mensaje y me confundi pero ya no puedo mas,triste
en serio me sorprendieron hoy y es agotador,feliz
no te miento me mandaron un audio muy lindo y me afecta mucho,feliz
hoy me quede callado cuando debi haber hablado y no se como manejarlo,triste
mira lo que paso no supe como responder y ahora me arrepiento y no lo digo seguido,triste
la verdad mi familia se fue a vivir lejos y me siento solo y me tiene mal,triste
no te miento no puedo creer lo que hicieron de verdad,enojo
hoy nos separamos despues de mucho tiempo,triste
sinceramente estoy agotado emocionalmente y no se que hacer,triste
te cuento que hoy me pagaron y no sé qué hacer,feliz
mira me dieron la beca y no se que hacer,feliz
no puedo evitar que estoy muy asustado sin saber que hacer y me tiene muy nervioso,miedo
ultimamente me da miedo no estar a la altura de lo que se espera,miedo
hoy estoy con una nota hoy de verdad,feliz
es que estoy que no me la creo de verdad,feliz
la verdad me siento muy feliz todo el tiempo,feliz
desde hace dias ya no esta la persona que queria y ya,triste
ahora mismo cambiaron las reglas sin avisarme y no se que hacer,enojo
fijate que me aterra quedar mal frente a todos parce,miedo
hermano me da mucha pena decirle eso a la gente pero bueno,miedo
lo que pasa es que estoy con las personas que amo y me afecta mucho,feliz
en serio todo me irrita y estoy cansado,enojo
tengo una entrevista y me muero del susto y no se que hacer,miedo
la verdad me fallaron cuando mas los necesitaba todo el tiempo,triste
de verdad me alegra mucho el resultado final y estoy muy agradecido,feliz
me hicieron sentir mal por preguntar sinceramente,enojo
que buena noticia me dieron hoy sin duda,feliz
hoy recibi buenas noticias esta semana,feliz
hoy que bonito dia fue este para todos y estoy muy contento,feliz
te cuento que mi familia esta bien y no puedo evitarlo,feliz
ultimamente usaron mis ideas sin darme credito pero bueno,enojo
la verdad me preocupa demasiado esto por todo lo que paso,miedo
ahora mismo me tiene completamente harto la verdad,enojo
no se si contarte pero hoy me senti comodo siendo yo mismo y no puedo evitarlo,feliz
me mandaron un audio muy lindo y nadie lo entiende,feliz
siento que el tiempo paso y yo no hice nada,triste
sinceramente llegue a los seguidores que queria y ya,feliz
la verdad no se como va a terminar esto y no se que hacer,miedo
oye no es la primera vez y eso me tiene agotado y me afecta mucho,enojo
para serte honesto me da ansiedad abrir ese chat pero ya no puedo mas,miedo
hoy eso me pone muy furioso parce y eso me duele,enojo
te juro que nadie noto que algo me pasaba y quisiera que alguien me ayudara,triste
realmente hoy fue maravilloso esta semana,feliz
la verdad es que alguien noto que estaba bien y me lo dijo y eso me tiene mal,feliz
hoy ya no aguanto mas esa situacion bro,enojo
te digo que que buena experiencia fue esa,feliz
la verdad es que tuve que fingir que estaba bien toda la noche y no se que hacer,triste
hoy me di cuenta que nadie me busca si yo no busco y ya,triste
definitivamente no aguanto mas en este momento,enojo
para serte honesto por fin termine el proyecto de verdad,feliz
te digo que me da miedo que graben algo mio sin permiso,miedo
la verdad me siento destruido ultimamente,triste
en serio que suerte tan grande la mia,feliz
mira me siento muy lejos de todos sinceramente,triste
lo que pasa es que mi grupo hizo el trabajo sin contar conmigo y nadie lo entiende,triste
la verdad las cosas estan saliendo como quiero,feliz
hoy por fin publique lo que venia trabajando,feliz
te digo que me alegra mucho saber eso,feliz
no te miento me dejaron,triste
sinceramente me siento furioso desde hace dias,enojo
estoy muy triste con lo que resulto y no lo puedo superar,triste
fijate que me tiene completamente harto otra vez,enojo
en serio me tiene muy enojado esa situacion pero bueno,enojo
men me preocupa mucho el futuro economico y ya,miedo
estoy muy feliz con mi vida y es lo mejor que me paso,feliz
ahora mismo todo esta mejorando otra vez,feliz
en serio me comparan con otros y eso me molesta mucho la verdad,enojo
en serio me salio todo bien y no me lo esperaba,feliz
me entristece mucho la distancia entre nosotros y no se como seguir,triste
no te miento me tiene con los nervios destrozados hermano,miedo
me echaron la culpa de algo que no hice sinceramente,enojo
que dia tan maravilloso fue hoy,feliz
fijate que siento que no le importo a nadie de verdad y quisiera que alguien me ayudara,triste
lo que es cierto es que que buen resultado tuvimos hoy en serio,feliz
siento una angustia muy grande ahora y no se que hacer,miedo
ultimamente ya no aguanto mas,enojo
es que quede encantado con como salio todo la verdad,feliz
hoy quiero estar solo,triste
mira me llamaron para el trabajo en medellin la verdad,feliz
desde hace dias siento que las cosas mejoran pero no digo nada,feliz
es que me tiene muy enojado esa situacion de verdad,enojo
honestamente eres muy desconsiderado con los demas,enojo
ahora mismo esto me parece una falta de respeto total pero no digo nada,enojo
lo que pasa es que alguien me entendio sin que yo explicara mucho y trato de disimularlo,feliz
es que publico algo que me dejo muy mal pero necesitaba decirlo,triste
hoy me siento muy motivado y feliz y estoy muy agradecido,feliz
mira tengo panico de fallar frente a todos y me afecta mucho,miedo
oye no puedo mas con esta situacion en serio,enojo
siento que estoy muy solo en todo esto de verdad,triste
estoy disfrutando mucho,feliz
hoy siento que la estoy embarrando en todo pero bueno,triste
ahora mismo me sacaron la paciencia todo el tiempo,enojo
ultimamente tengo ansiedad por lo que viene en este momento,miedo
es que se fue mi perro hoy,triste
tengo miedo de decir algo fuera de lugar y nadie lo entiende,miedo
mira siento que estoy de mas sinceramente,triste
ahora mismo tengo mucho miedo y eso me preocupa,miedo
es que me dieron el trabajo que queria pero bueno,feliz
fijate que me tiene completamente harto y me afecta mucho,enojo
no te miento pase el dia en cama otra vez,triste
sinceramente me dejaron,triste
en serio quise decir algo pero no encontre las palabras pero ya no puedo mas,triste
oye me siento re bien parce de verdad,feliz
la verdad me pusieron a hacer el trabajo de todos de verdad,enojo
ultimamente estoy agradecido por todo en este momento,feliz
ultimamente me da pavor equivocarme y no lo puedo ocultar,miedo
que falta de respeto tan grande sin excusas,enojo
hoy cambiaron todo sin avisarme y me afecta,enojo
hermano me cayo del cielo esa noticia parce,feliz
ayer me despidieron hoy,triste
parce me graduo el sabado en el paraninfo la verdad,feliz
hoy me quede callado cuando debi haber hablado y no es facil admitirlo,triste
no puedo evitar que siento un miedo enorme que no puedo controlar,miedo
no te miento termine mi tesis pero bueno,feliz
me descuentan del sueldo cosas que no firmé pero bueno,enojo
no se si contarte pero me da terror que noten que estoy nervioso y nadie lo entiende,miedo
en serio estoy muy decaido y sin fuerzas,triste
te juro que tengo panico de fallar cuando todos confian en mi la verdad,miedo
te digo que estoy muy apagado sin poder sonreir de verdad,triste
lo que pasa es que estoy muy apenado y sin palabras y no lo puedo superar,triste
sinceramente me faltaron el respeto delante de todos la verdad,enojo
es que me preocupa no poder pagar el arriendo el otro mes y ya,miedo
te cuento que compre mi primer carro,feliz
realmente me preocupa demasiado esto,miedo
hermano me da pena hablar en publico y manana me toca,miedo
no puedo con esta rabia que siento y no lo voy a tolerar,enojo
sinceramente tuve que dejar mis estudios y no puedo evitarlo,triste
lo que pasa es que me dejo en visto y no respondio y me afecta mucho,triste
hoy que dia tan maravilloso fue hoy,feliz
no puedo evitar que me aterra la idea de perder todo,miedo
la verdad es que me pusieron en evidencia en un grupo y no se como manejarlo,enojo
me da pena decirlo pero hable con alguien nuevo y no fue tan malo y no es facil admitirlo,feliz
realmente odio esta situacion por todo lo que paso,enojo
hoy fue un gran dia todo el tiempo,feliz
no te miento tengo miedo de que las cosas cambien de repente de verdad,miedo
realmente estoy muy preocupado y no se que hacer,miedo
me toco vender el carro que tanto queria y no puedo evitarlo,triste
te digo que siento una inquietud que no me deja tranquilo,miedo
oye me trataron muy mal sin razon,enojo
definitivamente no aguanto mas todo el tiempo,enojo
ultimamente me siento muy perdido con mi vida,triste
no entendi el tono del mensaje y me confundi y trato de disimularlo,triste
oye me da ansiedad cuando hay silencio en la conversacion y me pesa cargarlo solo,miedo
lo que pasa es que nadie noto que algo me pasaba pero ya no puedo mas,triste
hermano me tocó repetir el tramite porque perdieron mis papeles parce,enojo
vieja salimos a rumbear y la pase muy bien y ya,feliz
sinceramente tengo mucho miedo todo el tiempo,miedo
no puedo creer tanta irresponsabilidad sin excusas,enojo
desde ayer estoy muy contento otra vez,feliz
te juro que me da terror decepcionar a alguien que confio en mi y no puedo evitarlo,miedo
hoy me di cuenta que nadie me busca si yo no busco men,triste
siento una inquietud muy grande ahora y me tiene muy nervioso,miedo
en serio me reportaron sin motivo y me bloquearon la cuenta y me afecta,enojo
es que me hablaron muy mal y no se que hacer,enojo
en serio me da pena hablar en publico y manana me toca,miedo
hoy quiero estar solo por todo lo que paso,triste
desde hace dias me ignoraron completamente otra vez,enojo
te cuento que me hicieron sentir mal por preguntar sinceramente,enojo
hoy aprobe todas las materias este semestre parce,feliz
en este momento me siento vulnerable por todo lo que paso,miedo
lo que pasa es que me pusieron el visto y luego respondieron bien,feliz
estoy muy feliz con mis logros de verdad,feliz
la verdad todo me da miedo otra vez,miedo
te digo que siento un dolor emocional muy grande de verdad,triste
me dicen que me esfuerce mas cuando ya doy todo y me cuesta aceptarlo,enojo
te juro que publicaron algo mio sin pedirme permiso y no se como manejarlo,enojo
la verdad es que estoy muy nervioso por los resultados y eso me preocupa mucho,miedo
sinceramente me da terror pensar que no hay salida y me tiene muy nervioso,miedo
hoy encontre algo que habia perdido hace tiempo de verdad,feliz
no se me contactaron por mi trabajo y quede feliz y ya,feliz
sinceramente estoy muy emocionado y no se que hacer,feliz
oye estoy apostando todo a esto,miedo
ultimamente quiero estar solo y me afecta mucho,triste
te juro que usaron mis ideas sin darme credito pero bueno,enojo
ultimamente perdi algo muy importante y es agotador,triste
desde hace dias me corrigieron el tono sin escuchar lo que dije sinceramente,enojo
ahora mismo me dieron el viernes libre,feliz
la verdad es que publico algo que me dejo muy mal,triste
me llamaron de la empresa y no dijeron para que parce,miedo
ultimamente siento que cargue solo con todo de verdad,triste
fijate que tuve que repetir lo mismo mil veces sinceramente,enojo
sinceramente tengo ansiedad desde hace dias,miedo
mira por fin lo logre sinceramente,feliz
hoy me aprobo el credito el banco y no se que hacer,feliz
para serte honesto se burlaron de algo que me costo decir y me tiene agotado,enojo
que noticia tan buena me dieron de verdad,feliz
te digo que siento una tristeza que no puedo superar y no lo puedo superar,triste
parce estoy muy asustado con lo que puede pasar pero bueno,miedo
me pusieron en evidencia en un grupo y me afecta mucho,enojo
en serio estoy muy apenado por lo que paso y no se como seguir,triste
en serio me tiene muy preocupado lo que esta pasando la verdad,miedo
te cuento que me faltaron el respeto delante de todos la verdad,enojo
sinceramente todos parecen entender menos yo sinceramente,triste
es que ya no hablo con mi parcero de toda la vida y no puedo evitarlo,triste
la verdad es que estoy muy apagado y sin motivacion,triste
me fue de maravilla en la entrevista y nadie lo sabe,feliz
mira me dijeron que si y despues que no,enojo
ultimamente me siento inseguro esta semana,miedo
es que siento que algo esta pasando y nadie me dice que sinceramente,miedo
la verdad es que me angustia no saber como interpretar eso y me afecta mucho,miedo
hoy ya no quiero hablar desde hace dias,triste
me despidieron del trabajo y no lo puedo creer,triste
me siento muy bien por todo y es lo mejor que me paso,feliz
te cuento que estoy muy bravo con lo que paso,enojo
ayer perdi el trabajo todavía,triste
me critican las decisiones sin conocer mi situacion bro,enojo
tengo miedo de no tener a nadie conmigo y eso me preocupa mucho,miedo
tengo miedo de llegar a cierta edad sin haber logrado nada la verdad,miedo
la verdad estoy esperando una respuesta y me tiene nervioso y no se que hacer,miedo
es que hicieron algo injusto y nadie dijo nada y no puedo evitarlo,enojo
sinceramente estoy muy asustado y no se que hacer,miedo
en serio me siento completo y me tiene mal,feliz
mira siento que a nadie le importo y es agotador,triste
oye no quise hablar con nadie hoy otra vez,triste
es que me siento muy lejos de todos y ya,triste
te cuento que perdi mi trabajo hoy y ya,triste
es que llegue a los seguidores que queria y nadie lo entiende,feliz
hoy me despidieron hoy y estoy mal,triste
desde hace dias me interrumpieron cada vez que hable y me cuesta mucho,enojo
mira lo que paso me saco del grupo sin razon y no lo digo seguido,triste
te cuento que el medico me dijo que necesita hablar conmigo,miedo
es que ya no quiero esforzarme pero no digo nada,triste
es que me quitaron el like y eso me bajo el animo la verdad,triste
mira me cobraron de mas sin avisar todo el tiempo,enojo
es que me mandaron de una oficina a otra sin solucion y me afecta,enojo
oye hoy me vi bien en el espejo y me gusto,feliz
no se si contarte pero hoy no tuve que fingir que estaba bien y quisiera que alguien me ayudara,feliz
para serte honesto tengo los mejores amigos y no se que hacer,feliz
bro no me reconozco ultimamente,triste
parce me hablaron muy feo sin ninguna razon,enojo
ahora mismo me siento muy bien conmigo mismo y me afecta mucho,feliz
hoy me quede callado cuando debi haber hablado y nadie lo entiende,triste
estoy muy ido hoy no se que me pasa y no puedo evitarlo,triste
realmente me encanta este momento desde hace dias,feliz
ultimamente todo me pesa demasiado la verdad,triste
hoy me dijeron que si y despues que no y no puedo evitarlo,enojo
parce mi mejor amigo se fue para otro pais la verdad,triste
parce ya no somos lo que eramos y eso me entristece,triste
no te miento estoy con las personas que amo y no lo puedo ocultar,feliz
es que me pidieron que fuera a una reunion sin decirme de que y me tiene mal,miedo
oye estoy muy molesto con lo que hicieron la verdad,enojo
ahora mismo me preocupa haber dicho algo sin darme cuenta y nadie lo entiende,miedo
mira me tiene muy molesto que nadie haga nada,enojo
la verdad nada tiene sentido todo el tiempo,triste
parce me usaron cuando les convenia y despues nada,enojo
definitivamente me siento increible y no se que hacer,feliz
tengo ansiedad todo el tiempo,miedo
te juro que siento que no soy suficiente la verdad,triste
te cuento que estoy muy bravo con lo que paso hermano,enojo
ahora mismo todo me fastidia esta semana,enojo
eres un maleducado sin remedio en serio,enojo
hoy estoy muy preocupado esta semana,miedo
sinceramente siento una tristeza que no me abandona y no se como seguir,triste
estoy muy mamado de todo,triste
en serio me dejaron plantado y ni se disculparon,enojo
es que me excluyeron de la decision sin explicacion y no se que hacer,enojo
no te miento estoy muy bravo con lo que paso pero bueno,enojo
es que hoy me senti muy bien conmigo mismo men,feliz
desde hace dias ya no quiero esforzarme otra vez,triste
mira me exigen resultados sin darme las herramientas y no es facil,enojo
en este momento me siento increible desde hace dias,feliz
es que hoy me senti muy a gusto con todo,feliz
la verdad siento que no encajo en ningún lado y ya,triste
es que por fin termine el proyecto y no se que hacer,feliz
hoy pude mantener una conversacion sin angustiarme de verdad,feliz
no se si ese mensaje significaba lo que creo pero ya no puedo mas,miedo
sinceramente eres completamente irresponsable y no lo voy a tolerar,enojo
es que no puedo mas con esta situacion de verdad,enojo
sinceramente eres un desconsiderado,enojo
sinceramente perdi algo muy importante y ya,triste
parce me dieron la beca de la universidad publica y no es facil,feliz
cumpli la meta que me habia puesto y no puedo evitarlo,feliz
hoy me siento derrotado y no se que hacer,triste
vi que me sacaron de un grupo y no dije nada,triste
oye me mandaron audio de voz gritando,enojo
oye hoy fue un dia muy gris y no puedo evitarlo,triste
no te miento tengo panico de no saber como actuar en esa situacion y no lo digo seguido,miedo
desde hace dias me dejaron hacer todo el trabajo solo y me tiene mal,enojo
es que me siento muy agradecido con la vida hoy pero bueno,feliz
sinceramente me siento muy bien conmigo mismo y necesito que alguien me entienda,feliz
oye me rechazaron y duela mucho todo el tiempo,triste
ahora mismo me graduo este mes y me afecta mucho,feliz
ultimamente me siento vacio en este momento,triste
te juro que pude decir lo que sentia sin miedo y eso me tiene mal,feliz
te cuento que todo cambio de golpe y nadie lo sabe,triste
sinceramente estoy muy apagado y sin motivacion,triste
no se si contarte pero publicaron algo mio sin pedirme permiso y nadie lo entiende,enojo
me da pena decirlo pero dije algo que no quise decir y no se como explicarlo y no se como manejarlo,triste
la verdad termino mi relacion y me afecta,triste
tengo miedo de llegar a cierta edad sin haber logrado nada pero bueno,miedo
ultimamente no se que va a pasar y eso me preocupa,miedo
en serio se burlaron de algo que me costo decir y no puedo evitarlo,enojo
mira lo que paso me dijeron que era muy sensible por sentirme mal y eso me tiene mal,enojo
sinceramente hoy descanse bien por primera vez en mucho tiempo y me cuesta aceptarlo,feliz
mira todo me genera ansiedad ultimamente y me afecta mucho,miedo
no se si contarte pero me da terror mostrarme como soy de verdad y me pesa cargarlo solo,miedo
hicieron como si yo no existiera en la reunion pero necesitaba decirlo,enojo
lo que pasa es que tengo una entrevista y me muero del susto y no puedo evitarlo,miedo
en serio me da miedo que graben algo mio sin permiso,miedo
lo que pasa es que me siento invisible la verdad,triste
es que me trataron muy mal sin razon pero no digo nada,enojo
es que mi familia esta bien de verdad,feliz
hoy me pone ansioso salir de casa y eso me pesa,miedo
oye que mal te portas siempre y eso no esta bien,enojo
sinceramente hoy fue un parche buenisimo de verdad,feliz
tengo miedo de lo que piensen de mi la verdad,miedo
ahora mismo me tratan diferente y no entienden por que me molesta y no se como manejarlo,enojo
en serio me reconocieron el esfuerzo en el trabajo y no se que hacer,feliz
en serio me tiene muy apagado esta situacion,triste
vieja extraño mucho a las personas que ya no estan y no se que hacer,triste
realmente todo esta mejorando desde hace dias,feliz
sinceramente se aprovecharon de la buena fe mia,enojo
definitivamente estoy harto de todo todo el tiempo,enojo
ultimamente tengo ansiedad de aparecer en camara y me afecta,miedo
sinceramente tengo miedo de mandar ese mensaje y que lo tomen mal y trato de disimularlo,miedo
te cuento que me independice por fin sinceramente,feliz
ya no aguanto mas esa situacion y ya,enojo
para serte honesto usaron lo que les conte en mi contra y nadie lo entiende,enojo
hoy me fue muy mal en el examen sinceramente,triste
ultimamente la vida esta siendo buena conmigo y no se que hacer,feliz
la verdad me tratan diferente por ser joven de verdad,enojo
me da terror enfrentar esto solo la verdad,miedo
te juro que entregue el proyecto a tiempo y no se que hacer,feliz
no te miento me graduo el sabado en el paraninfo pero bueno,feliz
en serio me produce mucho enojo esto y no lo voy a tolerar,enojo
oye me cobraron de mas y no me quieren devolver y nadie lo sabe,enojo
tengo miedo de lo que no puedo ver de verdad,miedo
ya no quiero hablar de eso porque nadie entiende de verdad,triste
es que se burlaron de algo que me costo decir pero necesitaba decirlo,enojo
sabes que estoy en el mejor momento de mi vida y es lo mejor que me paso,feliz
parce me pone muy nervioso tener que dar explicaciones y ya,miedo
definitivamente todo esta empeorando ultimamente,triste
sinceramente me preocupa tanto que no puedo dormir y necesito que alguien me entienda,miedo
sinceramente estoy muy apenado por lo sucedido,triste
fijate que tengo los mejores amigos y me afecta mucho,feliz
mira me comparo mucho con los demas y me hace mal,triste
hoy no tuve que madrugar y lo disfrute y me cuesta aceptarlo,feliz
desde ayer estoy pasando un gran momento todo el tiempo,feliz
no puedo creer que me molesta tu falta de consideracion,enojo
es que estoy muy nervioso de cara a lo que viene y no puedo calmarlo,miedo
sinceramente no tenemos para el arriendo este mes,triste
te digo que me da pavor pensar en eso y no puedo calmarlo,miedo
la verdad es que que rabia me da todo esto,enojo
hermano hoy amaneci con toda la actitud hermano,feliz
hoy estrene mi apartamento y no puedo evitarlo,feliz
no te miento hoy llore sin saber por que todo el tiempo,triste
hoy me siento muy solo en esta ciudad y me cuesta mucho,triste
no te miento me pone ansioso salir de casa y es agotador,miedo
tengo miedo de que me rechacen si digo lo que pienso,miedo
hermano hoy fue un parche buenisimo,feliz
tengo panico de que me pregunten algo en clase y me cuesta mucho,miedo
no entiendo nada y me da verguenza preguntar y no se como manejarlo,triste
estas actuando muy mal en serio,enojo
todo el mundo esta en planes y yo solo en casa y no puedo evitarlo,triste
te digo que me siento muy mal por todo lo vivido y me duele mucho,triste
me salio el primer cliente,feliz
tengo miedo de decir algo y que lo tomen mal y no puedo evitarlo,miedo
oye me llegó una carta del juzgado y no se que es hermano,miedo
hoy me dijeron que cambie como si estuviera mal ser yo y no se como manejarlo,triste
no puedo creer que no voy a seguir aguantando esto y eso no esta bien,enojo
desde hace dias mi familia esta bien y me tiene mal,feliz
la verdad la incertidumbre me tiene paralizado y ya,miedo
hoy me ignoraron completamente y me tiene mal,enojo
definitivamente nada tiene sentido por todo lo que paso,triste
sinceramente por fin lo logre y me tiene mal,feliz
en este momento me siento motivado y me afecta mucho,feliz
no te miento me salio el traslado que pedi hermano,feliz
lo que pasa es que me canse de pedir lo mismo sin resultado y no lo digo seguido,enojo
hoy saque mi licencia de conducir y nadie lo sabe,feliz
estoy muy nervioso y asustado de verdad,miedo
es que me pagan mal y me exigen demasiado de verdad,enojo
mira hoy llore sin saber por que y me afecta mucho,triste
desde hace dias nada me salio bien hoy y es agotador,enojo
abusaron de mi confianza y me afecta mucho,enojo
hoy me graduo este sabado la verdad,feliz
sinceramente estoy muy asustado con lo que puede pasar y eso me duele,miedo
hoy tengo ansiedad desde hace dias,miedo
mira me dejaron plantado y ni se disculparon,enojo
te digo que que buena experiencia fue esa y estoy muy contento,feliz
vi algo que me dejo muy intranquilo,miedo
hoy me tiene muy apagado esta situacion hermano,triste
tengo mucho temor de lo que viene,miedo
parce me da muy duro enfrentar esa conversacion y no es facil,miedo
hoy estoy demasiado preocupado y me afecta mucho,miedo
te cuento que me dejaron plantado y ni se disculparon la verdad,enojo
desde hace dias siento que no tengo control de nada y no puedo evitarlo,miedo
todo esta fluyendo muy bien ultimamente y no se que hacer,feliz
ahora mismo hoy fui honesto y salio bien y me pesa cargarlo solo,feliz
te digo que me da mucha alegria saber eso,feliz
la verdad es que me da miedo no poder controlarlo de verdad,miedo
la verdad estoy emocionalmente agotado y necesito que alguien me entienda,triste
sinceramente todo me afecta demasiado otra vez,triste
en este momento estoy demasiado molesto ultimamente,enojo
hoy me siento vulnerable desde hace dias,miedo
hoy manana tengo una prueba importante y estoy nervioso y ya,miedo
la verdad es que me corrigieron el tono sin escuchar lo que dije y me tiene agotado,enojo
la verdad me siento completo y eso me pesa,feliz
no se si contarte pero me da panico equivocarme y que no me perdonen de verdad,miedo
mira nos separamos despues de mucho tiempo,triste
mira me rindo de intentarlo y ya,triste
mira estoy muy bravo con lo que paso,enojo
siento una tristeza muy profunda y no lo puedo superar,triste
lo que pasa es que la incertidumbre me tiene paralizado sinceramente,miedo
lo que pasa es que me siento en paz y eso me pesa,feliz
es que estoy con el animo muy por el piso parce,triste
es que me angustia no saber si estoy en el camino correcto y nadie lo entiende,miedo
en serio tengo panico de fallar frente a todos y no puedo evitarlo,miedo
es que me rechazaron y duela mucho sinceramente,triste
no te miento me mandaron un mensaje raro y no entiendo que quieren,miedo
parce tengo miedo de que me rechacen si digo lo que pienso y me tiene mal,miedo
parce eso me pone muy furioso y ya,enojo
desde hace dias me toco el dia libre la verdad,feliz
en serio me llamaron para el trabajo en medellin pero bueno,feliz
realmente estoy pasando un gran momento otra vez,feliz
consegui el trabajo y no se que hacer,feliz
en este momento me siento destruido por todo lo que paso,triste
no se si contarte pero no se si actue bien y eso no me deja tranquilo y no se que hacer,miedo
bro estoy agotado de tener que explicar como me siento men,triste
es que tengo miedo de que me rechacen si digo lo que pienso pero bueno,miedo
ultimamente esto me molesta mucho otra vez,enojo
hoy no se que quiero hacer con mi vida y me tiene pensando mucho,miedo
mira lo que paso termine la semana sin ningun problema y no lo digo seguido,feliz
la verdad es que que experiencia tan maravillosa fue de verdad,feliz
ahora mismo todo me genera ansiedad ultimamente sinceramente,miedo
la verdad subi algo y nadie reacciono y me senti invisible men,triste
oye siento que algo malo va a pasar todo el tiempo,miedo
sinceramente ya no somos lo que eramos y eso me entristece la verdad,triste
no te miento me cambiaron el trabajo sin consultarme y me cuesta mucho,enojo
desde hace dias me hicieron una videollamada sorpresa sinceramente,feliz
lo que pasa es que nada de lo que hago vale la pena todo el tiempo,triste
lo que pasa es que abusaron de mi confianza,enojo
parce me tienen muy mamado con esa vuelta pero bueno,enojo
es que me tiene muy enojado esa situacion y ya,enojo
definitivamente esto me molesta demasiado desde hace dias,enojo
hoy se rieron de como me exprese y me cuesta mucho,enojo
te cuento que me mintieron descaradamente en la cara y no puedo evitarlo,enojo
definitivamente esto arruino mi dia otra vez,enojo
en serio aprobe todas las materias este semestre y me cuesta mucho,feliz
fijate que me robaron el celular,enojo
mira lo que paso no es la primera vez y eso me tiene agotado y me tiene agotado,enojo
es que nadie noto que algo me pasaba y me pesa cargarlo solo,triste
mira no puedo creer lo que hicieron la verdad,enojo
en serio me di cuenta que nadie me busca si yo no busco de verdad,triste
en serio nada me salio bien hoy y necesito que alguien me entienda,enojo
hoy descanse bien por primera vez en mucho tiempo y no puedo evitarlo,feliz
fijate que termine de pagar mi deuda,feliz
fijate que estoy agotado de tener que explicar como me siento y me afecta,triste
en este momento esto es injusto desde hace dias,enojo
me embargaron la cuenta y no entiendo por que y ya,miedo
mira que fastidio me da esta situacion,enojo
hoy me da ansiedad ver cuanta gente vio mi historia,miedo
es que me da mucho miedo la situacion actual,miedo
hoy estoy temblando de nervios y no se que hacer,miedo
sinceramente llegue a tiempo a todo y me tiene mal,feliz
es que tengo un mal presentimiento con eso pero bueno,miedo
me fue muy mal en el examen y me afecta mucho,triste
me irritas con ese comportamiento y ya me canse,enojo
mira mi abuela ya no esta de verdad,triste
mira me trataron diferente a los demas y ya,enojo
desde ayer me preocupa el futuro,miedo
me pidieron que fuera a recursos humanos y no es facil,miedo
en serio me mandaron un mensaje muy agresivo y nadie lo entiende,enojo
parce que descaro tan grande el de esa gente pero bueno,enojo
me siento muy orgulloso de lo logrado y estoy muy agradecido,feliz
hoy me angustia pensar que quiza elegi mal mi carrera de verdad,miedo
en serio no entendi bien el tono y eso me tiene angustiado y me tiene agotado,miedo
la verdad me dejaron solo en esto otra vez,triste
en serio hoy fue un dia muy gris y no se que hacer,triste
vieja estoy muy mamado de todo y no se que hacer,triste
ahora mismo se llevaron el credito de lo que yo hice de verdad,enojo
mira fuimos a la finca y fue muy bacano,feliz
me trataron como si yo fuera el problema parce,enojo
desde hace dias me escribio la persona que me gusta todo el tiempo,feliz
realmente todo me fastidia desde hace dias,enojo
me tienen hasta la coronilla y me tiene mal,enojo
hoy me salio el negocio que queria y eso me duele,feliz
en serio eso estuvo muy mal de tu parte en serio,enojo
no te miento estoy muy molesto con lo que hicieron,enojo
te juro que tengo ansiedad de pensar en el futuro y me cuesta aceptarlo,miedo
te cuento que termino mi relacion pero necesitaba decirlo,triste
estoy muy angustiado con las posibilidades y no se que hacer,miedo
lo que pasa es que publico algo que me dejo muy mal,triste
ultimamente estoy muy preocupado,miedo
para serte honesto me mandaron buenas noticias por whatsapp y no se que hacer,feliz
no se si contarte pero me echaron la culpa de lo que salio mal y me afecta mucho,enojo
me echaron sin explicacion de verdad,triste
sinceramente tengo temor de que todo cambie de golpe,miedo
honestamente me cansas con tanta excusa de verdad,enojo
es que termino mi carrera y no lo puedo ocultar,feliz
sinceramente me mandaron buenas noticias por whatsapp y eso me tiene mal,feliz
mira lo que paso pase el semestre sin perder nada y no lo digo seguido,feliz
no te miento me tiene muy triste esta vuelta,triste
te juro que estoy cansado de aparentar que todo esta bien la verdad,triste
sinceramente siento un vacio enorme dentro de mi y quisiera que no fuera así,triste
hoy me quedé sin trabajo y me afectó mucho,triste
mira me saca de quicio todo esto y ya,enojo
realmente estoy muy enojado otra vez,enojo
es que siento que cargo con demasiado para mi edad y no puedo evitarlo,triste
mira lo que paso tengo miedo de que las cosas cambien de repente y quisiera que alguien me ayudara,miedo
lo que pasa es que mi pareja me sorprendio y no se que hacer,feliz
ultimamente todo salio perfecto otra vez,feliz
te cuento que me pidieron que fuera a recursos humanos,miedo
es que me toco irme del barrio que queria y me cuesta mucho,triste
nadie entendio como me sentia y no lo puedo ocultar,triste
realmente ya no aguanto mas de verdad,enojo
la verdad estoy demasiado cansado desde hace dias,triste
sinceramente siento que algo malo va a pasar otra vez,miedo
fijate que me preocupa no poder pagar el arriendo el otro mes,miedo
hoy fue un dia muy chévere y me tiene mal,feliz
me duele mucho lo que significa esto y no lo puedo superar,triste
en serio no entiendo nada y me da verguenza preguntar y me tiene agotado,triste
me gane una chamba buenisima y nadie lo sabe,feliz
ahora mismo me tienen harto con esto ultimamente,enojo
la verdad mañana presento y no he empezado nada,miedo
sinceramente me aterra quedar mal frente a todos,miedo
te juro que pude expresarme sin que me juzgaran y no lo digo seguido,feliz
mira estoy muy ido hoy no se que me pasa y nadie lo sabe,triste
sinceramente me siento muy perdido con mi vida de verdad,triste
es que llevo dias aguantando esto y ya no puedo y no se que hacer,enojo
que descaro tan grande el de esa gente y no puedo evitarlo,enojo
definitivamente estoy disfrutando mucho desde hace dias,feliz
resulta que que perro tan feo,enojo
en serio me subieron el sueldo y me pesa cargarlo solo,feliz
te cuento que me siento muy bien conmigo mismo,feliz
es que nacio mi hijo,feliz
al fin arreglaron lo que estaba dañado,feliz
siento una tristeza que no puedo explicar y me duele mucho,triste
tengo temor de que todo salga mal,miedo
es que todo me genera ansiedad ultimamente todo el tiempo,miedo
men estoy agotado de tener que explicar como me siento y no se que hacer,triste
fijate que me fui de viaje sinceramente,feliz
me fue de maravilla en la entrevista y me cuesta mucho,feliz
realmente esto me molesta demasiado desde hace dias,enojo
estoy muy nervioso por lo que puede pasar,miedo
hoy estoy harto de todo y me afecta mucho,enojo
siento que nadie me toma en serio y me tiene agotado,enojo
oye tengo miedo de que me juzguen y es agotador,miedo
es que estoy muy bacano con la noticia y me cuesta mucho,feliz
en serio me prometieron el trabajo y al final le dieron a otro y ya,enojo
sinceramente me siento incomodo con esto y me afecta mucho,miedo
oye no entendi el tono del mensaje y me confundi y nadie lo entiende,triste
te digo que me siento muy dichoso en este momento y estoy muy agradecido,feliz
sinceramente vi las historias de todos y me senti muy mal,triste
desde ayer nada tiene sentido todo el tiempo,triste
ultimamente no puedo mas con tanto sinceramente,triste
oye me enfurece que actuen asi y no puedo evitarlo,enojo
mira pague y no me dieron lo que ofrecieron de verdad,enojo
mira me siento completo pero no digo nada,feliz
es que tengo miedo de que mi respuesta suene agresiva,miedo
para serte honesto me canse de pedir lo mismo sin resultado y no se como manejarlo,enojo
no te miento tengo miedo de que se den cuenta que no entiendo y no puedo evitarlo,miedo
es que siento que no soy tan inteligente como los demas y me afecta mucho,triste
ultimamente nadie reconocio lo que aporte pero ya no puedo mas,enojo
vieja hoy fue un dia muy chévere,feliz
en serio quede muy contento con el resultado la verdad,feliz
hoy me siento muy solo en esta ciudad de verdad,triste
ultimamente el profesor me humillo frente a todos y no se como manejarlo,triste
te digo que me siento muy triste hoy,triste
sinceramente hoy fue maravilloso todo el tiempo,feliz
en serio me citaron a declarar y estoy muy nervioso,miedo
desde ayer tengo miedo de fallar ultimamente,miedo
es que me da ansiedad conocer gente nueva y necesito que alguien me entienda,miedo
la verdad me citaron a declarar y estoy muy nervioso y ya,miedo
en serio me gane una chamba buenisima la verdad,feliz
es que mi mejor amigo se fue para otro pais de verdad,triste
es que me angustia pensar que quiza elegi mal mi carrera,miedo
ultimamente llevo dias aguantando esto y ya no puedo y no es facil admitirlo,enojo
hoy me siento excelente hoy y me afecta mucho,feliz
me canse de pedir ayuda y no recibirla pero bueno,triste
ahora mismo me hablaron muy mal y eso me pesa,enojo
es que me costo mucho levantarme hoy pero no digo nada,triste
mira me usaron y despues me ignoraron y me tiene mal,enojo
ahora mismo tengo una entrevista y me muero del susto otra vez,miedo
me ignoraron cuando trate de explicarme y me tiene agotado,enojo
te cuento que que tipo tan feo y estoy mal,enojo
hoy fue exactamente lo que necesitaba y me cuesta aceptarlo,feliz
la verdad tengo panico de fallar cuando todos confian en mi de verdad,miedo
la verdad siento que finjo estar bien tan seguido que ya ni se la verdad,triste
sinceramente tengo miedo de no poder salir adelante,miedo
la verdad es que me dejo de seguir en redes sociales,triste
no se si voy a poder sostenerme solo,miedo
estoy muy triste y no quiero nada,triste
mira siento que cargue solo con todo y no se que hacer,triste
desde hace dias no supe como responder y ahora me arrepiento y no se que hacer,triste
lo que pasa es que tengo miedo de que me rechacen si digo lo que pienso pero necesitaba decirlo,miedo
bro estoy muy frustrado con todo esto,enojo
estoy muy apenado por lo sucedido y me duele mucho,triste
la verdad siento que estoy de mas y eso me pesa,triste
siempre me pasa lo mismo con las mismas personas y no es facil admitirlo,enojo
en serio me dejo en visto y no respondio y me tiene agotado,triste
es que me aterra no tener el control de nada,miedo
mira lo que paso me da ansiedad abrir ese chat y nadie lo entiende,miedo
oye nadie reconocio lo que aporte pero necesitaba decirlo,enojo
en serio siento que no soy tan inteligente como los demas y eso me tiene mal,triste
mi novia me engañó con una mujer y ya,enojo
te cuento que me salio el negocio que queria y no puedo evitarlo,feliz
es que no se para donde voy y eso me asusta y me pone triste,triste
no te miento me hicieron perder un dia entero de verdad,enojo
hoy no se que va a pasar todo el tiempo,miedo
en serio siento que si me equivoco no hay vuelta atras la verdad,miedo
ultimamente me da terror que noten que estoy nervioso y me afecta mucho,miedo
que alegria me da ver tus logros,feliz
me dieron una sorpresa muy bonita hoy y ya,feliz
tengo panico de que algo malo pase de verdad,miedo
no te miento extraño como era todo antes la verdad,triste
realmente me siento tranquilo y feliz y no se que hacer,feliz
es que ya no esta la persona que queria otra vez,triste
sinceramente me siento orgulloso y no se que hacer,feliz
estoy en el mejor momento de mi vida,feliz
oye pase el semestre sin perder nada y me cuesta mucho,feliz
es que me toca salir tarde y me da miedo en la calle pero bueno,miedo
fijate que me tiene muy cansado esta gente de verdad,enojo
no se me siento muy pleno con lo que estoy haciendo y me cuesta aceptarlo,feliz
hoy estoy muy preocupado y no puedo dormir,miedo
la verdad me dejo mi novia y estoy muy bajoneado y me cuesta mucho,triste
te juro que tengo miedo de que me rechacen si digo lo que pienso y me cuesta mucho,miedo
extraño como era todo antes la verdad,triste
que alegria tan grande siento sin duda,feliz
es que siento que voy por buen camino,feliz
oye me siento en paz y no se que hacer,feliz
no se si contarte pero no supe como responder y ahora me arrepiento y no puedo evitarlo,triste
oye no puedo creer lo que hicieron y no se que hacer,enojo
es que me case hoy y no se que hacer,feliz
estoy muy cansado de lucharla solo y no se que hacer,triste
siento una soledad enorme que me pesa,triste
es que me da susto pedir el favor porque me da pena,miedo
estoy muy apenado con lo que paso y quisiera que no fuera así,triste
definitivamente me siento vulnerable y no se que hacer,miedo
no se si voy a poder sostenerme solo y no se que hacer,miedo
no quiero nada mas contigo,enojo
fijate que hicimos sancocho en familia y fue muy rico parce,feliz
no te miento no puedo mas con tanto de verdad,triste
la verdad es que me subieron el sueldo pero necesitaba decirlo,feliz
te cuento que siento que la estoy embarrando en todo,triste
me siento muy decaido en este momento y no se como seguir,triste
en serio no quiero mandar el audio por miedo a como sueno y me cuesta mucho,miedo
la verdad me toco vender el carro que tanto queria de verdad,triste
desde hace dias vi que estaba en linea pero no me respondio y nadie lo entiende,triste
en serio siento que la estoy embarrando en todo la verdad,triste
la verdad todo me da miedo ultimamente,miedo
hoy me pone de muy buen humor esto en serio,feliz
fijate que tengo ansiedad de pensar en todo lo que falta y me afecta,miedo
lo que pasa es que siento que no tengo control de nada pero no digo nada,miedo
no tengo plan b si esto falla de verdad,miedo
mira me duele el alma y no lo puedo ocultar,triste
mi mejor amigo se fue para otro pais y no se que hacer,triste
hoy ya no hablo con mi parcero de toda la vida,triste
en serio aprobe todas las materias este semestre y ya,feliz
no te miento no tengo plan b si esto falla pero bueno,miedo
todo esta empeorando en este momento,triste
hoy siento que voy a fallar manana y ya,miedo
hoy manana es el dia y no estoy listo y me tiene mal,miedo
me trataron como si yo fuera el problema y me tiene mal,enojo
ultimamente mi grupo hizo el trabajo sin contar conmigo de verdad,triste
vieja me sacaron de la jugada sin ninguna explicacion,enojo
es que me asusta mucho lo que esta pasando en el barrio y ya,miedo
mira me parece increible tu actitud,enojo
mira me hicieron fila tres horas y no me atendieron,enojo
ahora mismo me senti aceptado como soy y nadie lo entiende,feliz
sonrei todo el tiempo pero por dentro lloraba y quisiera que alguien me ayudara,triste
ultimamente tengo miedo de decir algo fuera de lugar sinceramente,miedo
sinceramente estoy furioso contigo y me parece muy mal,enojo
es que se fue mi gato hoy y nadie lo sabe,triste
me da pena decirlo pero me excluyeron de la decision sin explicacion de verdad,enojo
desde ayer no se que va a pasar en este momento,miedo
es que siento panico cada vez que pienso en eso y eso me preocupa mucho,miedo
hoy me cuesta aceptar que eso ya termino y nadie lo sabe,triste
que maravilloso momento estoy viviendo en serio,feliz
en serio que buen dia para estar bien sin duda,feliz
en serio me cansa tu falta de madurez,enojo
para serte honesto me siento muy lejos de ser feliz y necesito que alguien me entienda,triste
me llamaron de un numero desconocido y me afecta,miedo
la verdad me llegó una carta del juzgado y no se que es hermano,miedo
me pidieron que fuera a recursos humanos hermano,miedo
hoy me senti muy a gusto con todo y me cuesta mucho,feliz
la verdad no pude ir a la graduacion la verdad,triste
en serio siento una melancolia muy grande ahora,triste
lo que pasa es que eres completamente irresponsable en serio,enojo
vieja me llamaron para el trabajo en medellin y ya,feliz
ahora mismo hoy fue maravilloso ultimamente,feliz
mira mi familia esta pasando un momento muy dificil de verdad,triste
mi grupo de trabajo funciono muy bien y no lo digo seguido,feliz
me asusta mucho no saber que hacer de verdad,miedo
te digo que me pagan mal y me exigen demasiado de verdad,enojo
en serio siento que el tiempo se me acaba y no he hecho nada y no se que hacer,miedo
todo el mundo parece tener todo claro menos yo y me cuesta aceptarlo,triste
hoy siento que voy por buen camino y eso me pesa,feliz
desde hace dias me respondieron con mala actitud sin razon y eso me tiene mal,enojo
definitivamente tengo miedo de fallar y no se que hacer,miedo
tengo que madrugar todavía,triste
no puedo evitar que siento una angustia muy grande ahora,miedo
mira me tienen muy hastiado con lo mismo hermano,enojo
ultimamente me mandaron buenas noticias por whatsapp sinceramente,feliz
mira lo que paso no se si ese mensaje significaba lo que creo y trato de disimularlo,miedo
te juro que me dieron acceso a la oportunidad que queria y nadie lo entiende,feliz
me duele mucho todo lo que ocurrio y me duele mucho,triste
me da pena decirlo pero tengo miedo de mandar ese mensaje y que lo tomen mal y me afecta mucho,miedo
ultimamente subi una foto y me arrepenti de haberla subido y nadie lo entiende,triste
en serio que desconsiderado eres siempre y ya me canse,enojo
en serio me pusieron el visto y luego respondieron bien de verdad,feliz
sinceramente me canse de pedir lo mismo sin resultado y me pesa cargarlo solo,enojo
la verdad es que siento una pena muy honda en mi y no se como seguir,triste
te cuento que me graduo el sabado en el paraninfo de verdad,feliz
la verdad siento que no tengo proposito y no puedo evitarlo,triste
hoy me hicieron perder un dia entero,enojo
ultimamente usaron lo que les conte en mi contra y no se como manejarlo,enojo
hoy esto es injusto otra vez,enojo
mira me tiene muy apagado esta situacion de verdad,triste
es que no me toman en serio por mi edad,enojo
ahora mismo siento demasiado temor desde hace dias,miedo
ultimamente ya me canse de esto por todo lo que paso,enojo
desde hace dias el resultado me tiene muy angustiado y ya,miedo
desde hace dias siento que voy por buen camino pero no digo nada,feliz
ya no tengo energia para nada de lo que antes me gustaba y me afecta,triste
es que perdi mi trabajo hoy,triste
ultimamente publico algo que me dejo muy mal y me pesa cargarlo solo,triste
hoy siento que la estoy embarrando en todo,triste
ahora mismo mi grupo de trabajo funciono muy bien y me cuesta mucho,feliz
en serio se burlaron de mi,enojo
hoy no me reconozco ultimamente bro,triste
en serio nadie hace las cosas bien aqui la verdad,enojo
sinceramente hice algo que me daba miedo y salio bien pero necesitaba decirlo,feliz
en serio encontre lo que buscaba y me tiene mal,feliz
men me saca de quicio que no cambien nada y nadie lo entiende,enojo
es que tengo miedo de que me cancelen por algo que dije la verdad,miedo
no se si contarte pero no es la primera vez y eso me tiene agotado y eso me tiene mal,enojo
no te miento me case hoy sinceramente,feliz
la verdad es que que dia tan especial fue hoy,feliz
estoy apostando todo a esto y no se que hacer,miedo
en serio me copiaron el contenido y ni siquiera lo cambiaron y me cuesta aceptarlo,enojo
la verdad me siento muy triste desde hace dias,triste
te digo que hoy hice algo que me daba mucho miedo y salio bien y ya,feliz
la verdad tengo mucho miedo y no puedo dormir,miedo
es que quede encantado con como salio todo y me tiene mal,feliz
oye hice algo que me daba miedo y salio bien pero ya no puedo mas,feliz
resulta que no puedo seguir por esa calle vacia y no sé qué hacer,miedo
mira lo que paso me di cuenta que no me invitaron a la reunion y me afecta mucho,triste
te juro que me asusta no saber si voy a conseguir trabajo bro,miedo
la verdad esto arruino mi dia y eso empeora todo,enojo
mira que no pude comer hoy y estoy mal,triste
la verdad es que me entristece mucho esta situacion y no se como seguir,triste
parce salimos a rumbear y la pase muy bien y me cuesta mucho,feliz
en este momento estoy muy emocionado otra vez,feliz
no se me comparo mucho con los demas y me hace mal y nadie lo entiende,triste
mira no me puedo quitar esa preocupacion de encima y no es facil,miedo
mira salimos a rumbear y la pase muy bien pero bueno,feliz
lo que pasa es que me canse de pedir lo mismo sin resultado pero necesitaba decirlo,enojo
la verdad es que siento una soledad muy grande ahora y me duele mucho,triste
no se tengo miedo de llegar a cierta edad sin haber logrado nada la verdad,miedo
me angustia no tener todo claro a mi edad y nadie lo entiende,miedo
no te miento nacio mi hija y ya,feliz
la verdad es que me alegra mucho haberte visto hoy sin duda,feliz
es que me fue bien en la sustentacion y no puedo evitarlo,feliz
fijate que siento que fracase y es agotador,triste
me pone feliz ver tu progreso y no lo puedo creer,feliz
es que me dieron la visa y no se que hacer,feliz
me siento increible otra vez,feliz
fijate que tengo miedo de que me alejen si se dan cuenta como soy y no es facil admitirlo,miedo
desde hace dias me fallaron cuando mas los necesitaba y no lo puedo ocultar,triste
en este momento tengo ansiedad desde hace dias,miedo
sinceramente por fin me compre lo que queria pero necesitaba decirlo,feliz
en este momento hoy fue maravilloso esta semana,feliz
sinceramente me preocupa haber dicho algo sin darme cuenta y no se que hacer,miedo
la verdad me dejaron solo en esto y no puedo evitarlo,triste
es que tengo miedo de que mis sueños no sean suficientes la verdad,miedo
me dicen que me esfuerce mas cuando ya doy todo,enojo
te cuento que me citaron para hablar y no se de que de verdad,miedo
hoy tengo un mal presentimiento con eso la verdad,miedo
ultimamente recibi buenas noticias todo el tiempo,feliz
fijate que siento que me quede atras sinceramente,triste
hoy todo me afecta demasiado otra vez,triste
fijate que me asusta que piensen que soy raro y me pesa cargarlo solo,miedo
la verdad es que tengo panico de enfrentar esto solo,miedo
es que el partido de colombia salio bien,feliz
te cuento que me cambiaron el turno sin avisarme,enojo
me siento lleno de energia por todo lo que paso,feliz
en serio me encontre plata en un bolsillo que no sabia,feliz
siento tristeza cuando pienso en eso y me duele mucho,triste
oye me quede callado cuando debi haber hablado y quisiera que alguien me ayudara,triste
el resultado me tiene muy angustiado otra vez,miedo
me siento lleno de alegria y estoy muy contento,feliz
ayer se murio mi perro esta mañana y me afectó mucho,triste
hoy me tienen hasta la coronilla,enojo
hoy por fin lo logre de verdad,feliz
es que me dieron informacion falsa,enojo
es que me echaron la culpa de algo que hizo otro,enojo
no puedo mas con esta situacion de verdad,enojo
la verdad me tiene muy cansado esta gente y eso me duele,enojo
subi una foto y me arrepenti de haberla subido y no puedo evitarlo,triste
ultimamente no entiendo como la gente puede ser asi de verdad,enojo
ultimamente hoy todo el transporte me funciono perfecto,feliz
me dijeron que era muy sensible por sentirme mal y me pesa cargarlo solo,enojo
te digo que me canse de ser el que siempre aguanta,triste
por fin termine el proyecto y eso me pesa,feliz
definitivamente todo me afecta demasiado y me afecta mucho,triste
no te miento el profesor me felicito por el trabajo y trato de disimularlo,feliz
sinceramente estoy muy preocupado por lo que puede venir y eso me preocupa mucho,miedo
de verdad no puedo creer que hayas hecho eso y no lo entiendo,enojo
la verdad me salio el primer cliente de verdad,feliz
me siento muy bien conmigo mismo y es agotador,feliz
el resultado me tiene muy angustiado y me tiene mal,miedo
me siento muy lejos de todos y no se que hacer,triste
lo que pasa es que tengo los mejores amigos de verdad,feliz
parce me tiene muy triste esta vuelta y nadie lo sabe,triste
es que no se si lo que estoy haciendo es lo correcto y me cuesta aceptarlo,miedo
la verdad perdi mi negocio y no se como seguir,triste
fijate que me graduo el sabado en el paraninfo,feliz
que bonito momento vivimos hoy y es lo mejor que me paso,feliz
en serio todo el mundo parece tener todo claro menos yo,triste
men todo esta fluyendo muy bien ultimamente y me cuesta aceptarlo,feliz
la verdad me siento horrible hoy otra vez,triste
es que termino mi relacion,triste
hoy me tiene muy apagado esta situacion y nadie lo sabe,triste
desde hace dias me pidieron algo de ultimo momento y quisiera que alguien me ayudara,enojo
hermano estoy muy ido hoy no se que me pasa,triste
me frustras mucho con eso y punto,enojo
fijate que hoy me fue de pelos y ya,feliz
parce estoy muy ido hoy no se que me pasa y eso me duele,triste
lo que pasa es que me siento en paz y es agotador,feliz
mira no voy a tolerar ese comportamiento de verdad,enojo
fijate que el medico me dijo que necesita hablar conmigo la verdad,miedo
la verdad me enfurece que actuen asi de verdad,enojo
desde hace dias me paraliza la idea de tener que hablar en grupo y trato de disimularlo,miedo
fijate que hoy el clima estuvo perfecto y me cuesta aceptarlo,feliz
ahora mismo me ignoraron cuando trate de explicarme y eso me tiene mal,enojo
definitivamente ya no aguanto mas desde hace dias,enojo
la verdad estoy muy bravo con lo que paso de verdad,enojo
oye me case hoy y ya,feliz
en serio me siento muy lejos de ser feliz pero no digo nada,triste
no se tengo ansiedad de pensar en el futuro y me cuesta aceptarlo,miedo
hoy estoy muy frustrado con todo esto,enojo
ahora mismo estoy demasiado cansado otra vez,triste
fijate que encontre lo que buscaba pero no digo nada,feliz
mira no quise hablar con nadie hoy y necesito que alguien me entienda,triste
desde ayer me siento increible desde hace dias,feliz
es que me quede sin trabajo y no se que hacer y nadie lo sabe,triste
en serio tengo un presentimiento muy malo,miedo
oye salimos a rumbear y la pase muy bien y ya,feliz
ultimamente me quitaron el like y eso me bajo el animo la verdad,triste
mira siento que la estoy embarrando en todo,triste
no te miento no supe como responder y ahora me arrepiento y no es facil admitirlo,triste
oye se aprovecharon de que no sabia,enojo
no puedo evitar que me da mucho miedo lo que puede pasar,miedo
hoy mi familia esta pasando un momento muy dificil de verdad,triste
hoy estoy rodeado de gente y me siento solo todo el tiempo,triste
ultimamente estoy disfrutando mucho de verdad,feliz
hoy me hicieron repetir el tramite tres veces,enojo
te juro que no puedo creer que hayas hecho eso y ya me canse,enojo
oye me tiene muy bajoneado lo que paso pero bueno,triste
te cuento que me respondieron con mala cara sin razon y ya,enojo
no te miento me hicieron perder un dia entero,enojo
oye alguien me entendio sin que yo explicara mucho pero ya no puedo mas,feliz
lo que pasa es que llegue a tiempo a todo,feliz
desde ayer esto me molesta demasiado en este momento,enojo
me tocó repetir el tramite porque perdieron mis papeles hermano,enojo
es que hoy fue mejor de lo que esperaba,feliz
compre mi primer carro,feliz
en serio siento una tristeza muy grande ahora de verdad,triste
lo que pasa es que la vida esta siendo buena conmigo todo el tiempo,feliz
en serio estoy muy enojado y eso empeora todo,enojo
de verdad siento un vacio enorme dentro de mi,triste
hoy mi familia esta pasando un momento muy dificil pero bueno,triste
la verdad tengo ansiedad por lo que viene esta semana,miedo
hoy me toca salir tarde y me da miedo en la calle y me cuesta mucho,miedo
estoy muy apenado y sin palabras,triste
te cuento que me da pena que se den cuenta que no entendi parce,miedo
me da pena decirlo pero entregue el proyecto a tiempo,feliz
hoy me siento excelente hoy,feliz
la verdad es que siento mucha angustia en este momento y no puedo calmarlo,miedo
oye mi abuelo ya no esta pero bueno,triste
hoy me pusieron el visto y luego respondieron bien de verdad,feliz
hoy estoy agotado emocionalmente otra vez,triste
para serte honesto hable con alguien nuevo y no fue tan malo y quisiera que alguien me ayudara,feliz
es que me tiene muy desanimado todo esto,triste
es que mi equipo gano hoy y estoy feliz y eso me duele,feliz
la verdad es que me entristece mucho lo que hiciste y no se como seguir,triste
oye llevo dias aguantando esto y ya no puedo y me pesa cargarlo solo,enojo
te cuento que fuimos a la finca y fue muy bacano la verdad,feliz
es que perdi tiempo en algo que no valio otra vez,enojo
hoy quedamos de una con el plan y no es facil,feliz
mira lo que paso hice algo que me daba miedo y salio bien y no puedo evitarlo,feliz
mira por fin lo logre y me afecta mucho,feliz
hoy mi grupo hizo el trabajo sin contar conmigo y quisiera que alguien me ayudara,triste
hoy todo el mundo esta en planes y yo solo en casa y no es facil,triste
te cuento que siento que se me acaba el tiempo la verdad,miedo
sinceramente que descaro tan grande el de esa gente,enojo
hoy mi novia me engañó con una mujer,enojo
la verdad me siento muy solo en esta ciudad y eso me duele,triste
no te miento estoy con una nota hoy,feliz
te cuento que nada me da ganas ultimamente y ya,triste
hoy me tiene muy triste esta vuelta y me tiene mal,triste
la verdad me robaron el celular y estoy muy mal de verdad,triste
es que me hablaron muy feo sin ninguna razon la verdad,enojo
subi algo y nadie reacciono y me senti invisible y no es facil,triste
por fin me compre lo que queria y no se que hacer,feliz
es que siento que no soy suficiente,triste
ultimamente por fin publique lo que venia trabajando la verdad,feliz
sinceramente estoy muy enojado esta semana,enojo
ahora mismo vi que estaba en linea pero no me respondio y trato de disimularlo,triste
fijate que me da susto pedir el favor porque me da pena la verdad,miedo
es que manana tengo una prueba importante y estoy nervioso la verdad,miedo
me citaron a declarar y estoy muy nervioso y me tiene mal,miedo
hoy me da terror decepcionar a alguien que confio en mi y no es facil admitirlo,miedo
mira me preocupa tanto que no puedo dormir y es agotador,miedo
oye la incertidumbre me tiene paralizado,miedo
me faltaron el respeto delante de todos parce,enojo
es que me hicieron sentir mal por preguntar sinceramente,enojo
la verdad me dijeron que me quieren y no se que hacer,feliz
sinceramente no se como aguantarte tanto y ya me canse,enojo
sinceramente siento una tristeza que me invade todo,triste
no puedo creer que me saca de quicio esa actitud y ya me canse,enojo
te digo que me critican las decisiones sin conocer mi situacion men,enojo
sinceramente me da terror no saber que va a pasar y me tiene muy nervioso,miedo
en serio que dia tan maravilloso fue hoy y no lo puedo creer,feliz
me sorprendieron hoy la verdad,feliz
mira me pone muy ansioso pensar en eso y no es facil,miedo
te digo que me pone feliz ver tu progreso y no lo puedo creer,feliz
hoy todo me afecta demasiado ultimamente,triste
el partido de colombia salio bien y nadie lo sabe,feliz
me asusta mucho lo que esta pasando en el barrio y me cuesta mucho,miedo
la verdad hoy fue un mal dia esta semana,triste
sinceramente esto es injusto por todo lo que paso,enojo
hoy me independice por fin de verdad,feliz
te digo que capturaron una conversacion privada y la compartieron la verdad,enojo
me preocupa el futuro,miedo
realmente todo salio mal todo el tiempo,triste
mira mi familia se fue a vivir lejos y me siento solo de verdad,triste
es que siento que se me acaba el tiempo y ya,miedo
estoy muy bajoneado con todo y quisiera que no fuera así,triste
te digo que tengo un presentimiento muy malo,miedo
hoy me sacaron de la jugada sin ninguna explicacion y me tiene mal,enojo
lo que pasa es que se llevaron el credito de lo que yo hice y no lo puedo ocultar,enojo
fijate que hoy todo fluyo bien pero no digo nada,feliz
lo que pasa es que no tolero que me trates asi y eso no esta bien,enojo
sinceramente esto me parece una falta de respeto total y eso me pesa,enojo
la verdad tengo miedo de tomar una decision y que salga mal y ya,miedo
es que me bloquearon sin darme ninguna explicacion men,enojo
oye nadie me dio una respuesta clara la verdad,enojo
las cosas ya no son como antes pero necesitaba decirlo,triste
hoy hoy fue un dia muy chévere parce,feliz
definitivamente me siento furioso todo el tiempo,enojo
te digo que por fin publique lo que venia trabajando la verdad,feliz
la verdad me siento excelente hoy en este momento,feliz
te digo que todo el mundo esta en planes y yo solo en casa la verdad,triste
me siento vacio y sin ganas de nada y quisiera que no fuera así,triste
me da pena decirlo pero aprobe la materia que tenia perdida pero necesitaba decirlo,feliz
oye no supe leer la situacion y meti la pata y me afecta mucho,triste
no alcance el cupo en la universidad publica pero bueno,triste
ultimamente ya no tengo fuerzas para nada de verdad,triste
ultimamente estoy emocionado con todo lo que paso,feliz
para serte honesto perdi la materia que mas me esforcé de verdad,triste
sinceramente cargue con toda la responsabilidad del grupo y trato de disimularlo,enojo
para serte honesto no se que va a pasar con mi vida todo el tiempo,miedo
para serte honesto pude expresarme sin que me juzgaran y no puedo evitarlo,feliz
el medico me dijo que necesita hablar conmigo la verdad,miedo
fijate que me da terror mostrarme como soy de verdad y no lo digo seguido,miedo
en este momento me siento muy triste desde hace dias,triste
me canse de ser el que siempre aguanta y ya,triste
lo que pasa es que hicieron algo injusto y nadie dijo nada y eso me pesa,enojo
ahora mismo abusaron de mi confianza sinceramente,enojo
ahora mismo me siento decepcionado y no se que hacer,triste
ultimamente mi grupo de trabajo funciono muy bien y trato de disimularlo,feliz
hoy hice algo que me daba mucho miedo y salio bien,feliz
hoy me invitaron a algo importante,feliz
mira me da ansiedad publicar algo y que lo juzguen,miedo
sinceramente estoy muy asustado de perder lo que amo y eso me preocupa mucho,miedo
la verdad es que me mandaron un audio muy lindo de verdad,feliz
te cuento que me pone muy ansioso pensar en eso y no puedo evitarlo,miedo
no tenemos para el arriendo este mes y no es facil,triste
fijate que tengo miedo de que me rechacen si digo lo que pienso y quisiera que alguien me ayudara,miedo
nacio mi hijo y nadie lo sabe,feliz
en serio me embargaron la cuenta y no entiendo por que,miedo
hoy me tocó repetir el tramite porque perdieron mis papeles la verdad,enojo
hoy sali del pais por primera vez,feliz
sinceramente estoy rodeado de gente y me siento solo y ya,triste
en serio nadie me escucha sinceramente,triste
eso estuvo muy mal hecho,enojo
oye pase el dia en cama sinceramente,triste
hoy me siento muy perdido con mi vida de verdad,triste
la verdad me siento vacio desde hace dias,triste
no te miento me mandaron un audio muy lindo y quisiera que alguien me ayudara,feliz
mira me dejo mi novio y estoy muy mal de verdad,triste
estoy muy mamado de todo y ya,triste
tengo miedo de embarrarla con esa decision y ya,miedo
en serio siento que cargue solo con todo de verdad,triste
hoy me encontre con un amigo que no veia hace tiempo y me tiene mal,feliz
me cansas con tanta excusa y eso no esta bien,enojo
mira me pone muy nervioso hablar en publico todo el tiempo,miedo
ultimamente ya no se que hacer,triste
mira hicieron algo injusto y nadie dijo nada la verdad,enojo
es que nadie reconocio lo que aporte,enojo
para serte honesto todo lo que construi se cayo y no lo puedo ocultar,triste
no se si contarte pero todos parecen entender menos yo y me afecta mucho,triste
no se si voy a poder sostenerme solo y me afecta,miedo
honestamente no entiendo como puedes actuar asi sin excusas,enojo
la verdad estoy apostando todo a esto,miedo
mira lo que paso lei el mensaje mal y arruine todo pero necesitaba decirlo,triste
sinceramente me da terror decepcionar a alguien que confio en mi y me afecta mucho,miedo
sinceramente siento que estoy muy solo en todo esto y me duele mucho,triste
oye me tiene muy desanimado todo esto y nadie lo sabe,triste
realmente me siento lleno de energia y me afecta mucho,feliz
hoy me alegra muchisimo lo que paso y estoy muy agradecido,feliz
la verdad es que estoy muy bajoneado con todo y me duele mucho,triste
me mintieron descaradamente en la cara y no puedo evitarlo,enojo
ahora mismo pase el dia en cama y me tiene mal,triste
en serio estoy muy bravo con lo que paso,enojo
hoy me fui de la reunion antes porque no podia mas y me cuesta mucho,triste
es que no tengo plan b si esto falla la verdad,miedo
para serte honesto me mandaron un mensaje muy agresivo y me cuesta mucho,enojo
oye mi familia esta pasando un momento muy dificil de verdad,triste
sinceramente estoy emocionalmente agotado pero no digo nada,triste
desde ayer todo esta mejorando esta semana,feliz
ahora mismo estoy muy enojado todo el tiempo,enojo
me case hoy sinceramente,feliz
es que siento que no tengo proposito,triste
bro usaron mis ideas sin darme credito y ya,enojo
te cuento que siento que se me acaba el tiempo y me tiene mal,miedo
honestamente no voy a tolerar esto mas y no lo voy a tolerar,enojo
ahora mismo me pone muy nervioso hablar en publico y necesito que alguien me entienda,miedo
no puedo evitar que estoy muy asustado de perder lo que amo,miedo
hoy te deseo y no lo puedo creer,feliz
hoy todo salio mal,triste
la verdad es que me entristece mucho esta situacion y quisiera que no fuera así,triste
es que siento que me estoy quedando sin opciones pero bueno,miedo
la verdad es que estoy muy contento con lo que paso,feliz
tuve que dejar mis estudios la verdad,triste
me da mucho temor el futuro cercano,miedo
mira me dieron la visa pero bueno,feliz
oye todo me genera ansiedad ultimamente pero no digo nada,miedo
en este momento estoy temblando de nervios esta semana,miedo
parce me tiene muy enojado esa situacion,enojo
es que tengo un presentimiento muy malo y me afecta mucho,miedo
no se si contarte pero me mandaron un audio muy lindo y me tiene agotado,feliz
es que me da terror enfrentar esto solo y me tiene mal,miedo
se aprovecharon de que no sabia y ya,enojo
ahora mismo me siento incomodo con esto todo el tiempo,miedo
hoy me siento muy vacio aunque tenga cosas que hacer y no es facil,triste
nadie noto que algo me pasaba y me afecta mucho,triste
fijate que me da mucha pena decirle eso a la gente parce,miedo
hoy termine de pagar mi deuda y no puedo evitarlo,feliz
la verdad es que que buenas noticias me llegaron hoy,feliz
me descuentan del sueldo cosas que no firmé y no puedo evitarlo,enojo
mira se fue mi perro hoy,triste
mañana tengo examen y no he estudiado,miedo
no puedo evitar que me aterra pensar en lo que puede ocurrir,miedo
es que pude mantener una conversacion sin angustiarme,feliz
mira me siento re bien parce,feliz
hoy no tengo plan b si esto falla de verdad,miedo
honestamente me saca de quicio esa actitud y punto,enojo
todo el mundo sigue y yo estoy quieto y ya,triste
ultimamente todo salio mal y me afecta mucho,triste
hoy no me puedo sacar esta sensacion de encima la verdad,miedo
te digo que me da mucho miedo el futuro,miedo
oye me saca de mis casillas esto y no lo voy a tolerar,enojo
en serio mi mejor amigo se fue para otro pais de verdad,triste
honestamente eso no estuvo bien para nada y ya me canse,enojo
lo que pasa es que llegue a tiempo a todo todo el tiempo,feliz
la verdad no me gusto tu trabajo y ya,enojo
en este momento quiero estar solo desde hace dias,triste
te juro que me contactaron por mi trabajo y quede feliz,feliz
me tiene muy enojado esa situacion y me cuesta mucho,enojo
en serio me fui de la reunion antes porque no podia mas y trato de disimularlo,triste
la verdad es que siento mucha angustia en este momento de verdad,miedo
me mintieron descaradamente en la cara y ya,enojo
la verdad me trataron como si yo fuera el problema,enojo
en serio me da ansiedad conocer gente nueva de verdad,miedo
lo que pasa es que me graduo este mes y es agotador,feliz
hoy cumpli la meta que me habia puesto y no se que hacer,feliz
me angustia saber que todo queda guardado en internet la verdad,miedo
sinceramente estoy muy asustado con la situacion,miedo
ultimamente me tiene completamente harto,enojo
hoy el transporte salio tardisimo y llegue tarde por eso la verdad,enojo
siento un dolor muy grande en el pecho y quisiera que no fuera así,triste
en este momento estoy muy emocionado todo el tiempo,feliz
hoy me tiene muy preocupado lo que esta pasando y me cuesta mucho,miedo
sinceramente me siento excelente y me encanta,feliz
lo que pasa es que estoy muy apenado por lo sucedido,triste
hoy ya no aguanto esta situacion y me tiene mal,enojo
la verdad ya no esta la persona que queria de verdad,triste
desde ayer todo esta empeorando y me afecta mucho,triste
no te miento me fue bien en la sustentacion,feliz
la verdad me siento motivado en este momento,feliz
ahora mismo tengo miedo de mandar ese mensaje y que lo tomen mal y no puedo evitarlo,miedo
me echaron del trabajo todavía,triste
mira me rindo de intentarlo todo el tiempo,triste
lo que pasa es que me saca de mis casillas esto y me parece muy mal,enojo
ultimamente tengo mucho miedo en este momento,miedo
hoy mi grupo de trabajo funciono muy bien y quisiera que alguien me ayudara,feliz
ultimamente tengo panico de que algo que dije llegue a las manos equivocadas y nadie lo entiende,miedo
te cuento que eso me pone muy furioso parce y ya,enojo
me salio el negocio que queria y no puedo evitarlo,feliz
te digo que me pagan mal y me exigen demasiado y nadie lo entiende,enojo
te cuento que tengo miedo de decepcionar a todos,miedo
me tiene muy apagado esta situacion,triste
mira hoy me di cuenta que avance mucho de verdad,feliz
estoy muy asustado de tomar esa decision de verdad,miedo
no te miento hoy me fue de pelos hermano,feliz
hoy hicimos una reunioncita y quedo muy buena la verdad,feliz
ultimamente tengo panico de no saber como actuar en esa situacion sinceramente,miedo
en serio hicieron algo injusto y nadie dijo nada de verdad,enojo
hoy me rindo de intentarlo sinceramente,triste
ultimamente por fin termine el proyecto y me tiene mal,feliz
de verdad me decepciono mucho lo que hiciste y no lo voy a tolerar,enojo
hoy nada de lo que hago vale la pena y me afecta mucho,triste
fijate que mi pareja me sorprendio y necesito que alguien me entienda,feliz
me siento muy mal por todo lo vivido y me duele mucho,triste
desde hace dias hoy fui honesto y salio bien y no puedo evitarlo,feliz
hermano me siento muy achantado hoy,triste
ultimamente cumpli la meta que me habia puesto la verdad,feliz
tengo una angustia enorme en este momento y no puedo calmarlo,miedo
desde ayer me siento muy feliz en este momento,feliz
es que me cambiaron las condiciones a ultimo momento sinceramente,enojo
hoy lei el mensaje diez veces y no se como responder y quisiera que alguien me ayudara,miedo
te juro que me tiene muy cansado esa actitud,enojo
no te miento cargue con toda la responsabilidad del grupo pero ya no puedo mas,enojo
desde hace dias me escribieron solo para reclamarme de verdad,enojo
mira me cuesta aceptar que eso ya termino la verdad,triste
oye no pude ir a la graduacion,triste
que felicidad tan grande siento ahora,feliz
oye me encontre plata en un bolsillo que no sabia la verdad,feliz
te cuento que termine de pagar mi deuda y me afecta,feliz
para serte honesto no se como va a terminar esto y no puedo evitarlo,miedo
ultimamente me angustia saber que todo queda guardado en internet bro,miedo
hermano por fin me salio el pasaporte y no se que hacer,feliz
me toco dejar los estudios por plata y me cuesta mucho,triste
mira tengo panico de que algo que dije llegue a las manos equivocadas bro,miedo
es que me tiene muy cansado esta gente la verdad,enojo
hicieron lo que quisieron sin preguntarme nada parce,enojo
es que todo me genera ansiedad ultimamente sinceramente,miedo
la verdad se aprovecharon de que no sabia,enojo
realmente tengo ansiedad y me afecta mucho,miedo
ultimamente me preocupa mucho el futuro economico la verdad,miedo
fijate que no tengo ganas de nada ultimamente y me afectó mucho,triste
estoy muy contento con mi progreso de verdad,feliz
no se todo el mundo esta en planes y yo solo en casa y no es facil,triste
la verdad es que siento panico cuando pienso en eso y me tiene muy nervioso,miedo
la verdad tengo miedo de que me vaya mal en las parciales,miedo
bro me comparan con otros y eso me molesta mucho,enojo
hoy me ignoraron durante horas y me tiene mal,enojo
la verdad es que publico algo que me dejo muy mal y quisiera que alguien me ayudara,triste
mira lo que paso sonrei todo el tiempo pero por dentro lloraba y eso me tiene mal,triste
hoy se rieron de como me exprese y no se como manejarlo,enojo
ultimamente me siento destruido en este momento,triste
ahora mismo me siento nervioso esta semana,miedo
de verdad me molesta mucho que hagas eso y punto,enojo
mira que me echaron del trabajo y estoy mal,triste
siento un temor muy grande ahora mismo y no se que hacer,miedo
es que no se como decirlo sin que se enojen de verdad,miedo
la verdad es que me paraliza la idea de tener que hablar en grupo y quisiera que alguien me ayudara,miedo
hoy estoy muy cansado de lucharla solo pero bueno,triste
manana es el dia y no estoy listo pero necesitaba decirlo,miedo
me da pena decirlo pero tengo miedo de caerle mal sin querer,miedo
te digo que estoy muy apenado y no se que decir,triste
bro no se si voy a poder sostenerme solo y no es facil,miedo
me asusta pensar en el futuro y no lo puedo ocultar,miedo
me da pena decirlo pero no supe leer la situacion y meti la pata y nadie lo entiende,triste
sinceramente estoy muy triste con la situacion actual,triste
vieja estoy muy asustado con lo que puede pasar pero bueno,miedo
ayer que mal tipo,enojo
es que me pidieron algo de ultimo momento y no lo digo seguido,enojo
estoy muy satisfecho con el dia de hoy sin duda,feliz
me siento muy contento con el equipo en serio,feliz
no pude ir a la graduacion sinceramente,triste
la verdad me hablaron muy feo sin ninguna razon la verdad,enojo
en serio ya me canse de repetirte lo mismo y me parece muy mal,enojo
ultimamente me hicieron perder el tiempo de verdad,enojo
en serio fuimos a la finca y fue muy bacano,feliz
sinceramente me siento muy lejos de ser feliz la verdad,triste
hoy me cancelaron la cita sin avisar la verdad,enojo
te cuento que no se que va a pasar con mi vida y eso me pesa,miedo
siento que algo no esta bien aunque todo parece normal y ya,miedo
es que me da ansiedad publicar algo y que lo juzguen men,miedo
de verdad me siento muy dichoso en este momento,feliz
me da pavor pensar en eso y no puedo calmarlo,miedo
siento que fracase,triste
siento que no le importo a nadie de verdad y no se como manejarlo,triste
vieja no me puedo quitar esa preocupacion de encima,miedo
hoy extraño como era todo antes y no se que hacer,triste
en serio el transporte salio tardisimo y llegue tarde por eso,enojo
no se si contarte pero no supe leer la situacion y meti la pata pero ya no puedo mas,triste
oye tengo miedo de embarrarla con esa decision,miedo
la verdad es que estoy muy bajoneado con la noticia,triste
la verdad es que eso que hiciste estuvo muy feo y no lo voy a tolerar,enojo
fijate que mi abuelo ya no esta pero bueno,triste
tengo miedo de decir algo y que lo tomen mal parce,miedo
en serio me reportaron sin motivo y me bloquearon la cuenta y nadie lo entiende,enojo
hoy siento que todo el mundo sigue y yo me quede quieto pero bueno,triste
no se puede confiar en ti,enojo
sinceramente tengo miedo de caerle mal sin querer y no se como manejarlo,miedo
de verdad que dia tan maravilloso fue hoy,feliz
me hablaron muy feo sin ninguna razon pero bueno,enojo
oye cambiaron las reglas sin avisarme y me cuesta mucho,enojo
siento que algo esta pasando y nadie me dice que pero necesitaba decirlo,miedo
desde hace dias no me merecia este trato pero no digo nada,enojo
no puedo creer lo que hicieron y me tiene mal,enojo
tengo miedo de que me vaya mal en las parciales y no puedo evitarlo,miedo
en este momento estoy demasiado cansado ultimamente,triste
me enferma tu comportamiento y eso no esta bien,enojo
no te miento estoy con las personas que amo sinceramente,feliz
no te miento me echaron sin explicacion,triste
oye estoy rodeado de gente y me siento solo la verdad,triste
hoy el partido de colombia salio bien y me tiene mal,feliz
ultimamente tengo miedo de tomar la decision equivocada sinceramente,miedo
me respondieron que si al proyecto y me afecta,feliz
desde hace dias entregue el proyecto a tiempo sinceramente,feliz
llegue a tiempo a todo pero no digo nada,feliz
es que no se que va a pasar con mi vida pero no digo nada,miedo
me mencionaron en algo que me puso en ridiculo pero bueno,enojo
la verdad me hicieron perder el tiempo todo el tiempo,enojo
no te miento no se si estoy listo para esto y eso me pesa,miedo
en serio me piden experiencia para un trabajo de principiante,enojo
sinceramente me llegó una carta del juzgado y no se que es de verdad,miedo
ahora mismo no puedo mas con tanto y me afecta mucho,triste
desde hace dias estoy al limite de mi paciencia,enojo
no se si contarte pero me dieron el viernes libre y eso me tiene mal,feliz
estoy temblando de nervios desde hace dias,miedo
hermano estoy que no me la creo,feliz
sinceramente siento una preocupacion enorme ahora,miedo
realmente estoy disfrutando mucho hoy,feliz
para serte honesto no supe leer la situacion y meti la pata y nadie lo entiende,triste
para serte honesto no quise hablar con nadie hoy sinceramente,triste
no se si contarte pero me prometieron que no volveria a pasar y me afecta mucho,enojo
me robaron el celular y ya,enojo
te juro que me preocupa haber dicho algo sin darme cuenta y no lo digo seguido,miedo
fijate que me trataron muy mal sin razon y me tiene mal,enojo
es que me aprobo el credito el banco y ya,feliz
en serio hicieron algo injusto y nadie dijo nada y me afecta mucho,enojo
la verdad es que me indigna tu forma de actuar y no lo entiendo,enojo
tuve que dejar mis estudios,triste
fijate que nadie entendio como me sentia otra vez,triste
para serte honesto no se si actue bien y eso no me deja tranquilo pero necesitaba decirlo,miedo
en serio no es la primera vez y eso me tiene agotado y eso me tiene mal,enojo
mira subi una foto y me arrepenti de haberla subido y ya,triste
nacio mi hijo y me afecta,feliz
lo que pasa es que no se si voy a poder con esto de verdad,miedo
tengo miedo de que todo se derrumbe y no puedo calmarlo,miedo
hoy estoy agotado emocionalmente y no se que hacer,triste
te cuento que llegue y me dijeron que no habia cupo,enojo
mira no pude ir a la graduacion y me tiene mal,triste
desde ayer no tengo ganas de nada otra vez,triste
te juro que me da terror decepcionar a alguien que confio en mi y no se como manejarlo,miedo
ultimamente perdi algo muy importante y no lo puedo ocultar,triste
parce consegui apartamento en arriendo bien precio pero bueno,feliz
en serio tengo un mal presentimiento con eso parce,miedo
fijate que me paralizo cuando tengo que decidir y es agotador,miedo
oye me escribio la persona que me gusta la verdad,feliz
ahora mismo extraño como eran las cosas antes y necesito que alguien me entienda,triste
te cuento que me citaron a declarar y estoy muy nervioso pero bueno,miedo
ultimamente todo me hace enojar,enojo
fijate que me dieron la visa de verdad,feliz
ahora mismo me sacaron la paciencia esta semana,enojo
fijate que me dieron la nota que esperaba,feliz
es que aprobe la materia que tenia perdida y no lo digo seguido,feliz
en serio el partido de colombia salio bien,feliz
fijate que se aprovecharon de la buena fe mia la verdad,enojo
la verdad es que me dieron la nota que esperaba y nadie lo entiende,feliz
estoy muy feliz con los resultados y estoy muy agradecido,feliz
realmente esto me molesta demasiado otra vez,enojo
hoy me siento muy bien conmigo mismo otra vez,feliz
lo que pasa es que siempre me pasa lo mismo con las mismas personas y no se como manejarlo,enojo
sinceramente perdi una oportunidad importante de verdad,triste
hoy tengo panico todo el tiempo,miedo
no se si contarte pero me excluyeron de la decision sin explicacion pero ya no puedo mas,enojo
ya no quiero hablar de eso porque nadie entiende men,triste
fijate que me da terror mostrarme como soy de verdad y no se como manejarlo,miedo
la verdad hoy fue un mal dia ultimamente,triste
sabes que que buena racha estoy teniendo y es lo mejor que me paso,feliz
te cuento que me hicieron sentir que molestaba la verdad,enojo
me sorprendieron hoy y no puedo evitarlo,feliz
hicieron lo que quisieron sin preguntarme nada y no puedo evitarlo,enojo
de verdad estoy muy triste con el resultado y no lo puedo superar,triste
la verdad es que que alegria me da verte bien y estoy muy agradecido,feliz
lo que pasa es que me dieron el viernes libre y no es facil admitirlo,feliz
sinceramente tengo miedo de ver lo que me respondieron y eso me tiene mal,miedo
mira extraño como era todo antes y nadie lo sabe,triste
ayer mañana tengo examen y no he estudiado y estoy mal,miedo
desde hace dias nada de lo que hago vale la pena y es agotador,triste
la verdad perdi una oportunidad importante y no lo puedo ocultar,triste
oye me dieron el viernes libre y no es facil admitirlo,feliz
lo que es cierto es que me siento muy orgulloso de lo logrado,feliz
ahora mismo todo me irrita,enojo
la verdad manana es el dia y no estoy listo y ya,miedo
no voy a seguir aguantando esto sin excusas,enojo
la verdad nadie me escucha de verdad,triste
ultimamente me asusta que piensen que soy raro de verdad,miedo
realmente ya no aguanto mas y eso empeora todo,enojo
me tiene muy enojado esa situacion y ya,enojo
en serio que mal te portas siempre,enojo
fijate que me echaron sin explicacion y nadie lo sabe,triste
hoy me siento excelente en este momento,feliz
por fin publique lo que venia trabajando y me afecta,feliz
te juro que no te lo voy a perdonar tan facil y punto,enojo
la verdad nadie hace las cosas bien aqui y es agotador,enojo
perdi el trabajo,triste
me aterra quedar mal frente a todos pero bueno,miedo
la verdad es que me molesta mucho tu actitud y no lo voy a tolerar,enojo
desde ayer me siento inseguro otra vez,miedo
oye por fin me contestaron de verdad,feliz
no te miento estoy emocionalmente agotado pero no digo nada,triste
la verdad todo me pone mal otra vez,triste
ahora mismo estoy muy contento desde hace dias,feliz
en serio mi familia estuvo muy unida hoy pero bueno,feliz
en este momento me siento nervioso,miedo
desde hace dias no quiero mandar el audio por miedo a como sueno y nadie lo entiende,miedo
fijate que fuimos a la finca y fue muy bacano,feliz
la verdad estoy agotado emocionalmente por todo lo que paso,triste
te cuento que estoy con una nota hoy y no puedo evitarlo,feliz
para serte honesto no duermo de la preocupacion y no lo puedo ocultar,miedo
te digo que que buen dia tuve hoy en serio,feliz
me agota tu comportamiento,enojo
hoy me llegó una carta del juzgado y no se que es y ya,miedo
te digo que hoy fue un dia increible,feliz
para serte honesto gane el concurso y ya,feliz
no se si contarte pero vi que estaba en linea pero no me respondio y no es facil admitirlo,triste
desde hace dias encontre lo que buscaba y me afecta mucho,feliz
me aterra la idea de perder todo,miedo
me siento muy solo y sin apoyo,triste
es que no tenemos para el arriendo este mes y no se que hacer,triste
sinceramente me salio redondo todo hoy la verdad,feliz
no puedo creer que me decepciona mucho tu actitud y no lo entiendo,enojo
en serio estoy con el animo muy por el piso,triste
fijate que me hicieron perder un dia entero,enojo
para serte honesto me da miedo ir al medico y no se que hacer,miedo
lo que pasa es que tengo miedo de que sea algo grave y no se que hacer,miedo
en este momento no tengo ganas de nada desde hace dias,triste
en este momento no soporto esta situacion y no se que hacer,enojo
hoy no voy a tolerar esto mas sinceramente,enojo
es que pude decir lo que sentia sin miedo y no se como manejarlo,feliz
es que me aprobo el credito el banco parce,feliz
me tienen muy mamado con esa vuelta de verdad,enojo
lo que pasa es que logre terminar algo que habia dejado pendiente y no se como manejarlo,feliz
en serio ya no quiero hablar de eso porque nadie entiende y nadie lo entiende,triste
es que me trataron diferente a los demas y no puedo evitarlo,enojo
la verdad es que tengo miedo de no poder manejar esto y eso me preocupa mucho,miedo
no se si contarte pero vi que estaba en linea pero no me respondio y quisiera que alguien me ayudara,triste
oye me tiene harto esta situacion,enojo
oye tengo miedo de decir algo fuera de lugar pero necesitaba decirlo,miedo
mira siento que algo no esta bien aunque todo parece normal la verdad,miedo
te digo que me comparo mucho con los demas y me hace mal y ya,triste
me cambiaron el trabajo sin consultarme y nadie lo entiende,enojo
desde ayer todo me afecta demasiado todo el tiempo,triste
ultimamente me asusta no saber si voy a conseguir trabajo y no se que hacer,miedo
hoy me siento tranquilo y feliz y no se que hacer,feliz
cumpli mi meta del año y nadie lo sabe,feliz
no es que estén peleados conmigo simplemente actúan como si no existiera,triste
la verdad me aprobo el credito el banco parce,feliz
oye tengo miedo de que me quiten el trabajo,miedo
no te miento logre cerrar el trato que necesitaba pero necesitaba decirlo,feliz
en este momento me siento decepcionado y no se que hacer,triste
realmente me siento furioso desde hace dias,enojo
la verdad hicimos sancocho en familia y fue muy rico,feliz
me siento muy pleno y contento y no lo puedo creer,feliz
es que tengo un mal presentimiento con eso la verdad,miedo
para serte honesto cargue con toda la responsabilidad del grupo y me afecta mucho,enojo
la verdad me siento inseguro otra vez,miedo
hoy todo esta funcionando bien y no se que hacer,feliz
mira nos separamos despues de mucho tiempo y me afecta,triste
la verdad ya no se que hacer,triste
en serio siento una rabia horrible ahora mismo en serio,enojo
fijate que tengo panico de fallar cuando todos confian en mi pero bueno,miedo
en serio me enfurece que actuen asi y no lo puedo ocultar,enojo
te cuento que tengo panico de que me pregunten algo en clase,miedo
estoy muy apenado y no se que decir,triste
es que me llamaron de un numero desconocido y no se que hacer,miedo
oye me sacaron de la jugada sin ninguna explicacion pero bueno,enojo
siento que algo no esta bien aunque todo parece normal y nadie lo sabe,miedo
me da terror lo que pueda pasar despues,miedo
me trataron como si yo fuera el problema hermano,enojo
siento un miedo enorme que no puedo controlar,miedo
que buena experiencia fue esa y estoy muy contento,feliz
es que todo me pesa demasiado todo el tiempo,triste
te juro que me hicieron una videollamada sorpresa y quisiera que alguien me ayudara,feliz
ultimamente todo esta mal organizado todo el tiempo,enojo
ultimamente me siento motivado esta semana,feliz
te digo que estoy muy agradecido por todo sin duda,feliz
lo que pasa es que me dijeron que me quieren de verdad,feliz
hermano me siento muy solo en esta ciudad,triste
hoy que suerte tan grande la mia sin duda,feliz
sinceramente me tiene muy preocupado lo que esta pasando parce,miedo
me salio el primer cliente y me afecta,feliz
ultimamente tengo ansiedad de pensar en el futuro,miedo
hoy el silencio de esa persona me preocupa mucho pero necesitaba decirlo,miedo
desde ayer estoy agotado emocionalmente otra vez,triste
ahora mismo se burlaron de algo que me costo decir y quisiera que alguien me ayudara,enojo
te digo que siento que algo esta muy mal y me asusta y no se que hacer,miedo
sinceramente siento que cargue solo con todo y no puedo evitarlo,triste
ayer llevo dias sin ganas de nada,triste
desde ayer me encanta este momento esta semana,feliz
hoy siento que me quede atras pero bueno,triste
me asusta pensar en las consecuencias de verdad,miedo
no puedo dejar de preocuparme y es agotador,miedo
en serio mi jefe quedo contento con mi trabajo pero necesitaba decirlo,feliz
ultimamente me dejo de seguir en redes sociales y trato de disimularlo,triste
hermano me hablaron muy feo sin ninguna razon,enojo
fijate que me tiene muy enojado esa situacion y nadie lo sabe,enojo
te cuento que hoy todo fluyo bien y eso me pesa,feliz
hoy me dieron la beca de la universidad publica y ya,feliz
te cuento que hoy fue un dia muy gris y es agotador,triste
de verdad me siento muy bien y muy contento,feliz
ultimamente estoy cansado de aparentar que todo esta bien y ya,triste
parce estoy muy asustado con lo que puede pasar y no es facil,miedo
es que me case hoy la verdad,feliz
la verdad me ignoraron completamente y eso me pesa,enojo
no alcance el cupo en la universidad publica y me cuesta mucho,triste
lo que pasa es que me dieron la nota que esperaba y no puedo evitarlo,feliz
en serio estoy muy decaido y no quiero hablar y me duele mucho,triste
en serio todo lo que construi se cayo todo el tiempo,triste
mi familia esta pasando un momento muy dificil y no se que hacer,triste
fijate que me da terror enfrentar esto solo y no lo puedo ocultar,miedo
en serio me hicieron perder el tiempo desde hace dias,enojo
me da pena decirlo pero tengo panico de que me pregunten algo frente a todos y no puedo evitarlo,miedo
de verdad que actitud tan mala la tuya y me parece muy mal,enojo
en serio siento que fracase y me afecta mucho,triste
parce aprobe todas las materias este semestre y no puedo evitarlo,feliz
en serio no puedo creer tu irresponsabilidad y no lo voy a tolerar,enojo
hoy hoy no tuve que madrugar y lo disfrute y ya,feliz
hoy estoy muy contento ultimamente,feliz
ahora mismo hice algo que me daba miedo y salio bien y me afecta mucho,feliz
siento un temor constante que no desaparece,miedo
hoy me tienen muy hastiado con lo mismo la verdad,enojo
estoy cansado de vivir asi,triste
tengo un miedo horrible que no me deja y me tiene muy nervioso,miedo
sinceramente me aterra quedar mal frente a todos la verdad,miedo
ultimamente me ignoraron completamente otra vez,enojo
te cuento que estoy muy nervioso con esa vuelta hermano,miedo
me pone muy ansioso pensar en eso y me tiene mal,miedo
me canse de aguantarte y punto,enojo
ahora mismo estoy cansado mentalmente otra vez,triste
sinceramente me hicieron esperar demasiado y necesito que alguien me entienda,enojo
de verdad estoy muy triste y sin animo de nada,triste
la verdad es que siento un vacio muy grande en mi,triste
lo que pasa es que por fin lo logre y eso me pesa,feliz
mira lo que paso cambio su estado y supe que era por mi de verdad,triste
parce me da pena que se den cuenta que no entendi,miedo
hoy tengo algo importante manana y no puedo dormir y me afecta,miedo
oye llevo dias aguantando esto y ya no puedo y no puedo evitarlo,enojo
en este momento me siento increible,feliz
el profesor me humillo frente a todos y trato de disimularlo,triste
no te miento todo el mundo sigue y yo estoy quieto,triste
que buena experiencia fue esa y es lo mejor que me paso,feliz
ya nada es igual de verdad,triste
siento panico cuando pienso en eso y no se que hacer,miedo
hoy no logre lo que esperaba y es agotador,triste
en serio me salio la receta que estaba intentando,feliz
fijate que me llego un paquete que habia pedido y me afecta,feliz
fijate que estoy muy cansado de lucharla solo la verdad,triste
no se si contarte pero hable con alguien nuevo y no fue tan malo y quisiera que alguien me ayudara,feliz
mira lo que paso me canse de pedir lo mismo sin resultado y me pesa cargarlo solo,enojo
ultimamente minimizaron lo que sentia pero necesitaba decirlo,enojo
oye pase el semestre sin perder nada y no se que hacer,feliz
hoy me preocupa el futuro esta semana,miedo
tengo mucho miedo otra vez,miedo
hoy estoy realmente indignado y no puedo evitarlo,enojo
ultimamente no quise hablar con nadie hoy y es agotador,triste
no puedo con esta rabia que siento y ya me canse,enojo
te digo que me encontre plata en un bolsillo que no sabia,feliz
eres una persona muy egoista y punto,enojo
la verdad me pagan mal y me exigen demasiado y nadie lo entiende,enojo
en serio siento que algo se rompio dentro de mi y eso me pesa,triste
es que tengo un presentimiento muy malo y me tiene muy nervioso,miedo
desde hace dias no entendi bien el tono y eso me tiene angustiado y no puedo evitarlo,miedo
me da pena decirlo pero mi jefe quedo contento con mi trabajo y trato de disimularlo,feliz
ahora mismo manana tengo una prueba importante y estoy nervioso y es agotador,miedo
la verdad me preocupa no poder pagar el arriendo el otro mes de verdad,miedo
vieja el partido de colombia salio bien pero bueno,feliz
hoy tengo miedo de hablar otra vez,miedo
hoy me tiene muy cansado esta gente de verdad,enojo
definitivamente todo salio excelente y me afecta mucho,feliz
te cuento que me tiene muy irritado todo esto,enojo
es que me asusta no saber si voy a conseguir trabajo,miedo
hoy no logre lo que esperaba y me tiene mal,triste
hermano me dieron una sorpresa muy bonita hoy y ya,feliz
en serio me tiene completamente harto y no lo puedo ocultar,enojo
sinceramente me da mucha pena decirle eso a la gente de verdad,miedo
en serio ya no quiero hablar de eso porque nadie entiende,triste
no te miento me tiene muy cansado esta gente y no puedo evitarlo,enojo
es que me toco dejar los estudios por plata pero bueno,triste
ahora mismo todo me afecta demasiado ultimamente,triste
te cuento que siento que me estoy quedando sin opciones pero bueno,miedo
es que vi que estaba en linea pero no me respondio y quisiera que alguien me ayudara,triste
no puedo creer que eres un egoista de primera,enojo
oye no quiero mandar el audio por miedo a como sueno y no se que hacer,miedo
ultimamente me borraron un comentario que tenia toda la razon men,enojo
hoy me saca de quicio que no cambien nada de verdad,enojo
es que me pidieron que fuera a recursos humanos y no se que hacer,miedo
tengo panico de que me pregunten algo en clase y no es facil,miedo
no quiero salir solo en este momento,miedo
algo me dice que las cosas van a cambiar mal,miedo
hoy me fue de pelos y me cuesta mucho,feliz
lo que pasa es que me siento invisible y no se que hacer,triste
en serio me pone muy nervioso hablar en publico y no se que hacer,miedo
mira siento que me quede atras y nadie lo sabe,triste
estoy muy frustrado con todo esto,enojo
oye me trataron como si yo fuera el problema,enojo
realmente me da mucha rabia y no se que hacer,enojo
no se me saca de quicio que no cambien nada y no es facil,enojo
la verdad manana es el dia y no estoy listo,miedo
oye tengo miedo de decir algo fuera de lugar y trato de disimularlo,miedo
desde hace dias hicieron como si yo no existiera en la reunion y me cuesta mucho,enojo
me dieron la visa y me tiene mal,feliz
lo que pasa es que siento que a nadie le importo y me tiene mal,triste
la verdad es que estoy muy triste y sin animo de nada y no lo puedo superar,triste
mira me llamaron para el trabajo en medellin pero bueno,feliz
en serio me da alegria ver que todo funciona sin duda,feliz
te juro que me pusieron el visto y luego respondieron bien y me pesa cargarlo solo,feliz
es que me siento muy perdido con mi vida y me tiene pensando mucho,triste
no quiero que me hables mas,enojo
me robaron el celular y estoy muy mal y ya,triste
desde hace dias no voy a tolerar esto mas pero no digo nada,enojo
es que me da terror mostrarme como soy de verdad y no se que hacer,miedo
mira lo que paso tengo panico de decir algo y que lo malinterpreten y trato de disimularlo,miedo
fijate que me pusieron a hacer el trabajo de todos de verdad,enojo
te juro que usaron mis ideas sin darme credito y no es facil,enojo
te cuento que me usaron cuando les convenia y despues nada hermano,enojo
oye tengo miedo de que todo cambie y no lo puedo ocultar,miedo
es que tengo miedo de cometer un error grave,miedo
ultimamente me siento nervioso y me afecta mucho,miedo
hoy pague y no me dieron lo que ofrecieron y no se que hacer,enojo
es que no me toman en serio por mi edad y nadie lo entiende,enojo
definitivamente estoy demasiado molesto ultimamente,enojo
oye estoy cansado de aparentar que todo esta bien,triste
realmente tengo mucho miedo ultimamente,miedo
desde hace dias me dijeron que me quieren la verdad,feliz
en serio que buen resultado tuvimos hoy,feliz
bro me asusta no saber si voy a conseguir trabajo,miedo
nadie me dio una respuesta clara y ya,enojo
te juro que me subieron el sueldo y me tiene agotado,feliz
desde hace dias me copiaron el trabajo y lo publicaron como propio y me cuesta mucho,enojo
me molesta tu falta de consideracion y ya me canse,enojo
mira tengo miedo de decir algo y que lo tomen mal la verdad,miedo
te juro que no voy a seguir aguantando esto y me parece muy mal,enojo
fijate que siento que estoy decepcionando a todos,triste
oye no voy a tolerar esto mas todo el tiempo,enojo
hoy me siento vacio otra vez,triste
fijate que siento que no le importo a nadie de verdad y eso me tiene mal,triste
sinceramente pague y no me dieron lo que ofrecieron y me tiene mal,enojo
en este momento estoy disfrutando mucho y eso me alegra,feliz
hoy me hablaron muy mal y me afecta mucho,enojo
mira lo que paso me bloqueo sin darme una explicacion y trato de disimularlo,triste
hoy no entiendo como la gente puede ser asi de verdad,enojo
es que ya nada es igual pero necesitaba decirlo,triste
estoy muy preocupado y con miedo y no se que hacer,miedo
fijate que me eliminó de sus contactos sin decir nada y no es facil admitirlo,triste
me hace feliz saber que estas bien sin duda,feliz
definitivamente esto me molesta demasiado ultimamente,enojo
me cobraron de mas sin avisar y es agotador,enojo
es que me invitaron a algo importante la verdad,feliz
en este momento estoy muy emocionado,feliz
sinceramente me preocupa el futuro todo el tiempo,miedo
oye no se si estoy listo para esto todo el tiempo,miedo
sinceramente usaron mis ideas sin darme credito men,enojo
hoy me dijeron que era mi culpa cuando no lo era y me afecta,enojo
estoy muy apagado sin poder sonreir y me duele mucho,triste
hoy me cambiaron el trabajo sin consultarme y eso me tiene mal,enojo
te digo que hoy me senti muy bien conmigo mismo y me cuesta aceptarlo,feliz
nadie me dio una respuesta clara la verdad,enojo
en serio siento que todos avanzan menos yo,triste
fijate que mi familia se fue a vivir lejos y me siento solo,triste
realmente me siento motivado todo el tiempo,feliz
desde ayer me siento muy triste y no se que hacer,triste
ultimamente todo me da miedo desde hace dias,miedo
la verdad es que me invitaron a participar en un proyecto pero ya no puedo mas,feliz
oye ya no aguanto mas esa situacion,enojo
te cuento que fallecio alguien cercano pero necesitaba decirlo,triste
de verdad estoy muy contento con el resultado y no lo puedo creer,feliz
parce me faltaron el respeto delante de todos y no puedo evitarlo,enojo
lo que pasa es que me siento muy desanimado hoy y no lo puedo superar,triste
es que tengo algo importante manana y no puedo dormir,miedo
vieja mi familia se fue a vivir lejos y me siento solo,triste
sinceramente tengo miedo de que lo peor esta por venir,miedo
sinceramente no entiendo como la gente puede ser asi men,enojo
en este momento hoy fue un gran dia ultimamente,feliz
me da mucho miedo lo que dijeron,miedo
la verdad nacio mi hija y no se que hacer,feliz
salgo mañana temprano y ya se me está haciendo tarde,miedo
sinceramente me tienen muy hastiado con lo mismo la verdad,enojo
lo que pasa es que me pusieron el visto y luego respondieron bien y no se que hacer,feliz
la verdad todo esta saliendo bien desde hace dias,feliz
me da pena decirlo pero me prometieron que no volveria a pasar y me pesa cargarlo solo,enojo
te cuento que siento que fracase sinceramente,triste
de verdad me hace muy bien sentirme asi y estoy muy agradecido,feliz
para serte honesto hicieron algo injusto y nadie dijo nada y eso me pesa,enojo
hoy termino mi relacion,triste
es que me da mucho miedo estar solo en esto y no se que hacer,miedo
ultimamente llegue a tiempo a todo y necesito que alguien me entienda,feliz
mira nadie hace las cosas bien aqui otra vez,enojo
hoy tengo miedo de tomar una decision y que salga mal pero bueno,miedo
es que vi las historias de todos y me senti muy mal men,triste
te digo que me eliminaron del grupo sin decir nada,enojo
te digo que me tiene harto que siempre pase lo mismo de verdad,enojo
me cayo del cielo esa noticia y eso me duele,feliz
fijate que me siento desconectado de todo de verdad,triste
en serio estoy muy bajo de animo y sin ganas y me duele mucho,triste
lo que pasa es que me asusta que piensen que soy raro y no se que hacer,miedo
oye pase el dia en cama y no puedo evitarlo,triste
oye me reconocieron el esfuerzo en el trabajo sinceramente,feliz
es que siento que cargue solo con todo y no lo puedo ocultar,triste
no puedo mas con esta situacion y eso no esta bien,enojo
lo que pasa es que me mandaron audio de voz gritando y no es facil admitirlo,enojo
la verdad me preocupa no poder pagar el arriendo el otro mes,miedo
hoy no tenemos para el arriendo este mes la verdad,triste
sinceramente no duermo de la preocupacion de verdad,miedo
hoy si esto no funciona no se que voy a hacer y ya,miedo
definitivamente me duele mucho esto desde hace dias,triste
te cuento que prometieron y no cumplieron sinceramente,enojo
te digo que llegue a los seguidores que queria men,feliz
hermano me da susto pedir el favor porque me da pena y eso me duele,miedo
hoy estoy muy enojado otra vez,enojo
perdi una oportunidad importante y necesito que alguien me entienda,triste
ultimamente esto me molesta mucho de verdad,enojo
cambio su estado y supe que era por mi y no se como manejarlo,triste
me duele mucho haber llegado a esto,triste
sinceramente me hablaron muy feo sin ninguna razon parce,enojo
me hicieron fila tres horas y no me atendieron y no es facil,enojo
me parece terrible lo que hiciste y ya me canse,enojo
definitivamente hoy fue un mal dia y no se que hacer,triste
la verdad me pone muy ansioso pensar en eso la verdad,miedo
fijate que me da ansiedad abrir ese chat y no se que hacer,miedo
me tocó madrugar y no dormí nada y encima salio mal y ya,triste
no tengo plan b si esto falla y ya,miedo
gane el concurso y no lo puedo ocultar,feliz
para serte honesto la incertidumbre me tiene paralizado otra vez,miedo
la verdad me quitaron el like y eso me bajo el animo de verdad,triste
te juro que me exigen resultados sin darme las herramientas de verdad,enojo
hoy todo esta mejorando hoy,feliz
sinceramente me dejo mi novia y estoy muy bajoneado de verdad,triste
mira las cosas ya no son como antes de verdad,triste
para serte honesto no puedo dejar de preocuparme y me afecta mucho,miedo
me canse de pedir ayuda y no recibirla y no se que hacer,triste
es que hablaron de algo que yo no sabia y me senti excluido y nadie lo entiende,triste
ultimamente siento que si me equivoco no hay vuelta atras de verdad,miedo
realmente tengo ansiedad por lo que viene y me afecta mucho,miedo
ultimamente se burlaron de mi y es agotador,enojo
te cuento que me ignoraron durante horas la verdad,enojo
la verdad me llamaron de la empresa y no dijeron para que,miedo
lo que pasa es que eres la persona mas egoista que conozco y no lo entiendo,enojo
la verdad es que me invitaron a participar en un proyecto y me cuesta mucho,feliz
es que siento que se me acaba el tiempo la verdad,miedo
te juro que me prometieron que no volveria a pasar pero ya no puedo mas,enojo
definitivamente todo salio mal desde hace dias,triste
vieja me tiene muy triste esta vuelta pero bueno,triste
sí claro yo soy el problema como siempre,enojo
hoy hoy descanse bien por primera vez en mucho tiempo y nadie lo entiende,feliz
la verdad me duele mucho esto otra vez,triste
la verdad es que me prometieron que no volveria a pasar y no se como manejarlo,enojo
la verdad me salio todo bien y no me lo esperaba y no es facil,feliz
es que dije algo que no quise decir y no se como explicarlo y me pesa cargarlo solo,triste
no se si contarte pero tengo miedo de que se den cuenta que no entiendo y no es facil admitirlo,miedo
la verdad no me toman en serio por mi edad de verdad,enojo
la verdad estoy temblando de nervios esta semana,miedo
la verdad siento que cargo con demasiado para mi edad,triste
te cuento que me cuesta aceptar que eso ya termino,triste
que noticia tan buena me dieron y no lo puedo creer,feliz
es que me dejo mi novia y estoy muy bajoneado y ya,triste
en serio me pone muy ansioso pensar en eso y eso me duele,miedo
ultimamente quiero estar solo y no se que hacer,triste
no te miento no hubo trafico hoy y me tiene mal,feliz
ultimamente no aguanto mas desde hace dias,enojo
te digo que que dia tan bueno fue hoy y estoy muy contento,feliz
mira lo que paso me angustia no saber como interpretar eso y me pesa cargarlo solo,miedo
siento una tristeza profunda que no pasa y me duele mucho,triste
te cuento que me cancelaron la cita sin avisar la verdad,enojo
mira lo que paso me dejo de seguir en redes sociales y no puedo evitarlo,triste
fijate que me preocupa mucho el futuro economico,miedo
no me merecia este trato la verdad,enojo
hoy hice algo que me daba mucho miedo y salio bien la verdad,feliz
de verdad que situacion tan frustrante esta y eso no esta bien,enojo
ultimamente no entiendo como la gente puede ser asi,enojo
fijate que todo me pesa demasiado y no lo puedo ocultar,triste
en serio me angustia no tener todo claro a mi edad de verdad,miedo
es que no puedo con esta rabia que siento y me parece muy mal,enojo
mira lo que paso tengo miedo de que mi respuesta suene agresiva y nadie lo entiende,miedo
parce me toco irme del barrio que queria y me cuesta mucho,triste
fijate que me tiene muy irritado todo esto de verdad,enojo
la verdad es que me duele mucho haber perdido eso,triste
la verdad mi mejor amigo se fue para otro pais parce,triste
te digo que me siento muy triste y sin motivacion de verdad,triste
para serte honesto me toco el dia libre y ya,feliz
sinceramente estoy harto de todo,enojo
te cuento que no me merecia este trato y me afecta mucho,enojo
te cuento que me trataron diferente a los demas la verdad,enojo
te cuento que hoy amaneci con mucha energia sinceramente,feliz
parce estoy con una nota hoy,feliz
es que ya no somos lo que eramos y eso me entristece parce,triste
lo que pasa es que me dijeron que cambie como si estuviera mal ser yo y no se como manejarlo,triste
mira me paraliza no saber cual es el camino correcto y ya,miedo
perdi mi trabajo hoy la verdad,triste
ahora mismo me siento lleno de energia con todo lo que paso,feliz
la verdad es que hice algo que me daba miedo y salio bien y quisiera que alguien me ayudara,feliz
oye mi grupo hizo el trabajo sin contar conmigo y quisiera que alguien me ayudara,triste
fijate que mi familia estuvo muy unida hoy,feliz
hoy me case hoy y no puedo evitarlo,feliz
estoy muy apenado por lo que paso,triste
me respondieron con mala actitud sin razon y eso me tiene mal,enojo
no te miento hoy no tuve que fingir que estaba bien y no lo digo seguido,feliz
en serio que descaro tan grande el de esa gente,enojo
realmente esto me molesta demasiado y no se que hacer,enojo
ultimamente me di cuenta que nadie me busca si yo no busco y no puedo evitarlo,triste
tengo panico de que algo me pase,miedo
fijate que hoy amaneci con toda la actitud y me cuesta mucho,feliz
oye me trataron como si no existiera de verdad,enojo
sinceramente mi familia esta pasando un momento muy dificil,triste
para serte honesto siempre me pasa lo mismo con las mismas personas y no se que hacer,enojo
ya no se que hacer todo el tiempo,triste
no te miento tengo miedo de haber arruinado algo sin saberlo sinceramente,miedo
te cuento que hoy fue un dia muy chévere la verdad,feliz
no te miento hoy fue un dia muy gris y es agotador,triste
oye me llamaron de un numero desconocido y nadie lo sabe,miedo
vieja me dejo mi novia y estoy muy bajoneado,triste
hoy siento que me estoy quedando sin opciones sinceramente,miedo
es que siento que perdi una etapa de mi vida de verdad,triste
que rabia me da todo esto y no lo voy a tolerar,enojo
de verdad me duele mucho lo que ocurrio y no lo puedo superar,triste
siento que no le importo a nadie de verdad y me afecta mucho,triste
hoy estoy muy preocupado y no se que hacer,miedo
desde hace dias me mintieron en mi cara,enojo
nacio mi hijo de verdad,feliz
la verdad consegui apartamento en arriendo bien precio y nadie lo sabe,feliz
lo que pasa es que termino mi carrera la verdad,feliz
sinceramente perdi algo muy importante sinceramente,triste
en serio hicieron lo que quisieron sin preguntarme nada y no es facil,enojo
estoy muy apenado por lo que paso de verdad,triste
la verdad nada de lo que hago vale la pena y es agotador,triste
no te miento me dejo de seguir en redes sociales sinceramente,triste
hoy amaneci con toda la actitud parce,feliz
es que borre todas mis fotos porque no me gustaba nada,triste
me escribio la persona que me gusta y me afecta mucho,feliz
ahora mismo no puedo dejar de preocuparme y eso me pesa,miedo
la verdad tengo miedo de fallar ultimamente,miedo
sabes que que maravilloso es sentirse asi y estoy muy agradecido,feliz
me dieron el trabajo que queria,feliz
fijate que me eliminó de sus contactos sin decir nada de verdad,triste
la verdad es que siento una angustia muy grande ahora,miedo
no se si contarte pero perdi la materia que mas me esforcé sinceramente,triste
oye no supe leer la situacion y meti la pata y no se que hacer,triste
ultimamente me tratan diferente y no entienden por que me molesta pero necesitaba decirlo,enojo
desde hace dias me ignoraron completamente y me afecta mucho,enojo
en serio me hicieron perder el tiempo ultimamente,enojo
quedamos de una con el plan y me cuesta mucho,feliz
hoy todo salio perfecto en este momento,feliz
sinceramente me da terror enfrentar esto solo todo el tiempo,miedo
fijate que nadie me eligio para su equipo y me pesa cargarlo solo,triste
bro me saca de quicio que no cambien nada de verdad,enojo
fijate que me dijeron que exageraba sinceramente,enojo
la verdad mi familia estuvo muy unida hoy,feliz
sinceramente siento mucha presion,miedo
no se si contarte pero el profesor me humillo frente a todos pero ya no puedo mas,triste
es que estoy muy nervioso de cara a lo que viene,miedo
parce me dejo mi novio y estoy muy mal y no es facil,triste
oye me exigen resultados sin darme las herramientas,enojo
fijate que me respondieron con mala actitud sin razon sinceramente,enojo
la verdad me echaron la culpa de algo que hizo otro de verdad,enojo
sinceramente me citaron a declarar y estoy muy nervioso,miedo
mi familia esta bien y no puedo evitarlo,feliz
es que me invitaron a participar en algo importante,feliz
te cuento que termine de pagar mi deuda y me tiene mal,feliz
me da una bronca tremenda y me parece muy mal,enojo
definitivamente todo me fastidia desde hace dias,enojo
que alegria me da verte bien sin duda,feliz
ultimamente me siento horrible hoy,triste
estoy muy bajo de animo hoy,triste
te cuento que me tiene muy bajoneado lo que paso y me tiene mal,triste
ultimamente me siento motivado y no se que hacer,feliz
te juro que me siento muy pleno con lo que estoy haciendo y me tiene pensando mucho,feliz
fijate que se murio mi perro esta mañana,triste
todo el mundo parece tener todo claro menos yo y no se que hacer,triste
me alegra mucho haberte visto hoy en serio,feliz
hoy no duermo de la preocupacion de verdad,miedo
tengo miedo de decir algo y que lo malinterpreten y no es facil,miedo
hoy me borraron un comentario que tenia toda la razon,enojo
me da pena decirlo pero pude mantener una conversacion sin angustiarme pero ya no puedo mas,feliz
me prometieron el trabajo y al final le dieron a otro de verdad,enojo
ultimamente me cambiaron el trabajo sin consultarme y nadie lo entiende,enojo
mira me fue bien en el icfes parce,feliz
mi familia esta pasando un momento muy dificil,triste
honestamente no tolero que me trates asi,enojo
oye ya nada es igual sinceramente,triste
te juro que no supe si era una broma o algo serio y no puedo evitarlo,triste
publicaron algo mio sin pedirme permiso y ya,enojo
en serio me llamaron de la empresa y no dijeron para que y eso me duele,miedo
ahora mismo ya no aguanto mas todo el tiempo,enojo
oye me pone muy nervioso tener que dar explicaciones la verdad,miedo
mira no me dejaron hablar de verdad,enojo
estoy muy satisfecho con todo lo hecho y no lo puedo creer,feliz
mira pague y no me dieron lo que ofrecieron y nadie lo sabe,enojo
el resultado me tiene muy angustiado de verdad,miedo
desde ayer estoy muy emocionado,feliz
no te miento mi familia estuvo muy unida hoy,feliz
oye me siento muy solo en esta ciudad y ya,triste
hoy tengo miedo de que me cancelen por algo que dije y no puedo evitarlo,miedo
te digo que siento una inquietud muy grande ahora y eso me preocupa mucho,miedo
te cuento que no tengo con quien hablar y eso me pesa,triste
te cuento que salimos a rumbear y la pase muy bien y nadie lo sabe,feliz
ultimamente me dicen que deberia estar agradecido por poco,enojo
sinceramente tengo un mal presentimiento con eso de verdad,miedo
lo que pasa es que me duele mucho lo que ocurrio,triste
no te miento me interrumpieron cada vez que hable y no puedo evitarlo,enojo
las cosas estan saliendo como quiero y me afecta,feliz
sinceramente me da miedo que graben algo mio sin permiso,miedo
es que el medico me dijo que necesita hablar conmigo de verdad,miedo
lo que pasa es que me da terror mostrarme como soy de verdad y eso me tiene mal,miedo
ahora mismo no quiero salir solo otra vez,miedo
oye no hubo trafico hoy,feliz
sinceramente me irritas con ese comportamiento sin excusas,enojo
ahora mismo no puedo creer lo que hicieron,enojo
desde hace dias me pone ansioso salir de casa pero no digo nada,miedo
la verdad es que que mal comportamiento tienes y no lo entiendo,enojo
definitivamente me siento inseguro y me afecta mucho,miedo
fijate que que quiere usted todavía,enojo
me tienen hasta la coronilla pero bueno,enojo
fijate que me costo mucho levantarme hoy y ya,triste
desde ayer estoy muy contento en este momento,feliz
men me siento muy pleno con lo que estoy haciendo,feliz
es que estoy muy asustado con la situacion,miedo
hoy me comi algo rico y me alegro el dia y no es facil,feliz
la verdad me siento increible de verdad,feliz
hoy no tengo plan b si esto falla pero necesitaba decirlo,miedo
ultimamente me trataron muy mal sin razon y me afecta mucho,enojo
no se si contarte pero mi jefe quedo contento con mi trabajo y quisiera que alguien me ayudara,feliz
mira lo que paso me asusta que piensen que soy raro sinceramente,miedo
siento un dolor emocional muy grande,triste
me dieron el viernes libre,feliz
no se si contarte pero logre cerrar el trato que necesitaba y me pesa cargarlo solo,feliz
me interrumpieron todo el tiempo y me afecta mucho,enojo
te juro que tengo miedo de que mi respuesta suene agresiva sinceramente,miedo
la verdad estoy agotado de tener que explicar como me siento y ya,triste
hermano tengo miedo de que me vaya mal en las parciales parce,miedo
es que me fui de viaje y nadie lo sabe,feliz
te juro que me di cuenta que no me invitaron a la reunion sinceramente,triste
sinceramente estoy emocionado con todo lo que paso,feliz
me fue bien en el icfes la verdad,feliz
la verdad quede muy contento con el resultado de verdad,feliz
me siento muy feliz ahora mismo,feliz
la verdad es que me da una bronca tremenda,enojo
me preocupa no poder pagar el arriendo el otro mes y eso me duele,miedo
ultimamente me siento destruido y me duele mucho,triste
desde ayer hoy fue maravilloso otra vez,feliz
mira nadie hace las cosas bien aqui la verdad,enojo
mira lo que paso me dijeron que cambie como si estuviera mal ser yo pero ya no puedo mas,triste
es que me pusieron el visto y luego respondieron bien y me cuesta mucho,feliz
de verdad no puedo soportar esta situacion,enojo
hoy logre ahorrar lo que necesitaba,feliz
me pagan mal y me exigen demasiado,enojo
en serio me preocupa haber dicho algo sin darme cuenta y trato de disimularlo,miedo
hoy me sorprendieron hoy,feliz
hoy me ignoraron cuando tenia toda la razon pero bueno,enojo
en serio me tienen muy mamado con esa vuelta y ya,enojo
desde ayer ya no tengo ganas por todo lo que paso,triste
es que ya no somos lo que eramos y eso me entristece y ya,triste
me da pena decirlo pero me preocupa haber dicho algo sin darme cuenta y nadie lo entiende,miedo
sinceramente termino mi relacion y ya,triste
sinceramente tengo panico por todo lo que paso,miedo
en serio estoy muy alegre con lo que vivo de verdad,feliz
la verdad no aguanto mas esta semana,enojo
no te miento el medico me dijo que necesita hablar conmigo,miedo
no se si contarte pero no supe leer la situacion y meti la pata sinceramente,triste
qué bueno que pasó esto de verdad genial,enojo
ultimamente me preocupa el futuro esta semana,miedo
mira me faltaron el respeto delante de todos,enojo
desde ayer estoy muy emocionado por todo lo que paso,feliz
en serio me siento muy bien por todo de verdad,feliz
me da ira tu actitud sin excusas,enojo
sinceramente me decepciono mucho lo que hiciste,enojo
me siento muy contento con todo y estoy muy contento,feliz
te cuento que saque mi licencia de conducir la verdad,feliz
oye perdi mi negocio y no se como seguir la verdad,triste
me salio rico lo que cocine y es agotador,feliz
me mintieron descaradamente en la cara hermano,enojo
ultimamente no me dejaron hablar la verdad,enojo
es que me asusta mucho la situacion actual,miedo
siento que algo no esta bien aunque todo parece normal la verdad,miedo
hoy no puedo dejar de preocuparme y no lo puedo ocultar,miedo
fijate que me toco vender el carro que tanto queria y nadie lo sabe,triste
es que me tiene con los nervios destrozados y ya,miedo
hoy estoy muy ido hoy no se que me pasa pero bueno,triste
hoy estoy con una nota hoy hermano,feliz
hoy me siento lleno de energia y me encanta,feliz
lo que pasa es que minimizaron lo que sentia y me afecta mucho,enojo
pude decir lo que sentia sin miedo y me afecta mucho,feliz
ahora mismo me encanta este momento por todo lo que paso,feliz
no te miento por fin me contestaron y eso me tiene mal,feliz
te digo que que dia tan maravilloso fue hoy y estoy muy agradecido,feliz
fijate que me dijeron que era muy sensible por sentirme mal y me tiene agotado,enojo
no puedo evitar que me da miedo no poder controlarlo y no puedo calmarlo,miedo
es que mi familia estuvo muy unida hoy y no puedo evitarlo,feliz
es que me dieron la visa,feliz
en serio no duermo de la preocupacion y eso me pesa,miedo
lo que pasa es que me ignoraron completamente sinceramente,enojo
realmente me siento feliz y me encanta,feliz
quiero desaparecer,triste
lo que pasa es que siento que nada tiene sentido ahora y me duele mucho,triste
fijate que hoy fue un dia muy chévere y nadie lo sabe,feliz
parce mi familia se fue a vivir lejos y me siento solo y eso me duele,triste
hoy me siento destruido y me afecta mucho,triste
la verdad me tiene con los nervios destrozados y ya,miedo
mira estoy demasiado angustiado para pensar y eso me pesa,miedo
lo que pasa es que me tiene harto esta situacion,enojo
parce me llamaron de la empresa y no dijeron para que y eso me duele,miedo
oye quise decir algo pero no encontre las palabras y no se que hacer,triste
ahora mismo estoy harto de esto ultimamente,enojo
te digo que estoy muy triste con lo que paso,triste
ultimamente me dieron la beca y no lo puedo ocultar,feliz
de verdad no puedo mas con esta situacion en serio,enojo
me encontre plata en un bolsillo que no sabia de verdad,feliz
ultimamente me siento muy triste y me afecta mucho,triste
hoy me pelee con mi mejor amigo y me duele mucho y eso me duele,triste
hoy me puse a pensar en lo peor y no puedo parar,miedo
no pude ir a la graduacion pero necesitaba decirlo,triste
ahora mismo me di cuenta que no me invitaron a la reunion y me cuesta mucho,triste
estoy muy triste con lo que me paso de verdad,triste
te cuento que me interrumpieron todo el tiempo y no puedo evitarlo,enojo
es que me pagan mal y me exigen demasiado,enojo
no te miento me cayo del cielo esa noticia la verdad,feliz
sinceramente no soporto esta situacion por todo lo que paso,enojo
lo que pasa es que eres un irresponsable total,enojo
en serio estoy muy triste con el resultado,triste
sinceramente me siento orgulloso de donde estoy la verdad,feliz
en serio tengo un presentimiento muy malo pero no digo nada,miedo
te digo que estoy muy emocionado con lo que viene pero bueno,feliz
que buenas noticias me llegaron hoy y estoy muy agradecido,feliz
en este momento ya no quiero hablar,triste
hoy me invitaron a algo importante y me afecta,feliz
dijeron cosas que no son verdad sobre mi y eso me pesa,enojo
ultimamente me canse de pedir lo mismo sin resultado y me pesa cargarlo solo,enojo
me siento realizado,feliz
hermano me encontre con un amigo que no veia hace tiempo y ya,feliz
ahora mismo siento mucha presion desde hace dias,miedo
es que hicimos sancocho en familia y fue muy rico,feliz
ultimamente mi familia esta bien de verdad,feliz
oye me pidieron algo de ultimo momento y me afecta mucho,enojo
el transporte salio tardisimo y llegue tarde por eso hermano,enojo
la verdad es que se burlaron de algo que me costo decir y no se que hacer,enojo
no puedo evitar que me asusta mucho no saber que hacer,miedo
sinceramente me siento feliz desde hace dias,feliz
sinceramente mi familia esta bien y eso me pesa,feliz
sinceramente me fue de maravilla en la entrevista parce,feliz
vi algo que me dejo muy intranquilo y nadie lo sabe,miedo
sinceramente me asusta que piensen que soy raro sinceramente,miedo
hoy nada me salio bien hoy y ya,enojo
hoy mi mejor amigo se fue a vivir lejos la verdad,triste
es que mi mejor amigo se fue para otro pais y me tiene mal,triste
es que me siento re bien parce de verdad,feliz
te digo que hoy todo el transporte me funciono perfecto,feliz
parce me dieron la beca de la universidad publica de verdad,feliz
honestamente esto arruino mi dia todo el tiempo,enojo
te digo que siento una preocupacion muy grande de verdad,miedo
hermano me tienen muy hastiado con lo mismo y nadie lo sabe,enojo
te cuento que me descuentan del sueldo cosas que no firmé hermano,enojo
es que quedamos de una con el plan y no se que hacer,feliz
te cuento que voy a dormir toda la noche y ya,feliz
la verdad todo esta empeorando,triste
men me dicen que deberia estar agradecido por poco y me tiene pensando mucho,enojo
mira me parece terrible lo que hiciste,enojo
es que subi una foto y me arrepenti de haberla subido,triste
me dejo mi novia y estoy muy bajoneado y nadie lo sabe,triste
no te miento tengo una entrevista y me muero del susto otra vez,miedo
es que me hicieron fila tres horas y no me atendieron y nadie lo sabe,enojo
mira hoy fue un parche buenisimo pero bueno,feliz
lo que pasa es que me hicieron una videollamada sorpresa y me cuesta mucho,feliz
ultimamente nada de lo que hago vale la pena y ya,triste
hoy minimizaron lo que sentia pero ya no puedo mas,enojo
es que siento que estoy de mas,triste
es que hoy descanse bien por primera vez en mucho tiempo de verdad,feliz
mira me hicieron firmar algo que no entendi,enojo
hoy hoy fue un dia muy chévere y ya,feliz
la verdad hicieron lo que quisieron sin preguntarme nada parce,enojo
es que me cobraron de mas sin avisar sinceramente,enojo
me da pena decirlo pero me mandaron buenas noticias por whatsapp de verdad,feliz
para serte honesto me subieron el sueldo y trato de disimularlo,feliz
en este momento me siento vacio todo el tiempo,triste
si esto no funciona no se que voy a hacer y me tiene mal,miedo
ultimamente me mandaron un mensaje muy agresivo y eso me tiene mal,enojo
fijate que no puedo dejar de preocuparme y eso me pesa,miedo
parce me llamaron para el trabajo en medellin y ya,feliz
ultimamente estoy disfrutando mucho todo el tiempo,feliz
es que tengo miedo de decir algo fuera de lugar y me pesa cargarlo solo,miedo
mira eso me pone muy furioso parce de verdad,enojo
te digo que me duele mucho todo lo que ocurrio,triste
hoy mi familia esta bien y me tiene mal,feliz
te juro que me piden experiencia para un trabajo de principiante,enojo
hoy siento demasiado temor,miedo
estoy muy satisfecho con el dia de hoy,feliz
realmente me encanta este momento todo el tiempo,feliz
es que por fin termine el proyecto y es agotador,feliz
hermano mi familia esta pasando un momento muy dificil y no puedo evitarlo,triste
ya no tengo energia,triste
mira perdi algo muy importante y eso me pesa,triste
bro dijeron mentiras sobre mi en redes,enojo
me tiene angustiado no saber que va a pasar de verdad,miedo
es que siento que perdi una etapa de mi vida pero necesitaba decirlo,triste
te juro que me preocupa haber dicho algo sin darme cuenta y trato de disimularlo,miedo
hoy me quitaron el trabajo todavía,triste
hoy me siento muy triste y no se que hacer,triste
te digo que todo esta fluyendo muy bien ultimamente la verdad,feliz
te cuento que ya no esta la persona que queria y ya,triste
fijate que no tengo ganas de nada ultimamente y ya,triste
ultimamente tengo miedo de tomar una decision y que salga mal y nadie lo entiende,miedo
no te miento siento que todo el mundo sigue y yo me quede quieto y eso me duele,triste
te digo que me siento muy decaido sin saber por que y no lo puedo superar,triste
es que me da mucho miedo la situacion actual y no se que hacer,miedo
hoy estoy disfrutando mucho y eso me alegra,feliz
honestamente no puedo creer lo que hiciste y me parece muy mal,enojo
mira estoy muy cansado de lucharla solo y ya,triste
parce me tiene muy angustiado esa situacion la verdad,miedo
de verdad me duele mucho saber que ya no esta,triste
te cuento que me embargaron la cuenta y no entiendo por que y me cuesta mucho,miedo
oye tengo miedo de que me rechacen si digo lo que pienso y me tiene agotado,miedo
hoy esto arruino mi dia en este momento,enojo
lo que pasa es que siento que no le importo a nadie de verdad pero necesitaba decirlo,triste
desde hace dias me copiaron el trabajo y lo publicaron como propio y no es facil admitirlo,enojo
oye me fui de viaje pero bueno,feliz
fijate que me dieron una sorpresa muy bonita hoy hermano,feliz
te cuento que estoy realmente indignado la verdad,enojo
hoy me citaron para hablar y no se de que de verdad,miedo
todo el mundo sigue y yo estoy quieto y no puedo evitarlo,triste
tengo miedo de responder mal y arruinar todo y no puedo evitarlo,miedo
ahora mismo no aguanto mas por todo lo que paso,enojo
fijate que siento que las cosas mejoran y necesito que alguien me entienda,feliz
ultimamente encontre lo que buscaba la verdad,feliz
oye me angustia no saber como interpretar eso pero ya no puedo mas,miedo
me encanta este momento por todo lo que paso,feliz
desde hace dias tengo miedo de que las cosas cambien de repente de verdad,miedo
mira tengo panico de que algo que dije llegue a las manos equivocadas la verdad,miedo
te digo que hoy descanse bien por primera vez en mucho tiempo,feliz
en serio que buen dia para estar bien y estoy muy contento,feliz
desde ayer me siento horrible hoy,triste
quedamos de una con el plan y eso me duele,feliz
para serte honesto no entiendo nada y me da verguenza preguntar y nadie lo entiende,triste
no te miento me siento muy solo en esta ciudad y no se que hacer,triste
te cuento que siento que la estoy embarrando en todo y no se que hacer,triste
es que estoy muy asustado con lo que se avecina y me tiene muy nervioso,miedo
parce me toco vender el carro que tanto queria pero bueno,triste
oye estoy muy asustado con lo que puede pasar,miedo
lo que pasa es que estoy muy apenado por lo que paso y no lo puedo superar,triste
ultimamente me excluyeron de la decision sin explicacion y me afecta mucho,enojo
la verdad es que tengo un presentimiento malo muy fuerte y me tiene muy nervioso,miedo
es que me llegó una carta del juzgado y no se que es y me cuesta mucho,miedo
ultimamente siento que todos avanzan menos yo de verdad,triste
que dia tan especial fue hoy y estoy muy contento,feliz
tengo panico de que algo me pase y no se que hacer,miedo
bro me da miedo no estar a la altura de lo que se espera y no es facil,miedo
ahora mismo me asusta pensar en el futuro,miedo
hoy me siento orgulloso de donde estoy y me tiene mal,feliz
ahora mismo hice algo que me daba miedo y salio bien pero necesitaba decirlo,feliz
la verdad es que me da terror lo que pueda pasar despues,miedo
en serio no se si lo que estoy haciendo es lo correcto y me cuesta aceptarlo,miedo
no tenemos para el arriendo este mes y no se que hacer,triste
me da pena decirlo pero lei el mensaje mal y arruine todo sinceramente,triste
en serio me tiene muy enojado esa situacion la verdad,enojo
el partido de colombia salio bien pero bueno,feliz
la verdad nada tiene sentido y no se que hacer,triste
no puedo dejar de preocuparme la verdad,miedo
la verdad me da mucha pena decirle eso a la gente parce,miedo
la verdad me siento vacio otra vez,triste
sinceramente nadie me dio una respuesta clara de verdad,enojo
la verdad me angustia saber que todo queda guardado en internet y nadie lo entiende,miedo
la verdad me tienen hasta la coronilla y no puedo evitarlo,enojo
hoy ya no hablo con mi parcero de toda la vida y ya,triste
me tienes agotado con tus cosas y me parece muy mal,enojo
tengo miedo de cometer un error grave y no se que hacer,miedo
en serio estoy muy nervioso con esa vuelta pero bueno,miedo
eres un egoista de primera y eso no esta bien,enojo
siento una tristeza que no puedo explicar y quisiera que no fuera así,triste
sinceramente ya no esta la persona que queria la verdad,triste
ya no sé qué pensar de todo esto,triste
te cuento que me regalaron algo que queria hace mucho de verdad,feliz
la verdad termino mi carrera,feliz
me toco dejar los estudios por plata de verdad,triste
no aguanto mas y no se que hacer,enojo
me da pena decirlo pero siento que nadie me toma en serio y me cuesta mucho,enojo
hoy me siento muy bien por todo en serio,feliz
lo que pasa es que me paralizo cuando tengo que decidir sinceramente,miedo
sinceramente mi grupo de trabajo funciono muy bien y trato de disimularlo,feliz
la verdad me citaron para hablar y no se de que y ya,miedo
hoy me cancelaron la cita sin avisar,enojo
fijate que me dejaron solo en esto y no se que hacer,triste
ultimamente logre lo que queria otra vez,feliz
en serio me trataron como si no existiera y me tiene mal,enojo
la verdad subi algo y nadie reacciono y me senti invisible pero bueno,triste
mira no quise hablar con nadie hoy y no lo puedo ocultar,triste
sinceramente manana tengo una prueba importante y estoy nervioso y me tiene mal,miedo
es que no se si lo que estoy haciendo es lo correcto y ya,miedo
en serio perdi algo muy importante y ya,triste
sinceramente me asusta mucho lo que esta pasando en el barrio y nadie lo sabe,miedo
hoy estoy muy preocupado desde hace dias,miedo
es que no puedo mas con esta situacion en serio,enojo
hicieron lo que quisieron sin preguntarme nada pero bueno,enojo
hoy me estan ocultando algo y eso me pone nervioso sinceramente,miedo
ahora mismo me siento incomodo con esto en este momento,miedo
la verdad esto es injusto todo el tiempo,enojo
ultimamente estoy muy enojado por todo lo que paso,enojo
no te miento me tiene muy cansado esta gente y me cuesta mucho,enojo
la verdad recibi buenas noticias ultimamente,feliz
hoy me preocupa no poder lograrlo y me afecta mucho,miedo
en este momento me siento vacio esta semana,triste
lo que pasa es que vi que estaba en linea pero no me respondio y quisiera que alguien me ayudara,triste
la verdad me hablaron como si fuera tonto y no puedo evitarlo,enojo
me faltaron el respeto delante de todos,enojo
aprobe todas las materias este semestre pero bueno,feliz
hoy por fin termine el proyecto y necesito que alguien me entienda,feliz
hoy me siento muy desconectado de todo y de todos y no es facil,triste
te cuento que termino mi relacion,triste
me piden experiencia para un trabajo de principiante y no se que hacer,enojo
esto me pone de muy mal humor sin excusas,enojo
sinceramente defendi mi proyecto y quede bien y no puedo evitarlo,feliz
no se si contarte pero me interrumpieron cada vez que hable y eso me tiene mal,enojo
en este momento todo esta empeorando todo el tiempo,triste
que buena noticia para terminar el dia sin duda,feliz
ahora mismo no quise hablar con nadie hoy y me tiene mal,triste
la verdad es que no se si actue bien y eso no me deja tranquilo y no se como manejarlo,miedo
hoy tengo miedo de fallar en este momento,miedo
es que tengo los mejores amigos y no puedo evitarlo,feliz
ultimamente tengo miedo de equivocarme y arrepentirme despues,miedo
me encanta este momento esta semana,feliz
hoy me siento orgulloso por todo lo que paso,feliz
la verdad me fallaron cuando mas los necesitaba y ya,triste
ultimamente me angustia pensar que quiza elegi mal mi carrera la verdad,miedo
sinceramente estoy con el animo muy por el piso pero bueno,triste
fijate que me pusieron el visto y luego respondieron bien sinceramente,feliz
para serte honesto no quise hablar con nadie hoy y me tiene mal,triste
sinceramente se aprovecharon de la buena fe mia la verdad,enojo
fijate que me saca de quicio todo esto y es agotador,enojo
sinceramente tengo mucho miedo en este momento,miedo
en este momento me siento motivado con todo lo que paso,feliz
siento que la estoy embarrando en todo,triste
me da terror que noten que estoy nervioso y no se como manejarlo,miedo
en este momento me encanta este momento,feliz
para serte honesto se rieron de como me exprese y no puedo evitarlo,enojo
me tocó madrugar y no dormí nada y encima salio mal la verdad,triste
mi abuela ya no esta sinceramente,triste
hoy compre mi primera casa,feliz
mira mi familia esta bien todo el tiempo,feliz
me invitaron a algo importante y nadie lo sabe,feliz
me tocó madrugar y no dormí nada y encima salio mal pero bueno,triste
la verdad se aprovecharon de la buena fe mia y nadie lo sabe,enojo
en serio pude mantener una conversacion sin angustiarme,feliz
hoy vi una foto de antes y me cayó duro,triste
fijate que todo el mundo sigue y yo estoy quieto y ya,triste
lo que pasa es que cargue con toda la responsabilidad del grupo,enojo
sinceramente tengo miedo de que me juzguen la verdad,miedo
ultimamente me preocupa demasiado esto en este momento,miedo
me angustia pensar que quiza elegi mal mi carrera y nadie lo entiende,miedo
en este momento me siento excelente hoy,feliz
fijate que tengo miedo de tomar una decision y que salga mal,miedo
es que me salio el cupo en el sena,feliz
la verdad todo el mundo parece tener todo claro menos yo,triste
oye perdi algo muy importante,triste
estoy muy satisfecho con todo y es lo mejor que me paso,feliz
oye tengo panico de no saber como actuar en esa situacion de verdad,miedo
hoy estoy apostando todo a esto y no se que hacer,miedo
fijate que me mintieron descaradamente en la cara la verdad,enojo
no se me da panico enviar ese mensaje y quedar mal y ya,miedo
sinceramente me angustia no tener todo claro a mi edad,miedo
ultimamente me siento horrible hoy desde hace dias,triste
sinceramente hoy me vi bien en el espejo y me gusto y no se que hacer,feliz
me llego un paquete que habia pedido pero bueno,feliz
oye hicimos sancocho en familia y fue muy rico la verdad,feliz
fijate que no supe como responder y ahora me arrepiento de verdad,triste
oye me ignoraron durante horas y nadie lo sabe,enojo
sinceramente mi equipo gano hoy y estoy feliz y eso me duele,feliz
usaron lo que les conte en mi contra y me tiene agotado,enojo
sinceramente me da susto pedir el favor porque me da pena pero bueno,miedo
ultimamente me fallaron cuando mas los necesitaba otra vez,triste
no respetas nada ni a nadie,enojo
realmente estoy agotado emocionalmente todo el tiempo,triste
hoy me tiene muy apagado esta situacion y me tiene mal,triste
me salio redondo todo hoy parce,feliz
hoy fue un mal dia en este momento,triste
resulta que que tipo tan feo,enojo
te cuento que me graduo este sabado de verdad,feliz
de verdad que bonito momento vivimos hoy,feliz
vieja estoy muy molesto con lo que hicieron,enojo
hoy me llamaron de la empresa y no dijeron para que parce,miedo
para serte honesto todo esta mal organizado y me tiene mal,enojo
oye me dejaron solo en esto sinceramente,triste
ultimamente todo esta saliendo bien,feliz
ultimamente todo esta saliendo bien y me encanta,feliz
tengo miedo de decir algo y que lo tomen mal la verdad,miedo
hoy me pusieron a hacer el trabajo de todos,enojo
la verdad compre mi primer carro y ya,feliz
la verdad odio esta situacion otra vez,enojo
me salio el traslado que pedi la verdad,feliz
es que me exigen resultados sin darme las herramientas bro,enojo
me ignoraron durante horas y nadie lo sabe,enojo
no te miento me asusta mucho lo que esta pasando en el barrio de verdad,miedo
realmente hoy fue un mal dia otra vez,triste
lo que es cierto es que me alegra mucho haberte visto hoy sin duda,feliz
en serio me da susto pedir el favor porque me da pena,miedo
es que tengo miedo de que me cancelen por algo que dije men,miedo
honestamente eso no estuvo bien para nada y no lo entiendo,enojo
lo que pasa es que siento un dolor emocional muy grande y no lo puedo superar,triste
la verdad me quedé sin trabajo y no lo puedo creer,triste
es que la incertidumbre me tiene paralizado y necesito que alguien me entienda,miedo
estoy con el animo muy por el piso y eso me duele,triste
la verdad me siento motivado con todo lo que paso,feliz
perdi mi negocio y no se como seguir,triste
para serte honesto me bloqueo sin darme una explicacion y no es facil admitirlo,triste
te digo que me da mucho miedo la situacion actual y no puedo calmarlo,miedo
fijate que perdi la materia que mas me esforcé pero necesitaba decirlo,triste
sinceramente me dieron acceso a la oportunidad que queria y no se que hacer,feliz
para serte honesto tengo panico de no saber como actuar en esa situacion y me afecta mucho,miedo
te cuento que por fin me salio el pasaporte y me cuesta mucho,feliz
te digo que me reportaron sin motivo y me bloquearon la cuenta de verdad,enojo
desde ayer ya no quiero hablar,triste
ultimamente subi una foto y me arrepenti de haberla subido y no se que hacer,triste
te cuento que me hicieron repetir el tramite tres veces,enojo
en serio estoy muy nervioso con esa vuelta de verdad,miedo
tengo miedo de que mi respuesta suene agresiva y me cuesta mucho,miedo
mira lo que paso no supe leer la situacion y meti la pata pero necesitaba decirlo,triste
la verdad me siento muy bien con mi proceso y me tiene pensando mucho,feliz
mira siento que el tiempo paso y yo no hice nada pero bueno,triste
sinceramente siento demasiado temor ultimamente,miedo
hermano siento que la estoy embarrando en todo y no puedo evitarlo,triste
ya no somos lo que eramos y eso me entristece y ya,triste
fijate que me pone muy nervioso hablar en publico y eso me pesa,miedo
la verdad me tiene muy irritado todo esto hermano,enojo
la verdad me dijeron que si y despues que no la verdad,enojo
en serio que dia tan especial fue hoy y estoy muy agradecido,feliz
en serio me cayo muy bien esa persona y no puedo evitarlo,feliz
fijate que me pusieron en evidencia en un grupo y trato de disimularlo,enojo
estoy cansado mentalmente y me afecta mucho,triste
sinceramente termine la semana sin ningun problema y eso me tiene mal,feliz
fijate que me tiene muy triste esta vuelta de verdad,triste
me siento orgulloso ultimamente,feliz
me mandaron de una oficina a otra sin solucion sinceramente,enojo
no te miento por fin lo logre todo el tiempo,feliz
en serio me salio el cupo en el sena la verdad,feliz
no puedo evitar que estoy muy nervioso con esta situacion y eso me preocupa mucho,miedo
hoy descanse muy bien y no se que hacer,feliz
desde hace dias me fue muy mal en el examen sinceramente,triste
oye me echaron sin explicacion de verdad,triste
desde hace dias me rechazaron y duela mucho y es agotador,triste
la verdad es que me canse de pedir lo mismo sin resultado y quisiera que alguien me ayudara,enojo
no te miento nadie hace las cosas bien aqui y no puedo evitarlo,enojo
en serio estoy demasiado angustiado para pensar,miedo
en este momento me siento excelente con todo lo que paso,feliz
fijate que tengo miedo de que se den cuenta que no entiendo pero necesitaba decirlo,miedo
para serte honesto me bloqueo sin darme una explicacion de verdad,triste
es que tengo panico de no saber como actuar en esa situacion y me pesa cargarlo solo,miedo
realmente estoy disfrutando mucho y me encanta,feliz
en serio subi algo y nadie reacciono y me senti invisible y no se que hacer,triste
para serte honesto me asusta pensar en el futuro sinceramente,miedo
oye me ignoraron cuando tenia toda la razon y ya,enojo
te juro que me mandaron audio de voz gritando y quisiera que alguien me ayudara,enojo
oye que irresponsable eres con todo,enojo
en serio estoy rodeado de gente y me siento solo otra vez,triste
realmente tengo ansiedad por lo que viene en este momento,miedo
en serio se burlaron de mi y eso me pesa,enojo
la verdad me siento muy solo en esta ciudad pero bueno,triste
me puse muy feliz con eso parce,feliz
la verdad me siento horrible y no se que hacer,triste
sinceramente me da pena hablar en publico y manana me toca y no es facil,miedo
la verdad mañana presento y no he empezado nada y ya,miedo
no te miento me echaron sin explicacion y me afecta,triste
sinceramente estoy al limite de mi paciencia y ya,enojo
publicaron algo mio sin pedirme permiso y me tiene agotado,enojo
estoy muy decaido y no quiero hablar de verdad,triste
hoy me independice por fin y no se que hacer,feliz
sinceramente cumpli mi meta del año de verdad,feliz
oye el transporte salio tardisimo y llegue tarde por eso y no es facil,enojo
hoy me dejaron plantado y ni se disculparon y ya,enojo
es que mi familia se fue a vivir lejos y me siento solo de verdad,triste
hermano me descuentan del sueldo cosas que no firmé y ya,enojo
no estudie suficiente para esto y ya,miedo
lo que pasa es que me siento en paz y ya,feliz
para serte honesto el profesor me humillo frente a todos y no es facil admitirlo,triste
se murio mi perro esta mañana,triste
la verdad llevo dias sin ganas de nada y estoy mal,triste
sinceramente logre cerrar el trato que necesitaba y trato de disimularlo,feliz
tengo una entrevista y me muero del susto y necesito que alguien me entienda,miedo
oye me tiene muy preocupado lo que esta pasando y ya,miedo
vieja me toco dejar los estudios por plata pero bueno,triste
te juro que me pusieron el visto y luego respondieron bien sinceramente,feliz
lo que pasa es que alguien me entendio sin que yo explicara mucho y no se que hacer,feliz
sinceramente estoy muy nervioso y asustado por todo de verdad,miedo
ultimamente hoy todo el transporte me funciono perfecto la verdad,feliz
lo que pasa es que me molesta mucho que hagas eso y ya me canse,enojo
la verdad es que no entiendo nada y me da verguenza preguntar pero ya no puedo mas,triste
fijate que estoy muy asustado con lo que puede pasar y no es facil,miedo
hoy ya me canse de esto esta semana,enojo
ultimamente tengo panico desde hace dias,miedo
es que ya no tengo energia para nada de lo que antes me gustaba y me tiene pensando mucho,triste
ultimamente tengo un presentimiento muy malo pero no digo nada,miedo
te digo que estoy emocionado con las noticias,feliz
oye no me puedo quitar esa preocupacion de encima y ya,miedo
la verdad por fin me compre lo que queria y nadie lo sabe,feliz
sinceramente me dijeron que si y despues que no,enojo
me salio el negocio que queria y me tiene mal,feliz
lo que pasa es que siento tristeza y desesperanza ahora,triste
la verdad me ignoraron durante horas y ya,enojo
oye me da mucha rabia lo que hiciste y punto,enojo
sinceramente termine todo lo que tenia pendiente de verdad,feliz
ultimamente siento que finjo estar bien tan seguido que ya ni se y no se que hacer,triste
en serio no se si estan enojados conmigo o es mi imaginacion y no es facil admitirlo,miedo
no te miento termine mi tesis la verdad,feliz
desde ayer no tengo ganas de nada ultimamente,triste
sinceramente siento panico cuando pienso en eso y eso me preocupa mucho,miedo
no puedo creer que no puedo creer tanta irresponsabilidad y no lo voy a tolerar,enojo
hoy que buena noticia para terminar el dia en serio,feliz
te cuento que no logre lo que esperaba y necesito que alguien me entienda,triste
te cuento que algo me dice que las cosas van a cambiar mal,miedo
te digo que me dicen que deberia estar agradecido por poco y no puedo evitarlo,enojo
desde ayer me siento increible,feliz
es que me critican las decisiones sin conocer mi situacion y me tiene pensando mucho,enojo
es que se fue mi gato hoy sinceramente,triste
hoy me regañaron en el trabajo todavía,triste
no te miento me dieron la nota que esperaba pero necesitaba decirlo,feliz
fijate que tengo miedo de embarrarla con esa decision de verdad,miedo
la verdad aprobe el examen otra vez,feliz
ultimamente me asusta no saber si voy a conseguir trabajo bro,miedo
la verdad no me puedo quitar esa preocupacion de encima y eso me duele,miedo
la verdad es que me pone de muy buen humor esto,feliz
realmente me siento vulnerable en este momento,miedo
me embargaron la cuenta y no entiendo por que hermano,miedo
fijate que me tocó pagar una multa que no era justa y no puedo evitarlo,enojo
no se si lo que estoy haciendo es lo correcto y no puedo evitarlo,miedo
desde hace dias siento que algo malo va a pasar y necesito que alguien me entienda,miedo
no te miento sali del pais por primera vez pero necesitaba decirlo,feliz
mira lo que paso me ofrecieron un mejor cargo y me afecta mucho,feliz
hoy consegui apartamento en arriendo bien precio pero bueno,feliz
oye me echaron la culpa de algo que hizo otro y ya,enojo
resulta que me asaltaron,enojo
sinceramente llegue y me dijeron que no habia cupo,enojo
es que tengo miedo de mandar ese mensaje y que lo tomen mal y no es facil admitirlo,miedo
la verdad me dieron la beca de la universidad publica pero bueno,feliz
realmente esto arruino mi dia ultimamente,enojo
no te lo voy a perdonar tan facil y punto,enojo
me asusta mucho lo que esta pasando en el barrio y ya,miedo
no te miento tengo miedo de que me rechacen si digo lo que pienso la verdad,miedo
la verdad siento mucha presion por todo lo que paso,miedo
mira me da muy duro enfrentar esa conversacion,miedo
fijate que siento que las cosas mejoran pero no digo nada,feliz
oye compre mi primer carro de verdad,feliz
te juro que me bloqueo sin darme una explicacion y trato de disimularlo,triste
oye por fin me contestaron y no es facil admitirlo,feliz
sinceramente me siento muy triste y desolado y quisiera que no fuera así,triste
oye no te soporto mas y eso no esta bien,enojo
te digo que tengo miedo de que me cancelen por algo que dije y no se que hacer,miedo
te cuento que me faltaron el respeto delante de todos y ya,enojo
te digo que me da miedo no poder controlarlo,miedo
sinceramente me siento muy mal con lo que paso y me duele mucho,triste
hoy me angustia saber que todo queda guardado en internet y ya,miedo
te cuento que siento que cargue solo con todo y me tiene mal,triste
mira me hablaron como si fuera tonto la verdad,enojo
mira no tenemos para el arriendo este mes parce,triste
fijate que me cancelaron a ultimo momento y no puedo evitarlo,enojo
en serio no puedo creer que hayan hecho eso la verdad,enojo
sinceramente estoy muy bajo de animo y sin ganas,triste
desde ayer ya no tengo ganas en este momento,triste
hoy me angustia pensar que quiza elegi mal mi carrera la verdad,miedo
no te miento me da susto pedir el favor porque me da pena hermano,miedo
la verdad es que tengo panico de que algo malo pase,miedo
no logre lo que esperaba de verdad,triste
me tiene muy irritado todo lo que esta pasando y nadie lo entiende,enojo
hoy me tiene muy desanimado todo esto de verdad,triste
oye me pone muy ansioso pensar en eso la verdad,miedo
mira estrene mi apartamento pero bueno,feliz
te cuento que me tiene muy desanimado todo esto pero bueno,triste
la verdad es que me entristece mucho la situacion y no lo puedo superar,triste
ultimamente me canse de ser el que siempre aguanta y me tiene pensando mucho,triste
mira no voy a seguir aguantando esto,enojo
la verdad hoy todo fluyo bien y me tiene mal,feliz
es que me echaron sin explicacion de verdad,triste
vieja me toco vender el carro que tanto queria y me cuesta mucho,triste
es que termine el curso que venia haciendo bro,feliz
te cuento que me siento orgulloso de donde estoy y no se que hacer,feliz
fijate que mi grupo hizo el trabajo sin contar conmigo y no lo digo seguido,triste
es que me siento en paz pero no digo nada,feliz
ultimamente termine el curso que venia haciendo de verdad,feliz
mira se aprovecharon de la buena fe mia hermano,enojo
sinceramente aprobe el examen pero no digo nada,feliz
para serte honesto siento que estoy de mas y es agotador,triste
sinceramente no puedo mas con esta situacion y eso no esta bien,enojo
mira me tiene muy intranquilo todo esto de verdad,miedo
no entendi bien el tono y eso me tiene angustiado y trato de disimularlo,miedo
me trataron como si yo fuera el problema y ya,enojo
en serio me toco dejar los estudios por plata y me tiene mal,triste
realmente estoy demasiado preocupado y me afecta mucho,miedo
no te miento no entendi bien el tono y eso me tiene angustiado y no lo digo seguido,miedo
realmente no se que va a pasar y no puedo dormir,miedo
mira me graduo el sabado en el paraninfo parce,feliz
realmente estoy agradecido por todo todo el tiempo,feliz
oye hoy me senti muy bien conmigo mismo y ya,feliz
mira siento que me estoy quedando sin opciones de verdad,miedo
te cuento que mi pareja me sorprendio y no puedo evitarlo,feliz
es que tengo miedo de decir algo y que lo malinterpreten,miedo
no quiero que me hables mas y ya,enojo
te cuento que me tiene muy desanimado todo esto y ya,triste
es que me mencionaron en algo que me puso en ridiculo y nadie lo entiende,enojo
realmente me siento incomodo con esto en este momento,miedo
ahora mismo me siento horrible hoy todo el tiempo,triste
mira no tenemos para el arriendo este mes,triste
ultimamente dije algo que no quise decir y no se como explicarlo de verdad,triste
mira me escribio la persona que me gusta y me afecta mucho,feliz
me usaron cuando les convenia y despues nada,enojo
te digo que que buen dia para estar bien y estoy muy contento,feliz
la verdad estrene mi apartamento pero bueno,feliz
eso estuvo muy feo,enojo
me hicieron sentir que molestaba y no se que hacer,enojo
hoy me quede callado cuando debi haber hablado pero necesitaba decirlo,triste
hoy me asusta pensar en el futuro la verdad,miedo
en este momento me siento lleno de energia hoy,feliz
tengo miedo de embarrarla con esa decision y eso me duele,miedo
ultimamente me duele mucho esto todo el tiempo,triste
te cuento que me ignoraron cuando tenia toda la razon y no se que hacer,enojo
en serio estoy muy mamado de todo de verdad,triste
ultimamente estoy disfrutando mucho desde hace dias,feliz
sinceramente me aterra quedar mal frente a todos y no es facil,miedo
la verdad siento que no soy suficiente men,triste
fijate que gane el concurso y no se que hacer,feliz
oye prometieron y no cumplieron y es agotador,enojo
te digo que tengo un presentimiento muy malo y no se que hacer,miedo
hoy me toco dejar los estudios por plata,triste
es que siento un temor constante que no desaparece y no puedo calmarlo,miedo
me da terror enfrentar esto solo y no se que hacer,miedo
hoy me dejaron plantado y ni se disculparon y me tiene mal,enojo
fijate que me pone ansioso salir de casa y ya,miedo
hoy tengo ansiedad de aparecer en camara la verdad,miedo
en serio nadie reconocio lo que aporte y me tiene agotado,enojo
parce tengo un mal presentimiento con eso y eso me duele,miedo
hoy me paraliza no saber cual es el camino correcto bro,miedo
ahora mismo me da terror mostrarme como soy de verdad y nadie lo entiende,miedo
siento mucho miedo en este momento y me tiene muy nervioso,miedo
en serio siento que finjo estar bien tan seguido que ya ni se,triste
te digo que me siento muy mal emocionalmente de verdad,triste
todo salio excelente en este momento,feliz
hoy me hicieron una videollamada sorpresa y eso me tiene mal,feliz
mira no voy a tolerar ese comportamiento en serio,enojo
realmente me siento horrible hoy desde hace dias,triste
fijate que nada me da ganas ultimamente,triste
de verdad que situacion tan frustrante esta y ya me canse,enojo
me llamaron para el trabajo en medellin y ya,feliz
hoy me siento muy desconectado de todo y de todos la verdad,triste
me dejaron plantado y ni se disculparon la verdad,enojo
fijate que hicimos una reunioncita y quedo muy buena de verdad,feliz
nacio mi hijo y no se que hacer,feliz
no te miento no entiendo nada y me da verguenza preguntar,triste
en serio me siento muy achantado hoy parce,triste
sinceramente me copiaron el contenido y ni siquiera lo cambiaron y nadie lo entiende,enojo
para serte honesto no voy a tolerar esto mas y no se que hacer,enojo
te cuento que mi mejor amigo se fue para otro pais la verdad,triste
vieja mi familia se fue a vivir lejos y me siento solo y me tiene mal,triste
definitivamente ya no aguanto mas ultimamente,enojo
hoy me pagan mal y me exigen demasiado y ya,enojo
te digo que siento una tristeza que no puedo explicar de verdad,triste
sinceramente estoy emocionado y eso me alegra,feliz
fijate que me pusieron el visto y luego respondieron bien,feliz
la verdad es que estoy muy emocionado con el futuro y no lo puedo creer,feliz
fijate que me asusta no saber si voy a conseguir trabajo y no se que hacer,miedo
oye no puedo creer que hayan hecho eso y me tiene pensando mucho,enojo
sinceramente todo salio mal todo el tiempo,triste
tengo miedo de responder mal y arruinar todo y me cuesta aceptarlo,miedo
fijate que estoy muy nervioso con esa vuelta y eso me duele,miedo
la verdad es que me preocupa haber dicho algo sin darme cuenta y no es facil admitirlo,miedo
lo que pasa es que no respetas nada ni a nadie en serio,enojo
es que me pagan mal y me exigen demasiado la verdad,enojo
hoy me quede callado cuando debi haber hablado y me afecta mucho,triste
sinceramente me hicieron perder el tiempo por todo lo que paso,enojo
siento que voy a fallar manana y no puedo evitarlo,miedo
es que me quitaron el like y eso me bajo el animo y no se que hacer,triste
oye me ignoraron cuando trate de explicarme y no se que hacer,enojo
la verdad todo lo que construi se cayo sinceramente,triste
la verdad termine el curso que venia haciendo y me afecta,feliz
me fue bien en la sustentacion sinceramente,feliz
en serio me dieron la beca y me tiene mal,feliz
hoy me salio el negocio que queria y no se que hacer,feliz
hoy todo fluyo bien pero no digo nada,feliz
ultimamente capturaron una conversacion privada y la compartieron y no es facil,enojo
no te miento me dejaron plantado y ni se disculparon y no puedo evitarlo,enojo
hoy me graduo este sabado de verdad,feliz
es que me da pena que se den cuenta que no entendi y ya,miedo
no se si voy a poder sostenerme solo y nadie lo entiende,miedo
la verdad siento que me quede atras de verdad,triste
te cuento que todo el mundo sigue y yo estoy quieto pero necesitaba decirlo,triste
hoy me fue bien en el icfes hermano,feliz
te digo que me encontre plata en un bolsillo que no sabia y me afecta,feliz
en serio me asusta no saber si voy a conseguir trabajo y no se que hacer,miedo
ultimamente tengo miedo de decir algo fuera de lugar y quisiera que alguien me ayudara,miedo
estoy muy asustado con lo que puede pasar y nadie lo sabe,miedo
hoy me tratan diferente y no entienden por que me molesta,enojo
realmente odio esta situacion esta semana,enojo
sinceramente me descuentan del sueldo cosas que no firmé,enojo
sinceramente se llevaron el credito de lo que yo hice y no puedo evitarlo,enojo
esto arruino mi dia ultimamente,enojo
te digo que me duele mucho lo que dijiste,triste
me mandaron de una oficina a otra sin solucion,enojo
hoy me costo mucho levantarme hoy otra vez,triste
en serio me da mucha alegria saber eso y no lo puedo creer,feliz
oye pude expresarme sin que me juzgaran y nadie lo entiende,feliz
desde ayer todo me afecta demasiado y me duele mucho,triste
no te miento me hablaron muy mal y necesito que alguien me entienda,enojo
fijate que me usaron cuando les convenia y despues nada y me cuesta mucho,enojo
estoy muy emocionado desde hace dias,feliz
hoy estoy muy nervioso con esa vuelta pero bueno,miedo
estoy muy bravo con lo que paso pero bueno,enojo
en serio me hicieron fila tres horas y no me atendieron hermano,enojo
hoy me echaron sin explicacion y me tiene mal,triste
la verdad me dieron el trabajo que queria pero bueno,feliz
la verdad es que me alegra mucho el resultado final,feliz
que suerte tan grande la mia,feliz
hoy me dieron la beca sinceramente,feliz
es que estoy cansado de aparentar que todo esta bien men,triste
ultimamente siento que no encajo en ningún lado todo el tiempo,triste
mira que perdi el trabajo y no sé qué hacer,triste
para serte honesto me da terror mostrarme como soy de verdad y no puedo evitarlo,miedo
sinceramente me hicieron una videollamada sorpresa y trato de disimularlo,feliz
ahora mismo tengo miedo de caerle mal sin querer y me tiene agotado,miedo
ultimamente me salio la receta que estaba intentando y me cuesta aceptarlo,feliz
lo que pasa es que me da ansiedad conocer gente nueva sinceramente,miedo
desde ayer estoy harto de todo otra vez,enojo
sinceramente me escribieron solo para reclamarme de verdad,enojo
de verdad me siento muy bien por todo,feliz
hoy ya no quiero esforzarme y no lo puedo ocultar,triste
en serio siento una soledad enorme que me pesa y no se como seguir,triste
me da pena que se den cuenta que no entendi y no se que hacer,miedo
fijate que siento que cargo con demasiado para mi edad y nadie lo entiende,triste
te juro que me copiaron el trabajo y lo publicaron como propio pero necesitaba decirlo,enojo
sinceramente no se que va a pasar con mi vida y es agotador,miedo
ahora mismo estoy muy enojado desde hace dias,enojo
te digo que me dicen que me esfuerce mas cuando ya doy todo de verdad,enojo
sinceramente me aterra no saber como va a terminar y no se que hacer,miedo
en serio que bonita sorpresa me llevé hoy de verdad,feliz
sinceramente me da mucho miedo lo que puede pasar,miedo
resulta que no pude comer hoy y no sé qué hacer,triste
en este momento no soporto esta situacion,enojo
la verdad hoy llore sin saber por que y no se que hacer,triste
no me gusto tu trabajo,enojo
fijate que publico algo que me dejo muy mal y no lo digo seguido,triste
ahora mismo me tiene angustiado no saber que va a pasar y es agotador,miedo
lo que pasa es que me dijeron que me quieren y eso me pesa,feliz
en este momento me siento feliz en este momento,feliz
no te miento entregue el proyecto a tiempo y me cuesta mucho,feliz
en serio me prometieron que no volveria a pasar y no se que hacer,enojo
eres un maleducado sin remedio y no lo voy a tolerar,enojo
fijate que no entiendo nada y me da verguenza preguntar y eso me tiene mal,triste
mira me tiene con los nervios destrozados y no se que hacer,miedo
mira que voy a dormir toda la noche,feliz
no te miento me echaron la culpa de lo que salio mal y no es facil admitirlo,enojo
fijate que mi mejor amigo se fue para otro pais,triste
te juro que hable con alguien nuevo y no fue tan malo pero necesitaba decirlo,feliz
hoy tengo una entrevista y me muero del susto y me afecta mucho,miedo
ultimamente me costo mucho levantarme hoy otra vez,triste
siento que finjo estar bien tan seguido que ya ni se la verdad,triste
en serio me canse de pedir ayuda y no recibirla y nadie lo entiende,triste
estoy orgulloso de mi,feliz
hoy me senti muy a gusto con todo de verdad,feliz
te juro que no entiendo nada y me da verguenza preguntar y trato de disimularlo,triste
te digo que siento un miedo enorme que no puedo controlar,miedo
te cuento que hoy fue un parche buenisimo hermano,feliz
estoy apostando todo a esto y me afecta,miedo
la verdad me siento muy achantado hoy y no se que hacer,triste
la verdad quiero estar solo desde hace dias,triste
te juro que me quede callado cuando debi haber hablado y trato de disimularlo,triste
sabes que me siento muy bien y muy contento y es lo mejor que me paso,feliz
fijate que me robaron el celular y estoy muy mal parce,triste
sinceramente me usaron cuando les convenia y despues nada la verdad,enojo
ahora mismo me quede callado cuando debi haber hablado y no se que hacer,triste
sinceramente me dejaron y ya,triste
oye el profesor me felicito por el trabajo pero ya no puedo mas,feliz
la verdad siento que estoy decepcionando a todos y no es facil,triste
me citaron a declarar y estoy muy nervioso y no se que hacer,miedo
la verdad estoy muy preocupado en este momento,miedo
fijate que manana es el dia y no estoy listo la verdad,miedo
sinceramente me da mucho miedo entrar al salon y que todos me miren pero necesitaba decirlo,miedo
me siento muy lejos de todos y nadie lo sabe,triste
fijate que me mandaron un mensaje raro y no entiendo que quieren y ya,miedo
fijate que por fin me compre lo que queria y me tiene mal,feliz
desde hace dias me eliminó de sus contactos sin decir nada y no se como manejarlo,triste
fijate que me cobraron de mas y no me quieren devolver y me afecta,enojo
oye me tiene harto tu falta de respeto,enojo
te digo que estoy muy contento con mi progreso y estoy muy agradecido,feliz
es que me saca de quicio que no cambien nada y ya,enojo
hoy me hablaron muy feo sin ninguna razon y me tiene mal,enojo
me prometieron algo y no lo cumplieron,enojo
mira me perdi un momento importante y ya,triste
ultimamente me siento derrotado esta semana,triste
oye eres muy desconsiderado con los demas y punto,enojo
te juro que tengo panico de que algo que dije llegue a las manos equivocadas y me cuesta aceptarlo,miedo
hermano me robaron el celular y estoy muy mal,triste
no te miento no entiendo nada y me da verguenza preguntar y me tiene agotado,triste
sinceramente estoy muy angustiado con las noticias de hoy y no puedo calmarlo,miedo
es que mi jefe quedo contento con mi trabajo y nadie lo entiende,feliz
te digo que me asusta no saber si voy a conseguir trabajo bro,miedo
definitivamente ya no quiero hablar,triste
te cuento que me siento re bien parce,feliz
mira tengo panico de que algo que dije llegue a las manos equivocadas y me tiene pensando mucho,miedo
mira me siento muy agradecido con la vida hoy de verdad,feliz
estoy muy feliz con los resultados,feliz
oye mi pareja me sorprendio,feliz
es que estoy muy bravo con lo que paso y me tiene mal,enojo
lo que pasa es que eso me parece una irresponsabilidad total de verdad,enojo
la verdad las cosas estan saliendo como quiero pero bueno,feliz
es que se fue mi gato hoy y me afecta,triste
tengo miedo de responder mal y arruinar todo bro,miedo
es que perdi la materia que mas me esforcé pero ya no puedo mas,triste
no puedo creer que hayan hecho eso y no se que hacer,enojo
hoy mañana tengo examen y no he estudiado y no sé qué hacer,miedo
en este momento tengo ansiedad,miedo
no puedo evitar que siento panico cada vez que pienso en eso y me tiene muy nervioso,miedo
en serio no me toman en serio por mi edad y no es facil,enojo
fijate que tengo miedo de que me rechacen si digo lo que pienso y nadie lo entiende,miedo
en serio que dia tan bueno fue hoy en serio,feliz
la verdad ya nada es igual y ya,triste
es que siento una ansiedad muy fuerte ahora y me tiene muy nervioso,miedo
en serio esto me molesta mucho desde hace dias,enojo
la verdad es que me da mucho temor el futuro cercano y eso me preocupa mucho,miedo
no te miento tengo miedo de que no me entiendan y eso me tiene mal,miedo
te digo que que alegria tan grande siento y es lo mejor que me paso,feliz
sinceramente me preocupa el futuro otra vez,miedo
hoy tengo miedo de que me rechacen si digo lo que pienso pero ya no puedo mas,miedo
hoy me duele el alma y no puedo evitarlo,triste
sabes que que maravilloso es sentirse asi sin duda,feliz
es que tengo miedo de llegar a cierta edad sin haber logrado nada y nadie lo entiende,miedo
hoy me tiene muy molesto que nadie haga nada y nadie lo entiende,enojo
no te miento tengo miedo de tomar la decision equivocada la verdad,miedo
sinceramente tengo un miedo que no me deja pensar y me tiene muy nervioso,miedo
no pude comer hoy,triste
hoy me dejo mi novio y estoy muy mal de verdad,triste
ahora mismo me tienen harto con esto y me afecta mucho,enojo
que noticia tan buena me dieron y estoy muy agradecido,feliz
siento panico cuando pienso en eso,miedo
oye siento que perdi una etapa de mi vida y no puedo evitarlo,triste
parce tengo miedo de que me quiten el trabajo y no es facil,miedo
desde hace dias tengo miedo de que mi respuesta suene agresiva y me pesa cargarlo solo,miedo
parce me pone muy nervioso tener que dar explicaciones hermano,miedo
te digo que no se si voy a poder sostenerme solo,miedo
en este momento me duele mucho esto desde hace dias,triste
te cuento que me ignoraron completamente todo el tiempo,enojo
hoy hoy amaneci con toda la actitud parce,feliz
oye tengo miedo de ver lo que me respondieron pero ya no puedo mas,miedo
sinceramente tengo miedo de hablar,miedo
desde ayer ya me canse de esto todo el tiempo,enojo
la verdad dijeron cosas que no son verdad sobre mi y me tiene mal,enojo
te digo que siento una soledad enorme que me pesa,triste
la verdad tengo los mejores amigos otra vez,feliz
la verdad me mandaron un mensaje raro y no entiendo que quieren la verdad,miedo
vieja mi familia se fue a vivir lejos y me siento solo y ya,triste
hoy hoy no tuve que fingir que estaba bien sinceramente,feliz
oye tuve que fingir que estaba bien toda la noche y no se que hacer,triste
te digo que me aterra no tener el control de nada,miedo
me tiene muy bravo la falta de respeto pero bueno,enojo
sinceramente me tratan diferente y no entienden por que me molesta y no es facil admitirlo,enojo
estoy muy angustiado sin encontrar salida y no puedo calmarlo,miedo
te digo que tengo miedo de no poder manejar esto de verdad,miedo
mira compre mi primer carro,feliz
me siento muy triste hoy y no lo puedo superar,triste
para serte honesto por fin termine el proyecto y necesito que alguien me entienda,feliz
hoy siento que algo no esta bien aunque todo parece normal de verdad,miedo
realmente tengo ansiedad ultimamente,miedo
que maravilloso es sentirse asi,feliz
sinceramente me aterra no tener el control de nada,miedo
oye me dieron acceso a la oportunidad que queria y me tiene pensando mucho,feliz
la verdad es que me pidieron algo de ultimo momento y no se como manejarlo,enojo
no te miento me faltaron el respeto y me tiene mal,enojo
algo cambio de repente y no entiendo por que de verdad,miedo
fijate que me fue muy mal en el examen y no se que hacer,triste
me robaron el celular y estoy muy mal y me tiene mal,triste
ahora mismo me echaron la culpa de algo que no hice otra vez,enojo
te juro que tengo panico de fallar cuando todos confian en mi y no puedo evitarlo,miedo
la verdad es que me fue bien en la sustentacion y no se como manejarlo,feliz
en serio me alegra que todo haya salido bien y estoy muy contento,feliz
ultimamente me dejaron hacer todo el trabajo solo pero no digo nada,enojo
es que tengo miedo de que las cosas empeoren y no se que hacer,miedo
en serio hoy todo el transporte me funciono perfecto y no es facil,feliz
hoy me critican las decisiones sin conocer mi situacion y me tiene pensando mucho,enojo
hoy todo me irrita de verdad,enojo
no puedo creer que no puedo mas con esta situacion,enojo
la verdad estoy emocionado con todo lo que paso,feliz
fijate que me dejo en visto y no respondio pero ya no puedo mas,triste
en serio dijeron mentiras sobre mi en redes,enojo
la verdad mi mejor amigo se fue para otro pais la verdad,triste
me tocó pagar una multa que no era justa y me tiene mal,enojo
no te miento me escribieron para disculparse y me alegro sinceramente,feliz
mira me pelee con mi mejor amigo y me duele mucho,triste
la verdad que descaro tan grande el de esa gente de verdad,enojo
me aterra no tener el control de nada de verdad,miedo
te cuento que estoy apostando todo a esto y me afecta,miedo
termine de pagar mi deuda y me tiene mal,feliz
no puedo evitar que estoy muy asustado con lo que se avecina y no puedo calmarlo,miedo
me hicieron una videollamada sorpresa pero ya no puedo mas,feliz
fijate que me di cuenta que no me invitaron a la reunion sinceramente,triste
te cuento que me pone muy ansioso pensar en eso pero bueno,miedo
sinceramente no puedo con esta rabia que siento,enojo
fijate que no tengo plan b si esto falla y me tiene mal,miedo
te cuento que tengo un mal presentimiento desde ayer y ya,miedo
ultimamente lei el mensaje diez veces y no se como responder y quisiera que alguien me ayudara,miedo
parce el partido de colombia salio bien y nadie lo sabe,feliz
me pone muy ansioso pensar en eso y no se que hacer,miedo
siento que el tiempo no cura esto y quisiera que no fuera así,triste
para serte honesto hicieron como si yo no existiera en la reunion pero necesitaba decirlo,enojo
es que me respondieron que si al proyecto y ya,feliz
ahora mismo me siento muy triste desde hace dias,triste
fijate que no supe leer la situacion y meti la pata y me tiene agotado,triste
mira lo que paso no supe leer la situacion y meti la pata y me cuesta mucho,triste
fijate que me asusta mucho lo que esta pasando en el barrio parce,miedo
en este momento todo me hace enojar en este momento,enojo
es que algo me dice que las cosas van a cambiar mal pero necesitaba decirlo,miedo
hoy me contactaron por mi trabajo y quede feliz y ya,feliz
fijate que me tiene angustiado no saber que va a pasar la verdad,miedo
la verdad es que tengo miedo de ver lo que me respondieron de verdad,miedo
es que me tienen hasta la coronilla parce,enojo
es que termino mi relacion y nadie lo sabe,triste
es que siento que no le importo a nadie de verdad y nadie lo entiende,triste
me tiene con los nervios destrozados y no se que hacer,miedo
parce me pone muy ansioso pensar en eso y no se que hacer,miedo
la verdad nadie hace las cosas bien aqui y eso me pesa,enojo
mira tengo miedo de tomar la decision equivocada y eso me pesa,miedo
fijate que no me puedo quitar esa preocupacion de encima,miedo
me pusieron obstaculos que no tenian sentido y me afecta,enojo
mira lo que paso me paraliza la idea de tener que hablar en grupo y me afecta mucho,miedo
sinceramente no hubo trafico hoy y me tiene mal,feliz
te digo que estoy muy frustrado con todo esto,enojo
fijate que me citaron a declarar y estoy muy nervioso la verdad,miedo
realmente estoy cansado mentalmente en este momento,triste
hoy todo salio mal todo el tiempo,triste
que injusto es todo esto,enojo
bro me siento solo aunque este rodeado de gente de verdad,triste
ultimamente me siento nervioso por todo lo que paso,miedo
ultimamente me ofrecieron un mejor cargo y nadie lo entiende,feliz
no te miento tengo miedo de decir algo fuera de lugar y trato de disimularlo,miedo
me da pena decirlo pero me invitaron a participar en un proyecto y me tiene agotado,feliz
ahora mismo se burlaron de mi,enojo
sinceramente estoy muy triste y no quiero nada,triste
sinceramente me di cuenta que no me invitaron a la reunion y no es facil admitirlo,triste
no te miento vi algo que me dejo muy intranquilo pero bueno,miedo
hoy me puse muy feliz con eso parce,feliz
no te miento me asusta pensar en el futuro la verdad,miedo
me reportaron sin motivo y me bloquearon la cuenta de verdad,enojo
no te miento me pone ansioso salir de casa y eso me pesa,miedo
me siento muy achantado hoy,triste
para serte honesto me ignoraron completamente la verdad,enojo
en serio siento que las cosas mejoran y no se que hacer,feliz
en serio me toco vender el carro que tanto queria,triste
oye que irresponsable eres en serio y eso no esta bien,enojo
en este momento estoy muy preocupado y no puedo dormir,miedo
eso estuvo muy mal hecho de verdad,enojo
te juro que tengo panico de decir algo y que lo malinterpreten y no lo digo seguido,miedo
no se si contarte pero me eliminó de sus contactos sin decir nada y quisiera que alguien me ayudara,triste
la verdad siento que la estoy embarrando en todo la verdad,triste
es que hoy me di cuenta que avance mucho,feliz
no te miento tengo miedo de tomar la decision equivocada y no puedo evitarlo,miedo
te juro que no se si lo que estoy haciendo es lo correcto de verdad,miedo
en serio hicimos sancocho en familia y fue muy rico y me tiene mal,feliz
vieja me pusieron a hacer el trabajo de todos parce,enojo
fijate que me siento muy vacio aunque tenga cosas que hacer y me cuesta aceptarlo,triste
mira lo que paso me interrumpieron cada vez que hable y no se como manejarlo,enojo
es que siento que fracase,triste
bro siento que todos avanzan menos yo,triste
la verdad mi abuelo ya no esta pero bueno,triste
es que hoy no tengo que trabajar la verdad,feliz
la verdad me cuesta aceptar que eso ya termino pero bueno,triste
no se siento que todos avanzan menos yo,triste
nadie me dio una respuesta clara pero bueno,enojo
hoy todo cambio de golpe y me tiene mal,triste
desde ayer no aguanto mas en este momento,enojo
mira me hicieron sentir mal por preguntar de verdad,enojo
estoy muy bajo de animo y sin ganas y no lo puedo superar,triste
no se no me toman en serio por mi edad,enojo
es que siento una rabia horrible ahora mismo y no lo entiendo,enojo
hoy las cosas ya no son como antes,triste
fijate que me di cuenta que no me invitaron a la reunion y me cuesta mucho,triste
hoy me ignoraron durante horas de verdad,enojo
lo que pasa es que no se si ese mensaje significaba lo que creo y no se que hacer,miedo
la verdad es que estoy muy satisfecho con el dia de hoy sin duda,feliz
mira lo que paso me fue muy mal en el examen y me pesa cargarlo solo,triste
ultimamente hoy fue un dia increible de verdad pero bueno,feliz
lo que pasa es que extraño como eran las cosas antes y necesito que alguien me entienda,triste
fijate que tengo miedo de que me vaya mal en las parciales,miedo
me siento muy triste y sin motivacion de verdad,triste
no te miento me tiene muy angustiado esa situacion,miedo
fijate que hicimos sancocho en familia y fue muy rico la verdad,feliz
no te miento me saco del grupo sin razon y me tiene agotado,triste
mira me tiene muy apagado esta situacion,triste
desactive mis redes porque me hacian sentir mal bro,triste
lo que pasa es que me quede callado cuando debi haber hablado y me pesa cargarlo solo,triste
tengo panico de enfrentar esto solo de verdad,miedo
pague y no me dieron lo que ofrecieron y no se que hacer,enojo
vieja tengo miedo de embarrarla con esa decision y me cuesta mucho,miedo
es que sonrei todo el tiempo pero por dentro lloraba y me cuesta mucho,triste
prometieron y no cumplieron y no puedo evitarlo,enojo
no puedo evitar que me aterra quedarme sin opciones de verdad,miedo
oye me echaron la culpa de algo que no hice y necesito que alguien me entienda,enojo
te digo que siento una soledad muy grande ahora de verdad,triste
sinceramente estoy muy bajo de animo desde entonces y me duele mucho,triste
ultimamente tengo miedo de fallar desde hace dias,miedo
te cuento que me ignoraron cuando tenia toda la razon y me cuesta mucho,enojo
que dia tan especial fue hoy para todos y es lo mejor que me paso,feliz
es que dijeron mentiras sobre mi en redes de verdad,enojo
definitivamente todo me pone mal todo el tiempo,triste
te digo que estoy muy angustiado con las noticias de hoy y me tiene muy nervioso,miedo
es que me fui de la reunion antes porque no podia mas pero necesitaba decirlo,triste
desde ayer esto es injusto esta semana,enojo
no me toman en serio por mi edad y me afecta,enojo
ultimamente perdi tiempo en algo que no valio,enojo
te juro que siempre me pasa lo mismo con las mismas personas y me afecta mucho,enojo
me despidieron del trabajo y ya,triste
en serio me tiene harto que siempre pase lo mismo y me afecta,enojo
parce ya no somos lo que eramos y eso me entristece de verdad,triste
estoy muy triste con lo que paso y me duele mucho,triste
siento que si me equivoco no hay vuelta atras la verdad,miedo
sinceramente tengo los mejores amigos,feliz
me despidieron hoy,triste
es que me cobraron de mas sin avisar todo el tiempo,enojo
sinceramente siento una preocupacion muy grande y no se que hacer,miedo
desde ayer me siento tranquilo y feliz y me afecta mucho,feliz
fijate que tengo panico de decir algo y que lo malinterpreten,miedo
estoy muy bajoneado con la noticia,triste
de verdad siento una tristeza que no puedo superar y no se como seguir,triste
la verdad es que me duele mucho haberlo perdido de verdad,triste
me asusta mucho la situacion actual,miedo
te juro que no se si ese mensaje significaba lo que creo y no puedo evitarlo,miedo
te cuento que todo tiene sentido ahora y necesito que alguien me entienda,feliz
hoy manana es el dia y no estoy listo y ya,miedo
tengo miedo de que las cosas empeoren y no puedo calmarlo,miedo
ahora mismo me da panico equivocarme y que no me perdonen y no se que hacer,miedo
me siento muy contento con el equipo,feliz
hoy odio esta situacion y estoy cansado,enojo
fijate que nadie noto que algo me pasaba y me pesa cargarlo solo,triste
sinceramente tengo panico de que algo me pase,miedo
perdi el trabajo y no sé qué hacer,triste
en serio me gane una chamba buenisima pero bueno,feliz
lo que pasa es que me saca de quicio esa actitud,enojo
en serio hoy llore sin saber por que y es agotador,triste
fijate que siento que fracase y me tiene mal,triste
sabes que me siento muy bien por todo y no lo puedo creer,feliz
realmente todo salio mal en este momento,triste
eres un maleducado sin remedio y me parece muy mal,enojo
la verdad eso me pone muy furioso parce y no es facil,enojo
desde hace dias no logre lo que esperaba y no se que hacer,triste
te digo que me da mucho miedo estar solo en esto,miedo
lo que pasa es que siento que estoy muy solo en todo esto y no lo puedo superar,triste
hoy no pude ir a la graduacion y ya,triste
la verdad siento que todo el mundo sigue y yo me quede quieto de verdad,triste
es que siento una angustia muy grande ahora,miedo
me atracaron,enojo
no te miento me saco del grupo sin razon y no se que hacer,triste
ahora mismo siento que las cosas mejoran y no lo puedo ocultar,feliz
la verdad consegui apartamento en arriendo bien precio y me cuesta mucho,feliz
es que se burlaron de mi sinceramente,enojo
que actitud tan mala la tuya y no lo entiendo,enojo
la verdad es que que alegria me da verte bien de verdad,feliz
te cuento que me echaron del trabajo,triste
ahora mismo me siento tranquilo y feliz todo el tiempo,feliz
hoy me duele mucho esto y me afecta mucho,triste
lo que pasa es que no se como va a terminar esto otra vez,miedo
la verdad me siento furioso,enojo
hoy me echaron la culpa de lo que salio mal y me afecta mucho,enojo
sinceramente me dejo mi novio y estoy muy mal y eso me duele,triste
en serio me saca de quicio todo esto todo el tiempo,enojo
la verdad es que me mandaron buenas noticias por whatsapp y trato de disimularlo,feliz
es que gane el concurso y me tiene mal,feliz
fijate que me da ansiedad abrir ese chat,miedo
para serte honesto me siento desconectado de todo y es agotador,triste
mira lo que paso siento que no le importo a nadie de verdad y me afecta mucho,triste
para serte honesto ya no aguanto esta situacion pero no digo nada,enojo
realmente ya me canse de esto esta semana,enojo
desde hace dias tengo miedo de que me juzguen y no puedo evitarlo,miedo
se aprovecharon de la buena fe mia y me tiene mal,enojo
ahora mismo todo me afecta demasiado por todo lo que paso,triste
sinceramente estoy muy triste con lo que resulto y no se como seguir,triste
mira me ignoraron cuando tenia toda la razon parce,enojo
estoy con una nota hoy y no puedo evitarlo,feliz
te cuento que me ignoraron durante horas y ya,enojo
me paraliza no saber cual es el camino correcto pero bueno,miedo
de verdad estoy muy apenado por lo que paso,triste
todo me hace enojar por todo lo que paso,enojo
me hablaron muy feo sin ninguna razon,enojo
mira quedamos de una con el plan y me tiene mal,feliz
te cuento que tengo panico de que me pregunten algo en clase y eso me duele,miedo
no se si contarte pero me eliminó de sus contactos sin decir nada y no puedo evitarlo,triste
sinceramente estoy muy triste con lo que resulto y no lo puedo superar,triste
la verdad me dieron informacion falsa y nadie lo sabe,enojo
ultimamente me cancelaron a ultimo momento y es agotador,enojo
la verdad estoy emocionado desde hace dias,feliz
ayer me despidieron del trabajo y no sé qué hacer,triste
de verdad me hace muy feliz lo que hiciste sin duda,feliz
de verdad me siento muy feliz con mi familia,feliz
la verdad tengo miedo de embarrarla con esa decision hermano,miedo
la verdad me tratan diferente por ser joven y nadie lo entiende,enojo
lo que pasa es que aprobe la materia que tenia perdida y no lo digo seguido,feliz
fijate que por fin lo logre y me afecta mucho,feliz
ahora mismo esto me parece una falta de respeto total y es agotador,enojo
la verdad es que me dijeron que era muy sensible por sentirme mal y no se que hacer,enojo
mira me hicieron repetir el tramite tres veces la verdad,enojo
en serio no logre lo que esperaba y me tiene mal,triste
oye me fallaron cuando mas los necesitaba todo el tiempo,triste
me dieron acceso a la oportunidad que queria y ya,feliz
oye nadie me escucha todo el tiempo,triste
sinceramente no supe como responder y ahora me arrepiento de verdad,triste
oye nadie reconocio lo que aporte de verdad,enojo
es que me da mucho miedo entrar al salon y que todos me miren pero ya no puedo mas,miedo
ahora mismo prometieron y no cumplieron,enojo
fijate que me preocupa haber dicho algo sin darme cuenta y trato de disimularlo,miedo
mira no estudie suficiente para esto de verdad,miedo
quede muy contento con el resultado hermano,feliz
fijate que lei el mensaje diez veces y no se como responder y trato de disimularlo,miedo
me echaron del trabajo,triste
la verdad hoy fue maravilloso,feliz
no puedo evitar que tengo miedo de lo que no puedo ver de verdad,miedo
hoy no aguanto mas y no se que hacer,enojo
ahora mismo odio esta situacion de verdad,enojo
en serio me alegra ver que todo salio bien y estoy muy agradecido,feliz
desde hace dias me dejaron solo en esto sinceramente,triste
hoy me dicen que exagero cuando digo como me siento men,enojo
fijate que me dijeron que cambie como si estuviera mal ser yo pero ya no puedo mas,triste
la verdad es que me siento muy orgulloso de lo logrado en serio,feliz
fijate que me toca salir tarde y me da miedo en la calle de verdad,miedo
te juro que entregue el proyecto a tiempo y trato de disimularlo,feliz
mira el silencio de esa persona me preocupa mucho,miedo
te cuento que me salio redondo todo hoy y me tiene mal,feliz
para serte honesto me tiene completamente harto todo el tiempo,enojo
es que me asusta mucho no saber que hacer y no se que hacer,miedo
la verdad es que estoy muy decaido y sin esperanza y no se como seguir,triste
hoy me invitaron a algo importante y nadie lo sabe,feliz
me piden experiencia para un trabajo de principiante,enojo
oye me tiene muy apagado esta situacion y eso me duele,triste
bro por fin publique lo que venia trabajando y no es facil,feliz
men usaron mis ideas sin darme credito,enojo
es que eres completamente irresponsable y eso no esta bien,enojo
estoy muy triste y no se que hacer,triste
ultimamente me salio rico lo que cocine y me afecta mucho,feliz
mira no puedo creer lo que hicieron y eso me pesa,enojo
siento una tristeza que no me abandona y quisiera que no fuera así,triste
hermano estoy que no me la creo y ya,feliz
me da pena decirlo pero siempre me pasa lo mismo con las mismas personas pero ya no puedo mas,enojo
me independice por fin,feliz
en serio el resultado me tiene muy angustiado y necesito que alguien me entienda,miedo
hoy me asusta pensar en el futuro y ya,miedo
en serio tengo miedo de ver lo que me respondieron y me cuesta mucho,miedo
ultimamente capturaron una conversacion privada y la compartieron men,enojo
que maravilloso momento estoy viviendo,feliz
no te miento me tiene muy triste esta vuelta parce,triste
hoy estoy disfrutando mucho esta semana,feliz
sinceramente me faltaron el respeto delante de todos,enojo
te cuento que mañana presento y no he empezado nada y ya,miedo
ahora mismo me siento increible en este momento,feliz
no te miento todo tiene sentido ahora sinceramente,feliz
todo el mundo parece tener todo claro menos yo pero bueno,triste
sinceramente me dieron acceso a la oportunidad que queria de verdad,feliz
para serte honesto me fallaron cuando mas los necesitaba otra vez,triste
sinceramente estoy muy nervioso de cara a lo que viene,miedo
en serio me cancelaron a ultimo momento y eso me pesa,enojo
ultimamente lei el mensaje mal y arruine todo y quisiera que alguien me ayudara,triste
siento que algo anda mal aunque no sé exactamente qué es,miedo
oye me pusieron en evidencia en un grupo y trato de disimularlo,enojo
es que aprobe el examen pero no digo nada,feliz
me prometieron que no volveria a pasar y me pesa cargarlo solo,enojo
oye estoy rodeado de gente y me siento solo y me tiene mal,triste
la verdad me siento vulnerable ultimamente,miedo
te digo que estoy muy asustado con lo que dijiste y me tiene muy nervioso,miedo
mira lo que paso mi grupo de trabajo funciono muy bien de verdad,feliz
en serio no voy a tolerar esto mas y no lo entiendo,enojo
no puedo evitar que estoy muy asustado por lo que viene y no se que hacer,miedo
me hablaron muy feo sin ninguna razon y me cuesta mucho,enojo
me angustia no saber si estoy en el camino correcto bro,miedo
la verdad me duele mucho esto en este momento,triste
la verdad hoy fue exactamente lo que necesitaba,feliz
lo que pasa es que siento que a nadie le importo y me afecta mucho,triste
fijate que me toco irme del barrio que queria y ya,triste
hoy por fin termine el proyecto y no lo puedo ocultar,feliz
resulta que me compre una moto y ya,feliz
parce mi familia esta pasando un momento muy dificil de verdad,triste
hoy me ignoraron cuando tenia razon de verdad,enojo
mira me hicieron firmar algo que no entendi la verdad,enojo
en serio me trataron como si no existiera de verdad,enojo
ayer que perro tan feo y no lo puedo creer,enojo
ultimamente siento mucha presion esta semana,miedo
no te miento me usaron y despues me ignoraron la verdad,enojo
la verdad estoy muy contento en este momento,feliz
hoy me siento motivado y eso me alegra,feliz
me siento furioso,enojo
fijate que me pusieron a hacer el trabajo de todos hermano,enojo
desde hace dias me trataron como si no existiera todo el tiempo,enojo
mira lo que paso hable con alguien nuevo y no fue tan malo y no lo digo seguido,feliz
te digo que siento un vacio muy grande en mi y no se como seguir,triste
me da pena decirlo pero no se si actue bien y eso no me deja tranquilo y trato de disimularlo,miedo
no tengo plan b si esto falla y me afecta,miedo
hoy esto arruino mi dia desde hace dias,enojo
la verdad estoy con una nota hoy y ya,feliz
bro siento que todos avanzan menos yo y nadie lo entiende,triste
no te miento estoy muy mamado de todo la verdad,triste
me siento muy bien por lo que logre y estoy muy contento,feliz
bro me piden experiencia para un trabajo de principiante y me afecta,enojo
hoy me da pena que se den cuenta que no entendi de verdad,miedo
te cuento que no me puedo sacar esta sensacion de encima sinceramente,miedo
ahora mismo me reconocieron el esfuerzo en el trabajo y no se como manejarlo,feliz
en serio ya no aguanto mas otra vez,enojo
quede encantado con como salio todo de verdad,feliz
la verdad tengo miedo de que me quiten el trabajo hermano,miedo
te cuento que siento que voy por buen camino otra vez,feliz
la verdad me dejaron plantado y ni se disculparon de verdad,enojo
sinceramente me siento motivado en este momento,feliz
sinceramente siento un dolor muy grande en el pecho y quisiera que no fuera así,triste
hoy siento que el tiempo se me acaba y no he hecho nada y no se que hacer,miedo
la verdad me asaltaron,enojo
te cuento que me fue de maravilla en la entrevista,feliz
se burlaron de algo que me costo decir pero necesitaba decirlo,enojo
tengo miedo de que lo peor esta por venir y eso me preocupa mucho,miedo
realmente siento mucha presion esta semana,miedo
en serio me usaron cuando les convenia y despues nada,enojo
no te miento me siento re bien parce hermano,feliz
de verdad me produce rabia pensar en lo que hiciste sin excusas,enojo
vieja que descaro tan grande el de esa gente y ya,enojo
no pude ir a la graduacion,triste
la verdad me preocupa demasiado esto en este momento,miedo
en serio me tiene muy enojado esa situacion y no puedo evitarlo,enojo
te juro que no supe leer la situacion y meti la pata y no es facil admitirlo,triste
no puedo creer lo que hiciste y eso no esta bien,enojo
oye me descuentan del sueldo cosas que no firmé,enojo
ultimamente me siento feliz con todo lo que paso,feliz
lo que pasa es que que irresponsable eres en serio sin excusas,enojo
para serte honesto tengo miedo de que mi respuesta suene agresiva y me tiene agotado,miedo
que descarado eres en serio sin excusas,enojo
de verdad estoy muy feliz con el resultado y es lo mejor que me paso,feliz
sinceramente hoy descanse muy bien de verdad,feliz
me siento muy mal por todo lo vivido,triste
te digo que que alegria tan grande la mia y es lo mejor que me paso,feliz
fijate que me toco irme del barrio que queria y me cuesta mucho,triste
en este momento estoy demasiado molesto otra vez,enojo
lo que pasa es que tengo miedo de que mi respuesta suene agresiva y no puedo evitarlo,miedo
no puedo evitar que siento panico de lo que puede ocurrir,miedo
hoy hicieron lo que quisieron sin preguntarme nada y eso me duele,enojo
te digo que siento una tristeza profunda que no pasa,triste
honestamente no puedo creer lo que hiciste y eso no esta bien,enojo
en serio todo esta fluyendo muy bien ultimamente,feliz
es que vi algo que me dejo muy intranquilo la verdad,miedo
lo que pasa es que no hubo trafico hoy pero no digo nada,feliz
no te miento me fui de la reunion antes porque no podia mas y no se que hacer,triste
hoy pase el semestre sin perder nada de verdad,feliz
oye llevo dias aguantando esto y ya no puedo y trato de disimularlo,enojo
en serio tengo miedo de ver lo que me respondieron y me afecta mucho,miedo
la verdad me da ansiedad publicar algo y que lo juzguen,miedo
me pidieron que fuera a recursos humanos y eso me duele,miedo
la verdad es que me tienen harto con tanta mentira y punto,enojo
ultimamente me siento nervioso otra vez,miedo
ultimamente siento que no soy suficiente y ya,triste
te cuento que mi novia me engañó con una mujer todavía,enojo
estoy muy asustado con lo que puede pasar y no es facil,miedo
te cuento que ya nada es igual pero necesitaba decirlo,triste
sinceramente siento una pena enorme que no pasa y no se como seguir,triste
sinceramente me aprobo el credito el banco parce,feliz
hoy me senti muy bien conmigo mismo y me cuesta aceptarlo,feliz
la verdad me dieron la visa,feliz
es que que fastidio me da esta situacion,enojo
en serio estoy muy bravo con lo que paso y eso me duele,enojo
sinceramente me dijeron que exageraba sinceramente,enojo
hoy que buen trabajo hiciste hoy en serio,feliz
me tiemblan las manos,miedo
realmente me da demasiada rabia de verdad,enojo
es que mi abuela ya no esta y me afecta,triste
es que me mintieron descaradamente en la cara pero bueno,enojo
es que siento que no soy tan inteligente como los demas y me cuesta mucho,triste
me siento muy triste hoy,triste
mira me echaron la culpa de algo que no hice y es agotador,enojo
hoy me di cuenta que avance mucho y ya,feliz
fijate que me tocó madrugar y no dormí nada y encima salio mal,triste
sinceramente minimizaron lo que sentia y eso me tiene mal,enojo
en serio estoy muy bacano con la noticia la verdad,feliz
te juro que me contactaron por mi trabajo y quede feliz y no es facil,feliz
realmente me hicieron perder el tiempo en este momento,enojo
hoy aprobe todas las materias este semestre,feliz
no se si contarte pero pase el semestre sin perder nada y eso me tiene mal,feliz
desde hace dias me pone ansioso salir de casa de verdad,miedo
siento panico cuando pienso en eso y no puedo calmarlo,miedo
hoy siento que estoy decepcionando a todos y nadie lo entiende,triste
sinceramente termino mi relacion,triste
vieja estoy con el animo muy por el piso y ya,triste
mira estas actuando muy mal y punto,enojo
te digo que ya no aguanto mas esa situacion y nadie lo entiende,enojo
oye no tolero que me trates asi y punto,enojo
sinceramente sali del pais por primera vez y no puedo evitarlo,feliz
hoy siento demasiado temor todo el tiempo,miedo
es que me llamaron para el trabajo en medellin la verdad,feliz
sinceramente me siento horrible hoy y no se que hacer,triste
en serio me etiquetaron en algo que me alegro el dia y trato de disimularlo,feliz
hoy estoy muy mamado de todo hermano,triste
sinceramente siento que cargo con demasiado para mi edad y me tiene pensando mucho,triste
te cuento que hoy todo fluyo bien y no se que hacer,feliz
te cuento que siento que el tiempo paso y yo no hice nada y me afecta,triste
te digo que desactive mis redes porque me hacian sentir mal,triste
ahora mismo me siento inseguro todo el tiempo,miedo
hoy me fue de maravilla en la entrevista y ya,feliz
es que me cobraron de mas sin avisar,enojo
ya no quiero hablar y me afecta mucho,triste
no te miento me mandaron un audio muy lindo y nadie lo entiende,feliz
la verdad el partido de colombia salio bien parce,feliz
me da pena decirlo pero me da ansiedad abrir ese chat y no es facil admitirlo,miedo
no puedo evitar que estoy muy asustado con lo que se avecina de verdad,miedo
hoy termine el curso que venia haciendo de verdad,feliz
oye la incertidumbre me tiene paralizado y eso me pesa,miedo
te cuento que me toco dejar los estudios por plata de verdad,triste
me quitaron el like y eso me bajo el animo la verdad,triste
la verdad me siento furioso ultimamente,enojo
definitivamente me siento feliz con todo lo que paso,feliz
es que cumpli la meta que me habia puesto la verdad,feliz
lo que pasa es que no voy a tolerar esto mas en serio,enojo
en serio estoy harto de esto desde hace dias,enojo
sinceramente ya me colmaste la paciencia y eso no esta bien,enojo
me graduo el sabado en el paraninfo y nadie lo sabe,feliz
me da pena decirlo pero me dejo en visto y no respondio y eso me tiene mal,triste
fijate que me dieron la visa y no se que hacer,feliz
me preocupa no poder pagar el arriendo el otro mes y ya,miedo
la verdad es que nadie me eligio para su equipo y eso me tiene mal,triste
tengo miedo de que me alejen si se dan cuenta como soy,miedo
tengo ansiedad de pensar en todo lo que falta y no se que hacer,miedo
mira que me regañaron en el trabajo y no sé qué hacer,triste
men tengo miedo de equivocarme y arrepentirme despues y ya,miedo
la verdad siento que la estoy embarrando en todo y no se que hacer,triste
ultimamente me siento horrible hoy y me afecta mucho,triste
hoy esto arruino mi dia y estoy cansado,enojo
la verdad todo tiene sentido ahora y no se que hacer,feliz
siento que voy a fallar manana y me afecta,miedo
es que se aprovecharon de que no sabia de verdad,enojo
en serio me toca salir tarde y me da miedo en la calle y me cuesta mucho,miedo
es que llevo dias aguantando esto y ya no puedo pero ya no puedo mas,enojo
es que quede encantado con como salio todo pero bueno,feliz
vieja no alcance el cupo en la universidad publica,triste
desde hace dias me quede callado cuando debi haber hablado y no se que hacer,triste
te cuento que me hicieron repetir el tramite tres veces pero necesitaba decirlo,enojo
sinceramente me da mucho miedo la situacion actual,miedo
la verdad me hicieron repetir el tramite tres veces y ya,enojo
mira abusaron de mi confianza y es agotador,enojo
mira mi mejor amigo se fue para otro pais y me tiene mal,triste
ultimamente estoy temblando de nervios esta semana,miedo
ultimamente tengo una entrevista y me muero del susto otra vez,miedo
ahora mismo me siento horrible hoy desde hace dias,triste
hoy saque mi licencia de conducir sinceramente,feliz
hermano me salio el traslado que pedi,feliz
es que me hicieron fila tres horas y no me atendieron de verdad,enojo
hoy hicimos una reunioncita y quedo muy buena de verdad,feliz
me da terror pensar en esa posibilidad y eso me preocupa mucho,miedo
desde ayer no aguanto mas otra vez,enojo
hermano me pusieron a hacer el trabajo de todos y no puedo evitarlo,enojo
hoy el transporte salio tardisimo y llegue tarde por eso de verdad,enojo
la verdad es que publico algo que me dejo muy mal y nadie lo entiende,triste
lo que pasa es que termine todo lo que tenia pendiente y quisiera que alguien me ayudara,feliz
oye tengo miedo de caerle mal sin querer pero ya no puedo mas,miedo
hoy me mandaron un mensaje raro y no entiendo que quieren,miedo
ultimamente me eliminó de sus contactos sin decir nada y me tiene agotado,triste
de verdad estoy muy contento con lo logrado sin duda,feliz
oye cargue con toda la responsabilidad del grupo y no se como manejarlo,enojo
que dia tan exitoso fue hoy y estoy muy contento,feliz
fijate que tengo miedo de tomar la decision equivocada y me afecta mucho,miedo
parce estoy muy cansado de lucharla solo,triste
en serio sonrei todo el tiempo pero por dentro lloraba y nadie lo entiende,triste
es que me descuentan del sueldo cosas que no firmé y no puedo evitarlo,enojo
vi algo que me dejo muy intranquilo pero necesitaba decirlo,miedo
ahora mismo me preocupa no poder lograrlo y no puedo evitarlo,miedo
fijate que me saco del grupo sin razon y nadie lo entiende,triste
mira algo cambio de repente y no entiendo por que de verdad,miedo
sinceramente me tiene muy bajoneado lo que paso y ya,triste
ultimamente tengo ansiedad de aparecer en camara de verdad,miedo
sinceramente me tocó repetir el tramite porque perdieron mis papeles,enojo
mira lo que paso siento que no soy tan inteligente como los demas y no lo digo seguido,triste
fijate que tengo miedo de que me quiten el trabajo y eso me duele,miedo
en serio me siento en paz de verdad,feliz
no te miento hoy me fue de pelos y ya,feliz
lo que pasa es que tengo miedo de que se den cuenta que no entiendo y trato de disimularlo,miedo
de verdad eres un maleducado sin remedio,enojo
sinceramente ya nada es igual y no puedo evitarlo,triste
no te miento estoy rodeado de gente y me siento solo y ya,triste
me da pavor la incertidumbre que siento y no se que hacer,miedo
en serio me siento muy desanimado hoy y no se como seguir,triste
definitivamente me siento lleno de energia y me afecta mucho,feliz
parce hoy fue un parche buenisimo la verdad,feliz
mira me preocupa no poder lograrlo y me tiene mal,miedo
sinceramente me da mucho miedo el futuro y no puedo calmarlo,miedo
de verdad eso no estuvo bien para nada y me parece muy mal,enojo
la verdad es que tengo miedo de que las cosas cambien de repente y nadie lo entiende,miedo
oye me dieron informacion falsa y me afecta,enojo
no puedo dejar de sentir miedo,miedo
ahora mismo tengo miedo de que no me entiendan pero necesitaba decirlo,miedo
lo que pasa es que tengo miedo de que mi respuesta suene agresiva y quisiera que alguien me ayudara,miedo
me saca de quicio esa actitud en serio,enojo
oye consegui apartamento en arriendo bien precio y no puedo evitarlo,feliz
desde hace dias hice algo que me daba miedo y salio bien y me cuesta mucho,feliz
oye eso estuvo muy mal de tu parte sin excusas,enojo
en serio que irresponsable eres con todo y eso no esta bien,enojo
ultimamente me aceptaron en la universidad y no se que hacer,feliz
me siento muy agradecido con la vida y no lo puedo creer,feliz
ya no se que hacer esta semana,triste
sabes que me siento increiblemente bien,feliz
no te miento nacio mi hija,feliz
lo que es cierto es que que felicidad tan grande siento ahora y estoy muy contento,feliz
no te miento siento que no le importo a nadie de verdad y me pesa cargarlo solo,triste
mira me indigna mucho tu comportamiento de verdad,enojo
en serio me di cuenta que nadie me busca si yo no busco la verdad,triste
definitivamente estoy harto de esto otra vez,enojo
la verdad es que usaron lo que les conte en mi contra pero necesitaba decirlo,enojo
la verdad siento demasiado temor desde hace dias,miedo
te cuento que cumpli mi meta del año de verdad,feliz
en serio quede muy contento con el resultado y ya,feliz
no aguanto mas esta situacion sin excusas,enojo
estoy muy contento con el resultado,feliz
te juro que me pidieron algo de ultimo momento y me afecta mucho,enojo
hoy mi familia esta pasando un momento muy dificil y no se que hacer,triste
ahora mismo me preocupa tanto que no puedo dormir de verdad,miedo
sinceramente me asusta pensar en el futuro y me afecta mucho,miedo
fijate que me hicieron una videollamada sorpresa y me tiene agotado,feliz
la verdad me descuentan del sueldo cosas que no firmé,enojo
mira estas actuando muy mal y eso no esta bien,enojo
ultimamente no supe como responder y ahora me arrepiento y no lo digo seguido,triste
ultimamente me preocupa demasiado esto,miedo
la verdad me invitaron a algo importante pero bueno,feliz
ultimamente nadie me escucha y no se que hacer,triste
te cuento que me invitaron a algo importante y me afecta,feliz
hoy no se si actue bien y eso no me deja tranquilo y no se que hacer,miedo
mira lo que paso me dejo en visto y no respondio y me pesa cargarlo solo,triste
hoy tengo los mejores amigos pero no digo nada,feliz
sinceramente subi algo y nadie reacciono y me senti invisible,triste
es que tengo miedo de que mis sueños no sean suficientes pero bueno,miedo
parce me toco vender el carro que tanto queria y nadie lo sabe,triste
fijate que que descaro tan grande el de esa gente de verdad,enojo
me salio el traslado que pedi,feliz
hoy siento que algo no esta bien aunque todo parece normal y me afecta,miedo
realmente todo me pone mal,triste
hoy me pone muy nervioso tener que dar explicaciones y me tiene mal,miedo
hoy no tengo plan b si esto falla y nadie lo sabe,miedo
ahora mismo me siento feliz desde hace dias,feliz
ahora mismo me dejo de seguir en redes sociales y no es facil admitirlo,triste
te cuento que quedamos de una con el plan la verdad,feliz
la verdad no duermo de la preocupacion y no puedo evitarlo,miedo
me salio el negocio que queria y me cuesta mucho,feliz
la verdad aprobe todas las materias este semestre,feliz
honestamente no voy a seguir aguantando esto y ya me canse,enojo
oye me tiene muy preocupado lo que esta pasando y nadie lo sabe,miedo
lo que pasa es que no se si estan enojados conmigo o es mi imaginacion pero necesitaba decirlo,miedo
no puedo creer que eso que hiciste estuvo muy feo,enojo
fijate que me perdi un momento importante,triste
fijate que mi abuela ya no esta,triste
mira me tiene con los nervios destrozados y me tiene mal,miedo
no te miento siento que cargue solo con todo y es agotador,triste
ultimamente me trataron muy mal sin razon,enojo
mira me salio el traslado que pedi,feliz
en serio no se si ese mensaje significaba lo que creo y no puedo evitarlo,miedo
la verdad siento que voy por buen camino y ya,feliz
es que pude decir lo que sentia sin miedo y trato de disimularlo,feliz
se fue,triste
sinceramente me asusta mucho lo que esta pasando en el barrio y ya,miedo
hoy estoy apostando todo a esto pero bueno,miedo
sinceramente me dejo mi novia y estoy muy bajoneado,triste
ultimamente hoy llore sin saber por que y necesito que alguien me entienda,triste
fijate que me angustia no saber si estoy en el camino correcto,miedo
la verdad me llamaron de la empresa y no dijeron para que y no se que hacer,miedo
hoy me mencionaron en algo que me puso en ridiculo de verdad,enojo
en serio no puedo creer tu irresponsabilidad y me parece muy mal,enojo
es que siento mucha angustia en este momento y no puedo calmarlo,miedo
sinceramente siento demasiado temor por todo lo que pasa,miedo
me prometieron el trabajo y al final le dieron a otro y eso me duele,enojo
ahora mismo me fui de la reunion antes porque no podia mas y eso me tiene mal,triste
la verdad es que me pidieron algo de ultimo momento y nadie lo entiende,enojo
realmente todo esta empeorando otra vez,triste
oye me siento re bien parce,feliz
hoy todo me hace enojar otra vez,enojo
eso no estuvo bien para nada y eso no esta bien,enojo
me aterra pensar en lo que puede ocurrir y no puedo calmarlo,miedo
me invitaron a participar en algo importante la verdad,feliz
la verdad esto es injusto esta semana,enojo
lo que pasa es que alguien me entendio sin que yo explicara mucho de verdad,feliz
es que me tiene harto tu falta de respeto y eso no esta bien,enojo
es que quedamos de una con el plan parce,feliz
bro termine el curso que venia haciendo,feliz
es que tengo miedo de tomar la decision equivocada y me afecta mucho,miedo
es que tuve que repetir lo mismo mil veces y es agotador,enojo
oye me angustia no tener todo claro a mi edad bro,miedo
hoy me vi bien en el espejo y me gusto de verdad,feliz
ultimamente cumpli la meta que me habia puesto y me afecta,feliz
ahora mismo me dijeron que cambie como si estuviera mal ser yo y trato de disimularlo,triste
no te miento me paraliza la idea de tener que hablar en grupo y no se como manejarlo,miedo
mira me da mucha pena decirle eso a la gente hermano,miedo
mira tengo miedo de que me quiten el trabajo y no se que hacer,miedo
te cuento que me llamaron de la empresa y no dijeron para que la verdad,miedo
no se para donde voy y eso me asusta y me pone triste,triste
hoy se aprovecharon de que no sabia y me tiene mal,enojo
hoy me fui de viaje sinceramente,feliz
tengo ansiedad otra vez,miedo
siento mucha angustia en este momento y no se que hacer,miedo
lo que pasa es que estoy emocionalmente agotado pero no digo nada,triste
mira lo que paso me invitaron a participar en un proyecto y trato de disimularlo,feliz
es que quedamos de una con el plan,feliz
lo que es cierto es que que dia tan maravilloso fue hoy sin duda,feliz
eso estuvo muy mal hecho en serio,enojo
me siento muy perdido con mi vida bro,triste
siento una tristeza que no me abandona y no se como seguir,triste
te juro que me preocupa haber dicho algo sin darme cuenta pero necesitaba decirlo,miedo
lo que pasa es que la incertidumbre me tiene paralizado y no se que hacer,miedo
no te miento me tocó pagar una multa que no era justa pero bueno,enojo
es que que mal te portas siempre y no lo entiendo,enojo
es que tengo un mal presentimiento desde ayer de verdad,miedo
hoy me llamaron de la empresa y no dijeron para que y no es facil,miedo
tengo un miedo muy grande en este momento y eso me preocupa mucho,miedo
ultimamente el resultado me tiene muy angustiado todo el tiempo,miedo
la verdad tengo ansiedad por lo que viene y me afecta mucho,miedo
lo que pasa es que lei el mensaje diez veces y no se como responder y me cuesta mucho,miedo
fijate que me echaron del trabajo y me afectó mucho,triste
en este momento estoy cansado mentalmente esta semana,triste
no te miento tengo miedo de decir algo y que lo tomen mal,miedo
realmente todo me afecta demasiado y no se que hacer,triste
el silencio de esa persona me preocupa mucho y ya,miedo
sabes que estoy muy feliz con mis logros de verdad,feliz
estoy muy contento con mi progreso sin duda,feliz
eso que hiciste estuvo muy feo y eso no esta bien,enojo
en serio cambio su estado y supe que era por mi y no se que hacer,triste
ahora mismo nadie me escucha de verdad,triste
la verdad es que hice algo que me daba miedo y salio bien y no puedo evitarlo,feliz
me saca de quicio esa actitud y no lo entiendo,enojo
sinceramente que descarado eres en serio,enojo
mira lo que paso pude decir lo que sentia sin miedo y no lo digo seguido,feliz
te digo que estoy muy triste con lo que resulto,triste
me tiene muy desanimado todo esto,triste
la verdad me pusieron obstaculos que no tenian sentido y nadie lo sabe,enojo
no te miento me cancelaron a ultimo momento y me afecta mucho,enojo
oye me reportaron sin motivo y me bloquearon la cuenta y ya,enojo
hoy me sorprendieron hoy la verdad,feliz
ahora mismo estoy disfrutando mucho y me afecta mucho,feliz
llegue y me dijeron que no habia cupo la verdad,enojo
en serio no voy a tolerar esto mas y ya me canse,enojo
es que ya me colmaste la paciencia y me parece muy mal,enojo
en serio consegui apartamento en arriendo bien precio parce,feliz
no aguanto mas esta situacion y punto,enojo
en este momento estoy disfrutando mucho de verdad,feliz
es que el silencio de esa persona me preocupa mucho,miedo
te cuento que te deseo,feliz
te digo que estoy muy emocionado con esto,feliz
te cuento que me trataron diferente a los demas pero necesitaba decirlo,enojo
es que siento que las cosas mejoran y no puedo evitarlo,feliz
hoy me prometieron que no volveria a pasar pero necesitaba decirlo,enojo
sinceramente no me dejaron terminar de hablar y no se que hacer,enojo
mira no entiendo tu actitud para nada de verdad,enojo
sinceramente no quiero mandar el audio por miedo a como sueno y no es facil admitirlo,miedo
me aterra quedarme sin opciones y no puedo calmarlo,miedo
en serio me hablaron muy feo sin ninguna razon hermano,enojo
fijate que siento que las cosas mejoran y no se que hacer,feliz
me canse de aguantarte y me parece muy mal,enojo
desde hace dias me tiene angustiado no saber que va a pasar sinceramente,miedo
fijate que hoy fue mejor de lo que esperaba pero necesitaba decirlo,feliz
ahora mismo hoy no tengo que trabajar y es agotador,feliz
es que me da panico enviar ese mensaje y quedar mal y me cuesta aceptarlo,miedo
hoy me da mucha pena decirle eso a la gente y nadie lo sabe,miedo
me siento muy lejos de ser feliz y necesito que alguien me entienda,triste
ultimamente tengo miedo de fallar y eso me preocupa,miedo
me parece una falta de respeto,enojo
ultimamente todo salio excelente esta semana,feliz
ultimamente tengo miedo de decir algo fuera de lugar y trato de disimularlo,miedo
ultimamente estoy demasiado cansado por todo lo que paso,triste
siento una tristeza que me invade todo y me duele mucho,triste
la verdad hoy me di cuenta que avance mucho,feliz
la verdad estoy muy bravo con lo que paso y me cuesta mucho,enojo
sinceramente me encanta este momento esta semana,feliz
sinceramente no entiendo como la gente puede ser asi y no es facil,enojo
men me bloquearon sin darme ninguna explicacion y no se que hacer,enojo
para serte honesto me paralizo cuando tengo que decidir y ya,miedo
ahora mismo ya no tengo ganas otra vez,triste
no se si contarte pero tengo miedo de que se den cuenta que no entiendo y trato de disimularlo,miedo
en serio me angustia no tener todo claro a mi edad y me cuesta aceptarlo,miedo
mira me faltaron el respeto delante de todos y ya,enojo
me duele mucho lo que significa esto y quisiera que no fuera así,triste
resulta que me robaron la moto,enojo
hermano tengo miedo de decir algo y que lo tomen mal y me tiene mal,miedo
la verdad es que estoy muy apesadumbrado con las noticias,triste
parce estoy muy bacano con la noticia,feliz
me da mucha rabia lo que hiciste sin excusas,enojo
sinceramente me corrigieron el tono sin escuchar lo que dije y no lo digo seguido,enojo
ultimamente hicieron algo injusto y nadie dijo nada pero no digo nada,enojo
no te miento me cancelaron la cita sin avisar de verdad,enojo
en serio no se si voy a poder sostenerme solo la verdad,miedo
no te miento no duermo de la preocupacion y no se que hacer,miedo
me robaron el celular y me afectó mucho,enojo
sabes que estoy muy feliz con el resultado,feliz
es que tengo miedo de que mi respuesta suene agresiva y eso me tiene mal,miedo
te digo que me paraliza no saber cual es el camino correcto,miedo
vieja me graduo el sabado en el paraninfo de verdad,feliz
me da pena decirlo pero minimizaron lo que sentia y no se como manejarlo,enojo
hoy ya no aguanto mas de verdad,enojo
ahora mismo tengo miedo de haber arruinado algo sin saberlo y no se que hacer,miedo
te digo que me comparo mucho con los demas y me hace mal de verdad,triste
lo que es cierto es que estoy muy feliz con el resultado,feliz
me respondieron con mala cara sin razon y me tiene mal,enojo
es que me dieron el trabajo que queria de verdad,feliz
fijate que me pone muy nervioso tener que dar explicaciones,miedo
es que me costo mucho levantarme hoy,triste
hoy todo el mundo parece tener todo claro menos yo y ya,triste
es que todo el mundo esta en planes y yo solo en casa y me cuesta aceptarlo,triste
te juro que no puedo creer tanta irresponsabilidad sin excusas,enojo
la verdad es que tengo panico de no saber como actuar en esa situacion y me afecta mucho,miedo
estoy muy triste por la noticia,triste
te cuento que cumpli mi meta del año,feliz
definitivamente me tienen harto con esto en este momento,enojo
es que dijeron cosas que no son verdad sobre mi,enojo
hoy entregue el proyecto a tiempo y no lo digo seguido,feliz
hoy saque mi licencia de conducir,feliz
te cuento que me dijeron que era mi culpa cuando no lo era y nadie lo sabe,enojo
ahora mismo me hicieron perder el tiempo todo el tiempo,enojo
es que me asusta pensar en las consecuencias y eso me preocupa mucho,miedo
sabes que estoy muy contento con lo logrado y estoy muy contento,feliz
sabes que que buena noticia me dieron hoy,feliz
no puedo evitar que siento un temor muy grande ahora mismo de verdad,miedo
sinceramente me encanta este momento en este momento,feliz
hoy me hicieron firmar algo que no entendi pero necesitaba decirlo,enojo
en serio que maravilloso momento estoy viviendo y estoy muy contento,feliz
es que me eliminaron del grupo sin decir nada y no es facil,enojo
me dieron la visa,feliz
me duele mucho saber que ya no esta y me duele mucho,triste
hoy me asusta mucho lo que esta pasando en el barrio hermano,miedo
parce tengo miedo de que me vaya mal en las parciales y no se que hacer,miedo
la verdad mi abuelo ya no esta,triste
hoy estoy muy emocionado con lo que viene,feliz
la verdad es que estoy muy angustiado sin encontrar salida de verdad,miedo
hoy no se si estan enojados conmigo o es mi imaginacion y me pesa cargarlo solo,miedo
aprobe todas las materias este semestre y me tiene mal,feliz
oye logre cerrar el trato que necesitaba y me afecta mucho,feliz
mira me siento solo aunque este rodeado de gente y no es facil,triste
me tiene muy angustiado esa situacion y eso me duele,miedo
lo que pasa es que me duele mucho haber fallado en eso de verdad,triste
hoy no hubo trafico hoy y ya,feliz
sinceramente publicaron algo mio sin pedirme permiso y trato de disimularlo,enojo
ultimamente me dijeron que cambie como si estuviera mal ser yo y no se como manejarlo,triste
en serio me da miedo ir al medico y eso me pesa,miedo
sinceramente me dejo en visto y no respondio y no se que hacer,triste
sinceramente me siento decepcionado y no se que hacer,triste
de verdad me duele mucho lo que esta pasando y no lo puedo superar,triste
tengo una angustia enorme en este momento y no se que hacer,miedo
mira por fin termine el proyecto otra vez,feliz
ultimamente me siento sin energia esta semana,triste
te digo que me siento muy contento con todo,feliz
me aterra pensar en lo que puede ocurrir y no se que hacer,miedo
quedamos de una con el plan de verdad,feliz
sinceramente me salio el negocio que queria y nadie lo sabe,feliz
oye me fue de maravilla en la entrevista,feliz
sinceramente me llamaron de un numero desconocido y ya,miedo
no puedo evitar que estoy muy angustiado con las noticias de hoy,miedo
te cuento que eso me pone muy furioso parce y me cuesta mucho,enojo
sinceramente todo cambio de golpe y nadie lo sabe,triste
desde hace dias me mandaron audio de voz gritando y no se que hacer,enojo
oye me graduo este sabado la verdad,feliz
lo que es cierto es que que buena noticia para terminar el dia y es lo mejor que me paso,feliz
tengo algo importante manana y no puedo dormir y nadie lo sabe,miedo
oye me fue bien en la sustentacion y quisiera que alguien me ayudara,feliz
la verdad es que me da ira tu actitud de verdad,enojo
no puedo creer que me enferma tu comportamiento y me parece muy mal,enojo
vieja me sacaron de la jugada sin ninguna explicacion y me cuesta mucho,enojo
fijate que me respondieron con mala actitud sin razon y me afecta mucho,enojo
para serte honesto me da ansiedad cuando hay silencio en la conversacion y quisiera que alguien me ayudara,miedo
mira me dieron informacion falsa,enojo
hoy me tiene muy bravo la falta de respeto y no se que hacer,enojo
oye me piden experiencia para un trabajo de principiante de verdad,enojo
la verdad estoy que no me la creo la verdad,feliz
de verdad me siento muy feliz ahora mismo,feliz
te juro que eres un maleducado sin remedio en serio,enojo
te cuento que mi mejor amigo se fue para otro pais de verdad,triste
es que me estan ocultando algo y eso me pone nervioso de verdad,miedo
no te miento hoy descanse muy bien y necesito que alguien me entienda,feliz
lo que es cierto es que que alegria tan grande la mia de verdad,feliz
oye no entendi bien el tono y eso me tiene angustiado de verdad,miedo
lo que pasa es que me ignoraron cuando trate de explicarme y no se que hacer,enojo
mira esto me pone de muy mal humor,enojo
ahora mismo nadie entendio como me sentia,triste
te cuento que tuve que dejar mis estudios y ya,triste
la verdad mi mejor amigo se fue a vivir lejos sinceramente,triste
honestamente eso estuvo muy mal de tu parte y eso no esta bien,enojo
me ignoraron cuando tenia razon y me afecta mucho,enojo
no puedo seguir por esa calle vacia,miedo
ahora mismo todo esta empeorando esta semana,triste
desde ayer me siento furioso desde hace dias,enojo
me salio la receta que estaba intentando,feliz
ahora mismo me siento nervioso ultimamente,miedo
es que me salio la receta que estaba intentando de verdad,feliz
me siento muy agradecido con la vida hoy pero bueno,feliz
desde ayer me siento inseguro por todo lo que pasa,miedo
ultimamente llegue a los seguidores que queria de verdad,feliz
la verdad me trataron como si no existiera y no lo puedo ocultar,enojo
hoy me dieron el trabajo que queria de verdad,feliz
ultimamente no entiendo como la gente puede ser asi y ya,enojo
siento una rabia que no te imaginas y no lo voy a tolerar,enojo
me comparan con otros y eso me molesta mucho de verdad,enojo
lo que es cierto es que me siento increiblemente bien,feliz
en serio me respondieron con mala actitud sin razon y no puedo evitarlo,enojo
sinceramente me contactaron por mi trabajo y quede feliz de verdad,feliz
hoy me siento decepcionado ultimamente,triste
en este momento me siento motivado de verdad,feliz
para serte honesto estoy al limite de mi paciencia sinceramente,enojo
te cuento que hoy me fue de pelos y no se que hacer,feliz
fijate que me prometieron el trabajo y al final le dieron a otro,enojo
no se si contarte pero me da panico equivocarme y que no me perdonen pero necesitaba decirlo,miedo
sinceramente me duele mucho esto todo el tiempo,triste
la verdad todo esta mejorando con todo lo que paso,feliz
desde hace dias no puedo creer lo que hicieron todo el tiempo,enojo
te cuento que siento que fracase otra vez,triste
es que estoy muy asustado de perder lo que amo,miedo
la verdad subi una foto y me arrepenti de haberla subido,triste
sabes que que alegria tan grande siento y no lo puedo creer,feliz
ahora mismo tuve que fingir que estaba bien toda la noche pero necesitaba decirlo,triste
la verdad mi mejor amigo se fue a vivir lejos,triste
oye me ignoraron cuando tenia razon y me tiene mal,enojo
me tiene angustiado no saber que va a pasar,miedo
sinceramente me siento lleno de energia y me encanta,feliz
me llamaron para el trabajo en medellin hermano,feliz
me cansas con tanta excusa sin excusas,enojo
te digo que me da terror pensar en esa posibilidad y me tiene muy nervioso,miedo
me parece increible tu actitud y me parece muy mal,enojo
no te miento perdi algo muy importante y me afecta mucho,triste
la verdad tengo mucho miedo por todo lo que pasa,miedo
me ignoraron cuando tenia toda la razon parce,enojo
te digo que usaron mis ideas sin darme credito y ya,enojo
te digo que siento una pena muy grande por eso de verdad,triste
ultimamente desactive mis redes porque me hacian sentir mal,triste
desde hace dias siento que no le importo a nadie de verdad y me cuesta mucho,triste
sinceramente todo me afecta demasiado ultimamente,triste
para serte honesto me da miedo ir al medico la verdad,miedo
fijate que me dieron la beca otra vez,feliz
oye me siento muy agradecido con la vida hoy men,feliz
sinceramente siento una tristeza que no puedo explicar de verdad,triste
ya basta con esa actitud y no lo voy a tolerar,enojo
no te miento hicieron como si yo no existiera en la reunion y quisiera que alguien me ayudara,enojo
ahora mismo todo salio mal por todo lo que paso,triste
es que me tiene muy cansado esta gente y eso me duele,enojo
fijate que me siento desconectado de todo y no se que hacer,triste
hoy me quitaron el like y eso me bajo el animo de verdad,triste
la verdad me fui de viaje y me tiene mal,feliz
desde hace dias me tratan diferente y no entienden por que me molesta y quisiera que alguien me ayudara,enojo
te cuento que que descaro tan grande el de esa gente,enojo
en serio me di cuenta que nadie me busca si yo no busco bro,triste
para serte honesto estoy al limite de mi paciencia y es agotador,enojo
me embargaron la cuenta y no entiendo por que parce,miedo
la verdad es que siento una soledad muy grande ahora,triste
hermano me toca salir tarde y me da miedo en la calle la verdad,miedo
te juro que no voy a tolerar ese comportamiento y punto,enojo
para serte honesto estoy al limite de mi paciencia y me afecta mucho,enojo
es que todo el mundo esta en planes y yo solo en casa de verdad,triste
me siento muy dichoso en este momento en serio,feliz
lo que pasa es que no voy a seguir tolerando esto,enojo
en serio el partido de colombia salio bien y ya,feliz
la verdad tengo un mal presentimiento con eso y no se que hacer,miedo
hoy hice algo que me daba mucho miedo y salio bien y me tiene pensando mucho,feliz
me entristece mucho la situacion,triste
lo que pasa es que el resultado me tiene muy angustiado la verdad,miedo
oye me echaron la culpa de algo que hizo otro y no puedo evitarlo,enojo
en serio vi que me sacaron de un grupo y no dije nada men,triste
hoy siento que el tiempo paso y yo no hice nada,triste
la verdad me tiene muy intranquilo todo esto y me tiene mal,miedo
ultimamente me copiaron el contenido y ni siquiera lo cambiaron,enojo
fijate que nadie me eligio para su equipo y me tiene agotado,triste
mira que me robaron la moto,enojo
te juro que logre cerrar el trato que necesitaba y nadie lo entiende,feliz
definitivamente ya no aguanto mas otra vez,enojo
tengo panico de que algo malo pase y no puedo calmarlo,miedo
oye me pagan mal y me exigen demasiado pero bueno,enojo
que buena noticia me alegra el dia,feliz
oye nadie hace las cosas bien aqui y necesito que alguien me entienda,enojo
es que me siento orgulloso de donde estoy de verdad,feliz
termine la semana sin ningun problema,feliz
es que termine de pagar mi deuda de verdad,feliz
es que me ignoraron cuando tenia toda la razon pero bueno,enojo
ultimamente estoy muy ilusionado con lo que viene la verdad,feliz
ahora mismo esto me molesta demasiado otra vez,enojo
parce mi mejor amigo se fue para otro pais,triste
es que me citaron a declarar y estoy muy nervioso hermano,miedo
mira vi algo que me dejo muy intranquilo,miedo
te cuento que compre mi primera casa pero necesitaba decirlo,feliz
desde hace dias extraño como eran las cosas antes otra vez,triste
siento que me quede atras la verdad,triste
hoy estoy muy nervioso con esa vuelta,miedo
realmente tengo ansiedad por lo que viene desde hace dias,miedo
estoy muy contento otra vez,feliz
es que me hicieron sentir especial todo el tiempo,feliz
mira me cayo muy bien esa persona,feliz
hoy mi familia esta pasando un momento muy dificil y ya,triste
sinceramente tengo panico por todo lo que pasa,miedo
no te miento me hablaron como si fuera tonto,enojo
hoy siento que algo malo va a pasar sinceramente,miedo
en serio tengo miedo de que se den cuenta que no entiendo y trato de disimularlo,miedo
desde hace dias me quede callado cuando debi haber hablado y trato de disimularlo,triste
realmente me preocupa el futuro por todo lo que pasa,miedo
fijate que mi equipo gano hoy y estoy feliz y no se que hacer,feliz
ultimamente tengo un presentimiento muy malo y eso me pesa,miedo
es que hicimos una reunioncita y quedo muy buena y no es facil,feliz
hermano consegui apartamento en arriendo bien precio,feliz
en serio que buena noticia para empezar el dia en serio,feliz
parce me descuentan del sueldo cosas que no firmé y me tiene mal,enojo
es que me toco irme del barrio que queria de verdad,triste
oye minimizaron lo que sentia y me afecta mucho,enojo
sinceramente estoy muy apenado con lo que paso y no se como seguir,triste
que alegria tan grande siento de verdad,feliz
en serio cambiaron las reglas sin avisarme y eso me tiene mal,enojo
oye encontre algo que habia perdido hace tiempo y ya,feliz
no te miento estoy demasiado angustiado para pensar de verdad,miedo
hoy me dieron la visa,feliz
te digo que ya no quiero hablar de eso porque nadie entiende,triste
no te miento perdi algo muy importante de verdad,triste
lo que pasa es que me siento completo y no se que hacer,feliz
hoy extraño mucho a las personas que ya no estan la verdad,triste
de verdad me duele mucho haber fallado en eso y me duele mucho,triste
la verdad me siento lleno de energia hoy,feliz
es que quise decir algo pero no encontre las palabras y no se que hacer,triste
para serte honesto el profesor me humillo frente a todos pero ya no puedo mas,triste
me da susto pedir el favor porque me da pena la verdad,miedo
me dieron la beca de la universidad publica y no se que hacer,feliz
definitivamente todo me pone mal por todo lo que paso,triste
se fue mi gato hoy y me afecta,triste
estas actuando muy mal de verdad,enojo
no te miento ya no hablo con alguien que queria mucho pero necesitaba decirlo,triste
parce consegui apartamento en arriendo bien precio y no es facil,feliz
hoy tuve que repetir lo mismo mil veces de verdad,enojo
oye termine mi tesis de verdad,feliz
hoy se aprovecharon de la buena fe mia parce,enojo
te cuento que me cambiaron el turno sin avisarme pero bueno,enojo
la verdad estoy emocionado ultimamente,feliz
hoy publicaron algo mio sin pedirme permiso de verdad,enojo
ultimamente siento que algo se rompio dentro de mi y me tiene mal,triste
te cuento que me trataron como si yo fuera el problema la verdad,enojo
hoy eso estuvo muy feo,enojo
mira lo que paso hoy me senti comodo siendo yo mismo y trato de disimularlo,feliz
hoy estoy muy ilusionado con lo que viene otra vez,feliz
tengo miedo de que me vaya mal en las parciales y me cuesta mucho,miedo
ultimamente me da demasiada rabia todo el tiempo,enojo
que estupidez lo que hiciste,enojo
ultimamente tengo miedo de tomar la decision equivocada y es agotador,miedo
ultimamente todo esta mal organizado y me tiene mal,enojo
oye ya no hablo con alguien que queria mucho pero necesitaba decirlo,triste
es que me invitaron a algo importante pero bueno,feliz
me saca de quicio todo esto,enojo
parce me usaron cuando les convenia y despues nada pero bueno,enojo
la verdad es que tengo miedo de que todo se derrumbe y eso me preocupa mucho,miedo
hoy me fue muy mal en el examen y me cuesta mucho,triste
mañana tengo algo importante y no he podido dormir pensando en eso,miedo
oye algo me dice que las cosas van a cambiar mal,miedo
nada me da ganas ultimamente y me afectó mucho,triste
la verdad es que tengo panico de que me pregunten algo frente a todos,miedo
ahora mismo me pone muy nervioso hablar en publico de verdad,miedo
ultimamente estoy rodeado de gente y me siento solo y es agotador,triste
hoy se aprovecharon de que no sabia y ya,enojo
hoy fue un parche buenisimo y no es facil,feliz
mira me mintieron en mi cara y necesito que alguien me entienda,enojo
mira me tienen muy mamado con esa vuelta pero bueno,enojo
ultimamente hoy no tuve que madrugar y lo disfrute men,feliz
mira me siento muy achantado hoy hermano,triste
la verdad me da terror enfrentar esto solo de verdad,miedo
te digo que estoy muy decaido y sin fuerzas y quisiera que no fuera así,triste
me siento muy decaido en este momento y me duele mucho,triste
mira se aprovecharon de que no sabia y no puedo evitarlo,enojo
te cuento que me da pena que se den cuenta que no entendi y no es facil,miedo
siento el alma muy pesada hoy de verdad,triste
de verdad estoy muy bajoneado sin poder levantarme,triste
sinceramente me siento sin energia ultimamente,triste
fijate que siento que no soy suficiente la verdad,triste
fijate que me comi algo rico y me alegro el dia,feliz
la verdad es que me duele mucho lo que ocurrio y me duele mucho,triste
la verdad es que que buen dia tuve hoy en serio,feliz
me cayo del cielo esa noticia pero bueno,feliz
realmente tengo miedo de fallar ultimamente,miedo
ultimamente siento que no le importo a nadie de verdad pero ya no puedo mas,triste
no se si contarte pero tengo miedo de ver lo que me respondieron de verdad,miedo
mira me cobraron mas de lo que decia el precio,enojo
en este momento estoy pasando un gran momento,feliz
definitivamente me siento incomodo con esto ultimamente,miedo
se fue mi gato hoy de verdad,triste
desde ayer estoy agotado emocionalmente en este momento,triste
en este momento me siento motivado ultimamente,feliz
lo que pasa es que tengo un presentimiento muy malo y ya,miedo
sinceramente mi pareja me sorprendio otra vez,feliz
para serte honesto tengo panico de fallar frente a todos y no puedo evitarlo,miedo
es que tengo miedo de haber arruinado algo sin saberlo y me pesa cargarlo solo,miedo
es que me angustia no tener todo claro a mi edad,miedo
te juro que siento que no le importo a nadie de verdad y no puedo evitarlo,triste
es que vi que me sacaron de un grupo y no dije nada la verdad,triste
ultimamente me dijeron que era muy sensible por sentirme mal y me pesa cargarlo solo,enojo
ahora mismo nada tiene sentido todo el tiempo,triste
men hoy todo el transporte me funciono perfecto y me afecta,feliz
es que me tiene muy desanimado todo esto la verdad,triste
me siento muy mal emocionalmente y no se como seguir,triste
ultimamente mi grupo hizo el trabajo sin contar conmigo y me cuesta mucho,triste
fijate que no hubo trafico hoy la verdad,feliz
me siento vacio y sin ganas de nada y no lo puedo superar,triste
la verdad es que me dieron la nota que esperaba y me cuesta mucho,feliz
es que no quise hablar con nadie hoy y necesito que alguien me entienda,triste
te juro que me quitaron el like y eso me bajo el animo y me tiene pensando mucho,triste
lo que pasa es que me duele mucho haber fallado en eso y me duele mucho,triste
hoy odio esta situacion y eso empeora todo,enojo
lo que pasa es que se llevaron el credito de lo que yo hice la verdad,enojo
oye ya no quiero esforzarme y no lo puedo ocultar,triste
en serio no quise hablar con nadie hoy y necesito que alguien me entienda,triste
mira me siento muy pleno con lo que estoy haciendo,feliz
mira que irresponsable eres con todo y ya me canse,enojo
oye llegue a tiempo a todo y no se que hacer,feliz
oye me dieron la beca y ya,feliz
la verdad es que que felicidad tan grande siento ahora en serio,feliz
que buena noticia para empezar el dia,feliz
desde ayer estoy muy preocupado todo el tiempo,miedo
hoy tengo miedo de que me rechacen si digo lo que pienso y no es facil,miedo
sinceramente nadie noto que algo me pasaba y me pesa cargarlo solo,triste
parce me trataron como si yo fuera el problema pero bueno,enojo
mira lo que paso dije algo que no quise decir y no se como explicarlo y me pesa cargarlo solo,triste
me respondió,feliz
te cuento que me salio redondo todo hoy de verdad,feliz
no te miento no tengo con quien hablar y ya,triste
lo que pasa es que me indigna mucho tu comportamiento de verdad,enojo
es que hice algo que me daba miedo y salio bien y no se como manejarlo,feliz
me saca de quicio que no cambien nada y ya,enojo
sinceramente me di cuenta que no me invitaron a la reunion pero ya no puedo mas,triste
la verdad estoy agotado emocionalmente todo el tiempo,triste
es que me respondieron que si al proyecto y me afecta,feliz
me siento muy afortunado de verdad,feliz
oye cambiaron las reglas sin avisarme y me tiene agotado,enojo
sinceramente me ignoraron cuando tenia razon y no lo puedo ocultar,enojo
parce aprobe todas las materias este semestre,feliz
hoy me cobraron de mas y no me quieren devolver y ya,enojo
desde ayer estoy agradecido por todo desde hace dias,feliz
es que no duermo de la preocupacion pero no digo nada,miedo
desde hace dias me asusta que piensen que soy raro y trato de disimularlo,miedo
es que me salio el negocio que queria hermano,feliz
oye perdi una oportunidad importante otra vez,triste
en serio me tiene angustiado no saber que va a pasar y me tiene mal,miedo
en este momento me siento excelente hoy todo el tiempo,feliz
fijate que me dejo mi novia y estoy muy bajoneado parce,triste
sinceramente me llegó una carta del juzgado y no se que es,miedo
hoy me dieron la visa pero necesitaba decirlo,feliz
oye tengo panico de que me pregunten algo frente a todos de verdad,miedo
ultimamente esto me molesta demasiado por todo lo que paso,enojo
mira lo que paso me interrumpieron cada vez que hable y no es facil admitirlo,enojo
te cuento que me hicieron firmar algo que no entendi,enojo
me dejo mi novia y estoy muy bajoneado,triste
mira lo que paso me escribieron solo para reclamarme,enojo
la verdad hoy descanse muy bien y no puedo evitarlo,feliz
no te miento me tiene muy irritado todo esto pero bueno,enojo
para serte honesto todo me pesa demasiado y eso me pesa,triste
mira lo que paso me escribieron solo para reclamarme y me afecta mucho,enojo
hoy hoy fue un mal dia y me afecta mucho,triste
sinceramente me sacaron la paciencia por todo lo que paso,enojo
me piden experiencia para un trabajo de principiante y no es facil,enojo
es que me da muy duro enfrentar esa conversacion hermano,miedo
mira no tenemos para el arriendo este mes y ya,triste
sinceramente me pone muy ansioso pensar en eso y nadie lo sabe,miedo
ultimamente me llego un paquete que habia pedido y me tiene pensando mucho,feliz
parce me cambiaron el turno sin avisarme y ya,enojo
lo que pasa es que me tienen harto con tanta mentira,enojo
es que me hablaron muy feo sin ninguna razon parce,enojo
hoy todo me fastidia esta semana,enojo
para serte honesto no se si ese mensaje significaba lo que creo sinceramente,miedo
sinceramente cumpli la meta que me habia puesto y no puedo evitarlo,feliz
oye nacio mi hija,feliz
siento que estoy muy solo en todo esto y no lo puedo superar,triste
ultimamente estoy disfrutando mucho,feliz
en serio me duele mucho lo que ocurrio,triste
eres un egoista de primera sin excusas,enojo
me prometieron el trabajo y al final le dieron a otro y ya,enojo
de verdad me siento muy triste hoy y no lo puedo superar,triste
mi mejor amigo se fue a vivir lejos pero necesitaba decirlo,triste
mira encontre lo que buscaba y es agotador,feliz
sinceramente siento que estoy de mas pero no digo nada,triste
te cuento que tengo miedo de decir algo y que lo tomen mal pero bueno,miedo
la verdad me dieron una sorpresa muy bonita hoy hermano,feliz
hoy me hicieron perder el tiempo otra vez,enojo
las cosas estan saliendo como quiero y ya,feliz
abusaron de mi confianza y me tiene mal,enojo
en este momento me siento lleno de energia y me afecta mucho,feliz
para serte honesto entregue el proyecto a tiempo y trato de disimularlo,feliz
hoy estoy muy contento hoy,feliz
ultimamente tengo ansiedad de pensar en todo lo que falta y nadie lo entiende,miedo
en serio eres un irresponsable total y me parece muy mal,enojo
es que ya no aguanto mas esa situacion y me tiene pensando mucho,enojo
hoy estoy cansado mentalmente esta semana,triste
me preocupa tanto que no puedo dormir sinceramente,miedo
no te miento quede muy contento con el resultado y nadie lo sabe,feliz
todo esta funcionando bien por todo lo que paso,feliz
es que estoy muy asustado por lo que viene y me tiene muy nervioso,miedo
la verdad me siento increible todo el tiempo,feliz
me tiene muy apagado esta situacion la verdad,triste
la verdad estoy agotado emocionalmente y me afecta mucho,triste
me saca de quicio todo esto y no lo puedo ocultar,enojo
tengo miedo de que me vaya mal en las parciales la verdad,miedo
sinceramente no me dejaron hablar y es agotador,enojo
la verdad me sacaron de la jugada sin ninguna explicacion y me cuesta mucho,enojo
no puedo creer que que falta de respeto tan grande y no lo voy a tolerar,enojo
en serio me pone muy nervioso hablar en publico y necesito que alguien me entienda,miedo
oye hablaron de algo que yo no sabia y me senti excluido y no se que hacer,triste
la verdad vi las historias de todos y me senti muy mal la verdad,triste
lo que pasa es que no quise hablar con nadie hoy y no se que hacer,triste
me usaron cuando les convenia y despues nada y no se que hacer,enojo
te cuento que siento que no encajo en ningún lado y me tiene mal,triste
fijate que me tiene muy molesto que nadie haga nada pero bueno,enojo
de verdad no voy a tolerar ese comportamiento,enojo
lo que pasa es que me tienes cansado con eso y eso no esta bien,enojo
ultimamente ya no quiero hablar por todo lo que paso,triste
me parece terrible lo que hiciste sin excusas,enojo
la verdad me siento muy feliz y no se que hacer,feliz
mira lo que paso no es la primera vez y eso me tiene agotado de verdad,enojo
hoy fue un mal dia desde hace dias,triste
hoy ya no quiero hablar de eso porque nadie entiende y nadie lo entiende,triste
me da muy duro enfrentar esa conversacion,miedo
tengo miedo de que las cosas cambien de repente y no lo digo seguido,miedo
me puse muy feliz con eso parce pero bueno,feliz
sinceramente me dieron acceso a la oportunidad que queria la verdad,feliz
hoy el resultado me tiene muy angustiado y necesito que alguien me entienda,miedo
hoy todo el transporte me funciono perfecto la verdad,feliz
desde hace dias tengo una entrevista y me muero del susto y me tiene mal,miedo
en serio hicieron algo injusto y nadie dijo nada pero no digo nada,enojo
no te miento me da ansiedad conocer gente nueva de verdad,miedo
no te miento me dijeron que me quieren sinceramente,feliz
mira lo que paso tengo miedo de que se den cuenta que no entiendo y no se como manejarlo,miedo
ultimamente me preocupa mucho el futuro economico y no es facil,miedo
me hicieron fila tres horas y no me atendieron y no puedo evitarlo,enojo
mira siento que a nadie le importo de verdad,triste
estoy muy contento y agradecido y es lo mejor que me paso,feliz
hoy estoy emocionado con las noticias sin duda,feliz
te cuento que las cosas ya no son como antes,triste
en serio me echaron la culpa de algo que hizo otro y ya,enojo
te digo que me asusta mucho lo que podria pasar,miedo
lo que pasa es que me fue bien en la sustentacion y nadie lo entiende,feliz
te cuento que me compre una moto y ya,feliz
te digo que me siento muy agradecido con la vida y no lo puedo creer,feliz
ultimamente me da miedo ir al medico y me afecta mucho,miedo
sinceramente que estupidez lo que hiciste y no lo voy a tolerar,enojo
sinceramente estoy emocionado de verdad,feliz
se aprovecharon de que no sabia,enojo
en serio llegue a los seguidores que queria y me cuesta aceptarlo,feliz
fijate que me cambiaron el turno sin avisarme y eso me duele,enojo
la verdad tengo miedo de que mis sueños no sean suficientes,miedo
hoy me tienen muy hastiado con lo mismo de verdad,enojo
estoy muy apenado por todo lo que perdí y quisiera que no fuera así,triste
bro usaron mis ideas sin darme credito la verdad,enojo
la verdad logre lo que queria sinceramente,feliz
fijate que me da miedo decepcionarme a mi mismo men,miedo
la verdad tengo los mejores amigos pero no digo nada,feliz
hoy no tengo ganas de nada y no se que hacer,triste
siento una soledad enorme que me pesa y no se como seguir,triste
estoy muy triste y sin animo de nada y no lo puedo superar,triste
desde ayer hoy fue un mal dia por todo lo que paso,triste
siento que cargo con demasiado para mi edad,triste
lo que pasa es que tengo miedo de que las cosas cambien de repente y no se como manejarlo,miedo
la verdad hicieron lo que quisieron sin preguntarme nada de verdad,enojo
de verdad estoy muy triste por la noticia y no lo puedo superar,triste
fijate que subi algo y nadie reacciono y me senti invisible pero bueno,triste
te cuento que hoy amaneci con toda la actitud y ya,feliz
desde hace dias logre lo que queria y no lo puedo ocultar,feliz
vieja el transporte salio tardisimo y llegue tarde por eso y me cuesta mucho,enojo
te juro que me da panico equivocarme y que no me perdonen de verdad,miedo
es que me faltaron el respeto otra vez,enojo
sinceramente ya no aguanto esta situacion y no se que hacer,enojo
te juro que hable con alguien nuevo y no fue tan malo y quisiera que alguien me ayudara,feliz
es que me produce mucho enojo esto de verdad,enojo
sinceramente me frustras mucho con eso de verdad,enojo
desde hace dias me saca de quicio todo esto y no se que hacer,enojo
hoy extraño mucho a las personas que ya no estan,triste
logre ahorrar lo que necesitaba y ya,feliz
te digo que termine el curso que venia haciendo de verdad,feliz
fijate que me dijeron que exageraba,enojo
desde ayer hoy fue un gran dia esta semana,feliz
la verdad todo cambio de golpe pero necesitaba decirlo,triste
hoy estoy que no me la creo y eso me duele,feliz
se fue mi perro hoy la verdad,triste
oye me enfurece tu actitud,enojo
te juro que ya no aguanto mas esa situacion y no puedo evitarlo,enojo
oye esto me pone de muy mal humor,enojo
me da mucho miedo lo que dijeron y no puedo calmarlo,miedo
te digo que me angustia pensar que quiza elegi mal mi carrera y ya,miedo
en serio eres muy desconsiderado con los demas y punto,enojo
hoy nacio mi hija sinceramente,feliz
hoy esto me parece una falta de respeto total y ya,enojo
la verdad es que no puedo creer tu irresponsabilidad,enojo
ultimamente me excluyeron de la decision sin explicacion y trato de disimularlo,enojo
sinceramente me salio rico lo que cocine y me tiene mal,feliz
es que me mandaron un mensaje raro y no entiendo que quieren y nadie lo sabe,miedo
la verdad es que me duele mucho lo que dijiste,triste
definitivamente estoy muy emocionado todo el tiempo,feliz
ultimamente me pidieron algo de ultimo momento y eso me tiene mal,enojo
publicaron algo mio sin pedirme permiso men,enojo
es que eres una persona muy egoista de verdad,enojo
en serio hoy amaneci con toda la actitud pero bueno,feliz
en este momento nada tiene sentido ultimamente,triste
no puedo mas con tanto y me afecta mucho,triste
mira me llego un paquete que habia pedido pero bueno,feliz
ultimamente ya no quiero hablar,triste
te cuento que hicimos sancocho en familia y fue muy rico y ya,feliz
la verdad es que me da terror decepcionar a alguien que confio en mi pero necesitaba decirlo,miedo
sinceramente prometieron y no cumplieron y no puedo evitarlo,enojo
hoy estoy apostando todo a esto de verdad,miedo
hoy me cancelaron a ultimo momento la verdad,enojo
ahora mismo estoy realmente indignado pero no digo nada,enojo
oye mi familia esta bien y me tiene mal,feliz
la verdad estoy muy contento con todo lo que paso,feliz
no me merecia este trato y no puedo evitarlo,enojo
me prometieron que no volveria a pasar de verdad,enojo
no me puedo sacar esta sensacion de encima y ya,miedo
no se como aguantarte tanto,enojo
fijate que me da ansiedad ver cuanta gente vio mi historia la verdad,miedo
siento una pena muy honda en mi y no se como seguir,triste
la verdad me aterra quedar mal frente a todos y no es facil,miedo
qué pasa si fallo,miedo
siento que se me acaba el tiempo sinceramente,miedo
lo que pasa es que me ignoraron cuando trate de explicarme y me cuesta mucho,enojo
en serio estoy muy nervioso con esa vuelta y no es facil,miedo
me hicieron una videollamada sorpresa y no lo digo seguido,feliz
me tienes cansado con eso y no lo entiendo,enojo
hoy me canse de esperar que las cosas cambien solas,triste
me da mucha pena decirle eso a la gente y ya,miedo
te cuento que me hablaron muy mal y ya,enojo
es que me pusieron en evidencia en un grupo y no es facil admitirlo,enojo
no te miento mi familia estuvo muy unida hoy y nadie lo sabe,feliz
en serio siento que finjo estar bien tan seguido que ya ni se y no puedo evitarlo,triste
la verdad es que me molesta mucho tu actitud sin excusas,enojo
la verdad dijeron cosas que no son verdad sobre mi y eso me pesa,enojo
hoy no me puedo quitar esa preocupacion de encima pero bueno,miedo
hoy tengo miedo de hablar y me afecta mucho,miedo
fijate que me da pavor equivocarme todo el tiempo,miedo
la verdad es que eres increiblemente irresponsable,enojo
lo que pasa es que me siento muy solo y abandonado,triste
te cuento que hoy descanse muy bien y ya,feliz
oye me dieron la visa y no puedo evitarlo,feliz
hoy me tiene muy angustiado esa situacion de verdad,miedo
ultimamente no puedo dejar de preocuparme y es agotador,miedo
la verdad estoy harto de esto ultimamente,enojo
ahora mismo todo me pone mal en este momento,triste
hoy dijeron mentiras sobre mi en redes la verdad,enojo
nada me salio bien hoy todo el tiempo,enojo
vieja me siento muy solo en esta ciudad y me cuesta mucho,triste
me decepciono mucho lo que hiciste y me parece muy mal,enojo
hoy me contactaron por mi trabajo y quede feliz pero bueno,feliz
hoy no logre lo que esperaba y no puedo evitarlo,triste
en serio nadie entendio como me sentia otra vez,triste
es que me tiene muy desanimado todo esto y me tiene mal,triste
me prometieron el trabajo y al final le dieron a otro y me tiene mal,enojo
te cuento que tengo que entregar algo mañana y no empece,miedo
de verdad me siento muy desanimado hoy,triste
fijate que tengo los mejores amigos,feliz
es que me excluyeron de la decision sin explicacion y me afecta mucho,enojo
me cobraron de mas y no me quieren devolver y no se que hacer,enojo
que quiere usted y no lo puedo creer,enojo
vieja me pone muy nervioso tener que dar explicaciones y ya,miedo
ahora mismo siento demasiado temor esta semana,miedo
fijate que termine todo lo que tenia pendiente y trato de disimularlo,feliz
sinceramente tuve que fingir que estaba bien toda la noche,triste
te cuento que me dieron informacion falsa y no puedo evitarlo,enojo
ahora mismo gane el concurso y me tiene mal,feliz
sinceramente me siento horrible hoy todo el tiempo,triste
ultimamente me duele mucho esto y me afecta mucho,triste
sabes que que alegria me da ver tus logros sin duda,feliz
te digo que me siento muy decaido en este momento,triste
mira nacio mi hijo,feliz
lo que es cierto es que que alegria me da verte bien sin duda,feliz
en serio que descaro tan grande el de esa gente y no puedo evitarlo,enojo
en serio logre cerrar el trato que necesitaba y nadie lo entiende,feliz
mira no puedo mas con esta situacion y ya me canse,enojo
te cuento que el transporte salio tardisimo y llegue tarde por eso y ya,enojo
la verdad estoy disfrutando mucho con todo lo que paso,feliz
ahora mismo me pone muy nervioso hablar en publico sinceramente,miedo
no se me salio la receta que estaba intentando y me tiene pensando mucho,feliz
me dieron una sorpresa muy bonita hoy la verdad,feliz
no te lo voy a perdonar tan facil sin excusas,enojo
lo que pasa es que siento una tristeza muy profunda y no lo puedo superar,triste
oye que impotencia siento con todo esto y punto,enojo
sinceramente me paralizo cuando tengo que decidir y necesito que alguien me entienda,miedo
me fue de maravilla en la entrevista,feliz
hoy hoy me fue de pelos la verdad,feliz
me ignoraron cuando tenia toda la razon,enojo
lo que es cierto es que estoy muy agradecido con todos en serio,feliz
tengo miedo de que me vaya mal en las parciales y no es facil,miedo
ultimamente estoy demasiado molesto y no se que hacer,enojo
la verdad tengo miedo de hablar y me afecta mucho,miedo
ultimamente cambiaron las reglas sin avisarme y eso me tiene mal,enojo
hoy me echaron sin explicacion de verdad,triste
me da pena decirlo pero tuve que fingir que estaba bien toda la noche y eso me tiene mal,triste
ultimamente todo salio mal en este momento,triste
honestamente que fastidio me da esta situacion en serio,enojo
la verdad me independice por fin y me tiene mal,feliz
sinceramente no me puedo quitar esa preocupacion de encima la verdad,miedo
la verdad estoy muy enojado y eso empeora todo,enojo
en este momento ya me canse de esto y me afecta mucho,enojo
honestamente me produce mucho enojo esto sin excusas,enojo
es que me molesta mucho tu actitud,enojo
cambio su estado y supe que era por mi y me afecta mucho,triste
te cuento que me rechazaron y duela mucho otra vez,triste
oye me echaron la culpa de algo que hizo otro,enojo
ahora mismo me excluyeron de la decision sin explicacion y no lo digo seguido,enojo
me ignoraron cuando tenia toda la razon y ya,enojo
te juro que hablaron de algo que yo no sabia y me senti excluido y me cuesta mucho,triste
sinceramente lei el mensaje mal y arruine todo y no se que hacer,triste
me tienen muy hastiado con lo mismo de verdad,enojo
oye tengo miedo de que sea algo grave la verdad,miedo
oye me tiene muy apagado esta situacion pero bueno,triste
hermano me graduo el sabado en el paraninfo parce,feliz
no te miento siento que perdi una etapa de mi vida y no se que hacer,triste
hoy salimos a rumbear y la pase muy bien y nadie lo sabe,feliz
ultimamente me fue bien en la sustentacion y no se que hacer,feliz
en este momento estoy demasiado molesto y me afecta mucho,enojo
te juro que me asusta que piensen que soy raro y nadie lo entiende,miedo
siento una pena enorme que no pasa y no lo puedo superar,triste
mira me hicieron sentir especial y me tiene mal,feliz
hoy me quitaron el trabajo y estoy mal,triste
la verdad me paralizo cuando tengo que decidir pero no digo nada,miedo
hoy me gane una chamba buenisima la verdad,feliz
de verdad ya basta con esa actitud y no lo entiendo,enojo
en serio tengo un presentimiento muy malo y no puedo evitarlo,miedo
hoy quede encantado con como salio todo y ya,feliz
en serio estoy muy frustrado con todo esto la verdad,enojo
hoy me hicieron sentir que molestaba pero bueno,enojo
sinceramente estoy muy bajoneado con la noticia de verdad,triste
sinceramente me duele mucho esto desde hace dias,triste
para serte honesto hoy no tengo que trabajar sinceramente,feliz
realmente quiero estar solo todo el tiempo,triste
la verdad siento que algo no esta bien aunque todo parece normal y ya,miedo
desde hace dias me siento invisible y ya,triste
la verdad es que me frustra muchisimo esto y me parece muy mal,enojo
te digo que hoy fue un dia increible y no lo puedo creer,feliz
en serio me canse de ser el que siempre aguanta la verdad,triste
sinceramente me paraliza no saber cual es el camino correcto,miedo
me sacaron de la jugada sin ninguna explicacion y ya,enojo
sinceramente me siento decepcionado ultimamente,triste
desde hace dias tengo miedo de ver lo que me respondieron y nadie lo entiende,miedo
la verdad es que me siento increiblemente bien y es lo mejor que me paso,feliz
hoy fallecio alguien cercano pero necesitaba decirlo,triste
en serio me tocó madrugar y no dormí nada y encima salio mal,triste
fijate que me toca salir tarde y me da miedo en la calle y no se que hacer,miedo
para serte honesto estoy esperando una respuesta y me tiene nervioso pero no digo nada,miedo
hicimos sancocho en familia y fue muy rico y no es facil,feliz
te digo que que buena noticia me dieron hoy y no lo puedo creer,feliz
la verdad capturaron una conversacion privada y la compartieron men,enojo
mira no duermo de la preocupacion y eso me pesa,miedo
hoy no se como decirlo sin que se enojen y no se como manejarlo,miedo
no te miento ya no hablo con mi parcero de toda la vida la verdad,triste
es que se rieron de como me exprese y nadie lo entiende,enojo
es que salimos a rumbear y la pase muy bien parce,feliz
sinceramente perdi tiempo en algo que no valio y eso me pesa,enojo
para serte honesto termine todo lo que tenia pendiente y no se que hacer,feliz
oye no entiendo como puedes actuar asi en serio,enojo
mira todo el mundo parece tener todo claro menos yo la verdad,triste
me pidieron que fuera a una reunion sin decirme de que,miedo
hoy prometieron y no cumplieron y es agotador,enojo
sabes que estoy lleno de energia y alegria y no lo puedo creer,feliz
hoy me comparan con otros y eso me molesta mucho pero bueno,enojo
ahora mismo no se si estan enojados conmigo o es mi imaginacion y me tiene agotado,miedo
la verdad es que me fue bien en la sustentacion sinceramente,feliz
siento que si me equivoco no hay vuelta atras,miedo
nadie reconocio lo que aporte y no puedo evitarlo,enojo
fijate que siempre me pasa lo mismo con las mismas personas y no lo digo seguido,enojo
en serio no se si lo que estoy haciendo es lo correcto y ya,miedo
men tengo panico de que algo que dije llegue a las manos equivocadas,miedo
desde hace dias me preocupa tanto que no puedo dormir la verdad,miedo
vieja me puse muy feliz con eso parce pero bueno,feliz
es que perdi tiempo en algo que no valio sinceramente,enojo
me da mucho miedo lo que puede pasar y no puedo calmarlo,miedo
te digo que me duele mucho haber fallado en eso,triste
me salio rico lo que cocine todo el tiempo,feliz
no te miento perdi algo muy importante y no puedo evitarlo,triste
desde hace dias prometieron y no cumplieron y es agotador,enojo
es que me asusta mucho lo que podria pasar y me tiene muy nervioso,miedo
en serio me dejo de seguir en redes sociales y quisiera que alguien me ayudara,triste
definitivamente estoy realmente frustrado ultimamente,enojo
oye todo esta mal organizado y me tiene mal,enojo
no se me dieron acceso a la oportunidad que queria,feliz
la verdad me paralizo cuando tengo que decidir y me tiene mal,miedo
no puedo creer que me tienes agotado con tus cosas y no lo entiendo,enojo
men me dicen que deberia estar agradecido por poco y no puedo evitarlo,enojo
sinceramente todo me irrita desde hace dias,enojo
estoy muy triste con lo que me conto y quisiera que no fuera así,triste
sinceramente tuve que fingir que estaba bien toda la noche y no se como manejarlo,triste
la verdad siento que me estoy quedando sin opciones de verdad,miedo
hoy nadie me escucha de verdad,triste
en serio me da terror decepcionar a alguien que confio en mi y no se como manejarlo,miedo
mira lo que paso mi jefe quedo contento con mi trabajo sinceramente,feliz
me toco dejar los estudios por plata y ya,triste
en serio me salio todo bien y no me lo esperaba y ya,feliz
ultimamente tengo panico en este momento,miedo
en serio por fin termine el proyecto sinceramente,feliz
para serte honesto mi grupo hizo el trabajo sin contar conmigo y no lo digo seguido,triste
te juro que que caradureza la tuya y no lo entiendo,enojo
hoy me eliminó de sus contactos sin decir nada y no lo digo seguido,triste
me faltaron el respeto y no puedo evitarlo,enojo
en serio me da ansiedad ver cuanta gente vio mi historia,miedo
tengo miedo de que me rechacen si digo lo que pienso y no es facil,miedo
realmente me siento destruido,triste
la verdad es que siento una melancolia muy grande ahora y quisiera que no fuera así,triste
oye me tiene muy irritado todo lo que esta pasando y no puedo evitarlo,enojo
hoy hoy fue exactamente lo que necesitaba,feliz
oye me da mucha pena decirle eso a la gente de verdad,miedo
mira lo que paso no supe si era una broma o algo serio y no se que hacer,triste
de verdad que dia tan productivo tuve hoy y estoy muy agradecido,feliz
te cuento que tengo los mejores amigos y eso me pesa,feliz
es que perdi tiempo en algo que no valio pero no digo nada,enojo
me parece terrible lo que hiciste de verdad,enojo
realmente todo esta saliendo bien ultimamente,feliz
fijate que me dejaron plantado y ni se disculparon y no se que hacer,enojo
la verdad es que me duele mucho lo que esta pasando y no se como seguir,triste
en serio me preocupa no poder pagar el arriendo el otro mes la verdad,miedo
estoy muy apagado sin poder sonreir,triste
lo que pasa es que todo me pesa demasiado y no lo puedo ocultar,triste
la verdad me reportaron sin motivo y me bloquearon la cuenta y ya,enojo
para serte honesto perdi una oportunidad importante y no puedo evitarlo,triste
es que no me puedo sacar esta sensacion de encima y nadie lo sabe,miedo
me da mucho miedo lo que puede pasar y no se que hacer,miedo
fijate que estoy que no me la creo,feliz
fijate que no quiero nada mas contigo y ya,enojo
hoy siento que no tengo proposito,triste
nadie entendio como me sentia y no puedo evitarlo,triste
sinceramente no me merecia este trato otra vez,enojo
de verdad me siento muy solo y sin apoyo y me duele mucho,triste
sinceramente no se que va a pasar otra vez,miedo
la verdad me siento nervioso por todo lo que paso,miedo
me tratan diferente y no entienden por que me molesta y me pesa cargarlo solo,enojo
parce estoy muy nervioso con esa vuelta hermano,miedo
bro publicaron algo mio sin pedirme permiso de verdad,enojo
parce que descaro tan grande el de esa gente y me cuesta mucho,enojo
es que me perdi un momento importante pero necesitaba decirlo,triste
definitivamente estoy demasiado molesto y eso empeora todo,enojo
te cuento que te deseo y estoy mal,feliz
siento tristeza cuando pienso en eso,triste
la verdad es que siento que algo esta muy mal y me asusta y no se que hacer,miedo
ahora mismo quise decir algo pero no encontre las palabras y no puedo evitarlo,triste
hoy siento que si me equivoco no hay vuelta atras de verdad,miedo
definitivamente estoy agradecido por todo otra vez,feliz
mira no pude ir a la graduacion pero necesitaba decirlo,triste
siento una pena muy grande ahora y me duele mucho,triste
minimizaron lo que sentia y me pesa cargarlo solo,enojo
sinceramente me interrumpieron cada vez que hable y no es facil admitirlo,enojo
sinceramente me siento muy triste todo el tiempo,triste
mira me hicieron esperar demasiado y necesito que alguien me entienda,enojo
te cuento que perdi una oportunidad importante otra vez,triste
ahora mismo nada de lo que hago vale la pena la verdad,triste
fijate que tengo panico de fallar frente a todos y me afecta mucho,miedo
ultimamente tengo panico de que me pregunten algo frente a todos y no puedo evitarlo,miedo
estoy temblando de nervios en este momento,miedo
ahora mismo todos parecen entender menos yo y me cuesta mucho,triste
lo que pasa es que siento una tristeza que no puedo explicar de verdad,triste
ultimamente me preocupa el futuro,miedo
te cuento que me da pena que se den cuenta que no entendi y no puedo evitarlo,miedo
que manera tan irresponsable de actuar y no lo entiendo,enojo
hoy que bonito momento vivimos hoy y no lo puedo creer,feliz
te cuento que termino mi relacion y ya,triste
mira nadie me escucha y no se que hacer,triste
mira me ignoraron completamente y ya,enojo
lo que pasa es que tengo un presentimiento muy malo y eso me pesa,miedo
mira lo que paso me mandaron un mensaje muy agresivo y trato de disimularlo,enojo
siento un temor muy grande ahora mismo y me tiene muy nervioso,miedo
todo me da miedo en este momento,miedo
te juro que tuve que fingir que estaba bien toda la noche pero necesitaba decirlo,triste
te cuento que no pude comer hoy y estoy mal,triste
la verdad me aterra quedar mal frente a todos de verdad,miedo
en serio siento una pena muy grande ahora y no se como seguir,triste
mira me copiaron el contenido y ni siquiera lo cambiaron,enojo
definitivamente estoy demasiado preocupado en este momento,miedo
siento que el tiempo no cura esto,triste
mira lo que paso siempre me pasa lo mismo con las mismas personas pero ya no puedo mas,enojo
sinceramente me respondieron con mala actitud sin razon,enojo
fijate que no tuve ganas de comer y me afecta mucho,triste
me da mucho miedo el futuro y no puedo calmarlo,miedo
es que me tocó repetir el tramite porque perdieron mis papeles pero bueno,enojo
ultimamente me siento nervioso en este momento,miedo
que mal tipo,enojo
que dia tan especial fue hoy para todos de verdad,feliz
ahora mismo me siento excelente hoy en este momento,feliz
la verdad hicimos sancocho en familia y fue muy rico y me tiene mal,feliz
vieja me llamaron de la empresa y no dijeron para que,miedo
oye me prometieron que no volveria a pasar de verdad,enojo
hoy ya no se que hacer y me afecta mucho,triste
ahora mismo se rieron de como me exprese y eso me tiene mal,enojo
sinceramente me pone muy nervioso hablar en publico,miedo
hoy voy a dormir toda la noche y no lo puedo creer,feliz
ultimamente estoy harto de esto todo el tiempo,enojo
mira que me regañaron en el trabajo,triste
ultimamente estoy muy contento,feliz
sinceramente me dijeron que cambie como si estuviera mal ser yo pero necesitaba decirlo,triste
mira lo que paso tengo panico de que me pregunten algo frente a todos y eso me tiene mal,miedo
siento una angustia que no me deja dormir,miedo
sinceramente me encontre plata en un bolsillo que no sabia y ya,feliz
no puedo creer que no entiendo como puedes actuar asi y no lo voy a tolerar,enojo
la verdad es que me duele mucho haberlo perdido,triste
desde hace dias usaron lo que les conte en mi contra y no puedo evitarlo,enojo
mira lo que paso entregue el proyecto a tiempo y nadie lo entiende,feliz
hermano me quede sin trabajo y no se que hacer pero bueno,triste
no se si contarte pero me canse de pedir lo mismo sin resultado y no se como manejarlo,enojo
siento que cargo con demasiado para mi edad y no puedo evitarlo,triste
te digo que me alegra muchisimo lo que paso sin duda,feliz
bro me reportaron sin motivo y me bloquearon la cuenta y me tiene pensando mucho,enojo
en serio me pidieron que fuera a recursos humanos,miedo
hoy tengo miedo de que las cosas cambien de repente y trato de disimularlo,miedo
mira no me puedo sacar esta sensacion de encima y nadie lo sabe,miedo
de verdad me alegra mucho haberte visto hoy,feliz
estoy muy nervioso y asustado y no se que hacer,miedo
de verdad siento una tristeza que no me abandona y no lo puedo superar,triste
ultimamente tengo miedo de mandar ese mensaje y que lo tomen mal pero necesitaba decirlo,miedo
es que termine mi tesis la verdad,feliz
mira tengo miedo de decepcionar a todos la verdad,miedo
te cuento que consegui el trabajo sinceramente,feliz
lo que pasa es que ya no quiero esforzarme sinceramente,triste
hoy me dejo mi novia y estoy muy bajoneado la verdad,triste
siento un dolor emocional muy grande y me duele mucho,triste
hoy me siento completo todo el tiempo,feliz
hoy me atracaron y ya,enojo
en serio mi jefe quedo contento con mi trabajo y no lo digo seguido,feliz
es que que caradureza la tuya,enojo
no te miento me preocupa tanto que no puedo dormir la verdad,miedo
oye me tiene muy cansado esta gente y me tiene mal,enojo
bro me siento muy perdido con mi vida,triste
desde ayer me siento lleno de energia y me afecta mucho,feliz
en serio me tiene con los nervios destrozados y me tiene mal,miedo
mira tengo miedo de responder mal y arruinar todo y me afecta,miedo
en serio no quiero mandar el audio por miedo a como sueno y no se que hacer,miedo
oye no tenemos para el arriendo este mes,triste
ahora mismo me preocupa el futuro todo el tiempo,miedo
desde hace dias hoy no tuve que fingir que estaba bien y eso me tiene mal,feliz
te juro que tengo miedo de haber arruinado algo sin saberlo y me tiene agotado,miedo
me dieron el trabajo que queria y nadie lo sabe,feliz
en serio ya no somos lo que eramos y eso me entristece la verdad,triste
oye minimizaron lo que sentia y me cuesta mucho,enojo
es que fuimos a la finca y fue muy bacano y no es facil,feliz
es que me da terror no saber que va a pasar,miedo
definitivamente me da demasiada rabia todo el tiempo,enojo
la verdad publicaron algo mio sin pedirme permiso,enojo
realmente me duele mucho esto desde hace dias,triste
sinceramente me da susto pedir el favor porque me da pena y eso me duele,miedo
definitivamente siento mucha presion desde hace dias,miedo
hoy me siento en paz de verdad,feliz
te cuento que me rechazaron y duela mucho,triste
te cuento que tengo miedo de que todo cambie y me tiene mal,miedo
para serte honesto me escribieron solo para reclamarme sinceramente,enojo
fijate que me da terror que noten que estoy nervioso y no puedo evitarlo,miedo
sinceramente tengo miedo de tomar la decision equivocada todo el tiempo,miedo
ahora mismo no se si estoy listo para esto y es agotador,miedo
ahora mismo me siento increible,feliz
te juro que que actitud tan mala la tuya y eso no esta bien,enojo
no te miento tengo miedo de caerle mal sin querer y quisiera que alguien me ayudara,miedo
ahora mismo estoy muy preocupado,miedo
en serio me interrumpieron todo el tiempo y eso me pesa,enojo
en serio me alegra mucho saber eso de verdad,feliz
fijate que publico algo que me dejo muy mal pero ya no puedo mas,triste
lo que pasa es que aprobe el examen y me tiene mal,feliz
en serio me quitaron el like y eso me bajo el animo de verdad,triste
ultimamente por fin lo logre de verdad,feliz
oye me eliminó de sus contactos sin decir nada de verdad,triste
oye subi algo y nadie reacciono y me senti invisible,triste
la verdad me llamaron de un numero desconocido la verdad,miedo
me robaron el celular y estoy mal,enojo
me tiene muy enojado esa situacion pero bueno,enojo
fijate que me pone muy ansioso pensar en eso y eso me duele,miedo
mira me rechazaron y duela mucho y ya,triste
en serio me tiene harto que siempre pase lo mismo de verdad,enojo
sinceramente nada me salio bien hoy y no puedo evitarlo,enojo
oye me excluyeron de la decision sin explicacion y quisiera que alguien me ayudara,enojo
en este momento me siento horrible y no se que hacer,triste
desde hace dias me dejo de seguir en redes sociales de verdad,triste
ahora mismo hablaron de algo que yo no sabia y me senti excluido y trato de disimularlo,triste
te digo que siento una angustia que me paraliza,miedo
es que consegui el trabajo y es agotador,feliz
para serte honesto me escribieron solo para reclamarme y no puedo evitarlo,enojo
hoy fue exactamente lo que necesitaba bro,feliz
parce ya no somos lo que eramos y eso me entristece y ya,triste
lo que pasa es que me molesta mucho tu actitud,enojo
no te miento tengo miedo de que me rechacen si digo lo que pienso pero necesitaba decirlo,miedo
es que me descuentan del sueldo cosas que no firmé hermano,enojo
ultimamente tuve que fingir que estaba bien toda la noche y no es facil admitirlo,triste
no se si contarte pero se rieron de como me exprese y nadie lo entiende,enojo
hoy fue mejor de lo que esperaba pero bueno,feliz
esto me pone de muy mal humor y eso no esta bien,enojo
no te miento tengo miedo de que me rechacen si digo lo que pienso y me tiene mal,miedo
es que tengo miedo de que se den cuenta que no entiendo y no puedo evitarlo,miedo
ahora mismo aprobe el examen otra vez,feliz
sinceramente nos separamos despues de mucho tiempo y no puedo evitarlo,triste
sinceramente me duele mucho saber que ya no esta,triste
mira cambiaron todo sin avisarme sinceramente,enojo
sinceramente me toco el dia libre de verdad,feliz
desde hace dias me siento realizado de verdad,feliz
eso estuvo muy mal de tu parte,enojo
hoy estoy emocionado y eso me alegra,feliz
mira estoy furioso contigo y me parece muy mal,enojo
lo que pasa es que tengo miedo de que sea algo grave y no lo puedo ocultar,miedo
me preocupa no poder lograrlo y no lo puedo ocultar,miedo
la verdad es que que buen resultado tuvimos hoy de verdad,feliz
la verdad ya no quiero hablar de eso porque nadie entiende y ya,triste
fijate que me siento invisible y eso me pesa,triste
la verdad es que lei el mensaje diez veces y no se como responder pero necesitaba decirlo,miedo
fijate que todo lo que construi se cayo pero no digo nada,triste
en este momento todo salio mal todo el tiempo,triste
es que que mal te portas siempre sin excusas,enojo
no te miento me salio el cupo en el sena la verdad,feliz
la verdad me hablaron como si fuera tonto la verdad,enojo
te cuento que extraño como era todo antes y nadie lo sabe,triste
me angustia no saber si estoy en el camino correcto y ya,miedo
fijate que el profesor me felicito por el trabajo,feliz
siento que algo malo va a pasar y no se que hacer,miedo
ayer tengo que madrugar todavía,triste
la verdad me tocó repetir el tramite porque perdieron mis papeles,enojo
es que perdi mi negocio y no se como seguir y eso me duele,triste
me toca salir tarde y me da miedo en la calle y eso me duele,miedo
nos reconciliamos,feliz
oye defendi mi proyecto y quede bien,feliz
ahora mismo mi grupo hizo el trabajo sin contar conmigo y me tiene agotado,triste
lo que pasa es que siento que no soy tan inteligente como los demas y me afecta mucho,triste
hoy ya no hablo con alguien que queria mucho,triste
bro tengo panico de fallar cuando todos confian en mi la verdad,miedo
todo el mundo sigue y yo estoy quieto,triste
en serio me descuentan del sueldo cosas que no firmé y no puedo evitarlo,enojo
sinceramente estoy muy triste y no se que hacer,triste
te juro que me escribieron solo para reclamarme y me afecta mucho,enojo
desde hace dias hoy amaneci con mucha energia y ya,feliz
te juro que hable con alguien nuevo y no fue tan malo,feliz
no se si contarte pero nadie reconocio lo que aporte pero necesitaba decirlo,enojo
te cuento que estoy muy mamado de todo y eso me duele,triste
oye mi abuelo ya no esta la verdad,triste
lo que pasa es que el resultado me tiene muy angustiado pero no digo nada,miedo
definitivamente me siento orgulloso desde hace dias,feliz
la verdad siento que perdi una etapa de mi vida y ya,triste
la verdad me preocupa no poder lograrlo pero no digo nada,miedo
te cuento que todo lo que construi se cayo todo el tiempo,triste
es que todo esta fluyendo muy bien ultimamente de verdad,feliz
fijate que me tiene muy preocupado lo que esta pasando la verdad,miedo
la verdad me cambiaron las condiciones a ultimo momento la verdad,enojo
en este momento todo me fastidia otra vez,enojo
hoy no me dejaron hablar y me afecta mucho,enojo
me hicieron firmar algo que no entendi pero bueno,enojo
es que hoy hice algo que me daba mucho miedo y salio bien y no se que hacer,feliz
oye me hablaron muy mal la verdad,enojo
definitivamente me siento muy triste en este momento,triste
desde ayer me siento inseguro por todo lo que paso,miedo
me regalaron algo que queria hace mucho pero bueno,feliz
en serio que alegria me da ver tus logros,feliz
desde hace dias nadie hace las cosas bien aqui otra vez,enojo
oye se rieron de como me exprese de verdad,enojo
sinceramente me graduo este sabado y me tiene mal,feliz
ultimamente perdi algo muy importante de verdad,triste
es que me embargaron la cuenta y no entiendo por que y nadie lo sabe,miedo
te cuento que me hicieron repetir el tramite tres veces y no puedo evitarlo,enojo
vieja me salio el cupo en el sena,feliz
ultimamente hoy fue maravilloso en este momento,feliz
oye me canse de pedir ayuda y no recibirla y nadie lo entiende,triste
resulta que que mal tipo,enojo
ahora mismo no puedo creer lo que hicieron y me tiene mal,enojo
eso estuvo muy feo y no sé qué hacer,enojo
la verdad hoy me fue de pelos y nadie lo sabe,feliz
me pusieron a hacer el trabajo de todos parce,enojo
te cuento que estoy con el animo muy por el piso y no se que hacer,triste
oye me saca de quicio que no cambien nada,enojo
fijate que alguien noto que estaba bien y me lo dijo y me cuesta mucho,feliz
es que tengo panico de perder lo que tengo,miedo
que buena suerte la mia hoy en serio,feliz
la verdad todo me irrita ultimamente,enojo
me tiene completamente harto y me afecta mucho,enojo
no te miento me mintieron en mi cara la verdad,enojo
hoy me siento vacio y me duele mucho,triste
hoy ya no tengo ganas otra vez,triste
fijate que me aterra quedar mal frente a todos pero bueno,miedo
en serio me toco irme del barrio que queria,triste
desde ayer estoy demasiado molesto ultimamente,enojo
desde hace dias todo me pesa demasiado y no lo puedo ocultar,triste
sinceramente estoy cansado mentalmente por todo lo que paso,triste
en serio que impotencia siento con todo esto,enojo
consegui apartamento en arriendo bien precio de verdad,feliz
fijate que extraño como eran las cosas antes,triste
hermano extraño mucho a las personas que ya no estan parce,triste
te cuento que mi mejor amigo se fue para otro pais y me tiene mal,triste
ahora mismo me hablaron muy mal y es agotador,enojo
fijate que me dejo mi novia y estoy muy bajoneado de verdad,triste
parce me aprobo el credito el banco de verdad,feliz
oye llegue a tiempo a todo y eso me pesa,feliz
sinceramente estoy muy triste con lo que paso,triste
estoy muy contento con el resultado y estoy muy agradecido,feliz
hoy hoy me fue de pelos y ya,feliz
mira me echaron la culpa de algo que hizo otro y no puedo evitarlo,enojo
la verdad me siento furioso otra vez,enojo
ultimamente hoy descanse muy bien la verdad,feliz
hoy tengo miedo de que me rechacen si digo lo que pienso y no es facil admitirlo,miedo
te cuento que me mandaron de una oficina a otra sin solucion pero necesitaba decirlo,enojo
la verdad me siento lleno de energia desde hace dias,feliz
definitivamente me da mucha rabia todo el tiempo,enojo
ultimamente estoy disfrutando mucho esta semana,feliz
me dejo mi novia y estoy muy bajoneado la verdad,triste
hoy me tocó pagar una multa que no era justa de verdad,enojo
sinceramente no puedo mas con tanto pero no digo nada,triste
vieja estoy con el animo muy por el piso,triste
ultimamente tengo panico y eso me preocupa,miedo
oye estoy furioso contigo y no lo entiendo,enojo
sinceramente tuve que fingir que estaba bien toda la noche pero necesitaba decirlo,triste
tengo panico de fallar cuando todos confian en mi de verdad,miedo
cambiaron todo sin avisarme,enojo
llegó mi pedido,feliz
ultimamente el resultado me tiene muy angustiado otra vez,miedo
hoy siento mucha presion desde hace dias,miedo
fijate que me llamaron de la empresa y no dijeron para que de verdad,miedo
hoy fallecio alguien cercano sinceramente,triste
en serio me siento muy decaido en este momento y no se como seguir,triste
oye me comparan con otros y eso me molesta mucho y no se que hacer,enojo
hoy todo me irrita otra vez,enojo
siento que voy a fallar manana pero bueno,miedo
no te miento aprobe la materia que tenia perdida y me cuesta mucho,feliz
te juro que me di cuenta que nadie me busca si yo no busco y me cuesta aceptarlo,triste
hoy tengo miedo de lo que piensen de mi,miedo
no se para donde voy y eso me asusta y me pone triste de verdad,triste
te cuento que me da pena hablar en publico y manana me toca y eso me duele,miedo
mira me pusieron obstaculos que no tenian sentido y nadie lo sabe,enojo
me duele mucho lo que me dijeron de verdad,triste
te juro que tengo miedo de que no me entiendan sinceramente,miedo
te cuento que estoy con las personas que amo y es agotador,feliz
tengo miedo de decir algo y que lo tomen mal,miedo
lo que pasa es que me da terror que noten que estoy nervioso pero necesitaba decirlo,miedo
para serte honesto me rechazaron y duela mucho y es agotador,triste
estoy muy alegre con lo que vivo y no lo puedo creer,feliz
lo que pasa es que no logre lo que esperaba y me afecta mucho,triste
estoy muy asustado con lo que puede pasar de verdad,miedo
te digo que siento un vacio muy grande en mi y me duele mucho,triste
la verdad me dejaron y no puedo evitarlo,triste
la verdad estoy muy nervioso con esa vuelta y me tiene mal,miedo
hoy por fin me compre lo que queria,feliz
en serio gane el concurso y ya,feliz
oye estoy rodeado de gente y me siento solo,triste
mira me llamaron para el trabajo en medellin y ya,feliz
en este momento me siento feliz y me encanta,feliz
me angustia no saber como interpretar eso y me afecta mucho,miedo
hoy me toco el dia libre y me tiene mal,feliz
desde hace dias prometieron y no cumplieron todo el tiempo,enojo
desde ayer estoy disfrutando mucho esta semana,feliz
fijate que me pidieron algo de ultimo momento y no se que hacer,enojo
sinceramente hoy fue maravilloso otra vez,feliz
cargue con toda la responsabilidad del grupo y no se como manejarlo,enojo
te cuento que vi algo que me dejo muy intranquilo la verdad,miedo
no te miento publico algo que me dejo muy mal,triste
no se si contarte pero usaron lo que les conte en mi contra y eso me tiene mal,enojo
me tiene con los nervios destrozados hermano,miedo
no puedo evitar que tengo un miedo muy grande en este momento y no se que hacer,miedo
ahora mismo me siento nervioso desde hace dias,miedo
la verdad me pagan mal y me exigen demasiado,enojo
hermano que descaro tan grande el de esa gente hermano,enojo
mira me interrumpieron todo el tiempo todo el tiempo,enojo
en serio me pone muy ansioso pensar en eso y nadie lo sabe,miedo
te cuento que me salio el traslado que pedi hermano,feliz
hoy termine de pagar mi deuda y ya,feliz
honestamente me parece terrible lo que hiciste y no lo entiendo,enojo
mira me asusta no saber si voy a conseguir trabajo y nadie lo entiende,miedo
sinceramente hoy fui honesto y salio bien y trato de disimularlo,feliz
no te miento me pone muy ansioso pensar en eso,miedo
te juro que no te soporto mas,enojo
ultimamente estoy agradecido por todo otra vez,feliz
ultimamente prometieron y no cumplieron todo el tiempo,enojo
mira me dejaron solo en esto pero no digo nada,triste
mira estoy esperando una respuesta y me tiene nervioso,miedo
no te miento me hicieron sentir que molestaba y nadie lo sabe,enojo
hicimos sancocho en familia y fue muy rico y ya,feliz
mira no alcance el cupo en la universidad publica y me cuesta mucho,triste
honestamente me irritas con ese comportamiento,enojo
en serio me siento en paz todo el tiempo,feliz
sabes que estoy muy agradecido por todo y estoy muy agradecido,feliz
sinceramente no voy a tolerar esto mas de verdad,enojo
mira me graduo el sabado en el paraninfo de verdad,feliz
mira lo que paso me etiquetaron en algo que me alegro el dia y no es facil admitirlo,feliz
la verdad nacio mi hija de verdad,feliz
realmente me siento sin energia desde hace dias,triste
ahora mismo me dejo de seguir en redes sociales pero necesitaba decirlo,triste
la verdad me robaron el celular y estoy muy mal y no puedo evitarlo,triste
te cuento que manana tengo una prueba importante y estoy nervioso y no puedo evitarlo,miedo
la verdad termine de pagar mi deuda de verdad,feliz
ultimamente me reportaron sin motivo y me bloquearon la cuenta bro,enojo
realmente no se que va a pasar y no se que hacer,miedo
lo que pasa es que tengo un presentimiento muy malo y es agotador,miedo
para serte honesto me dieron la beca y necesito que alguien me entienda,feliz
fijate que estoy muy molesto con lo que hicieron,enojo
sinceramente tengo miedo de decir algo y que lo malinterpreten y me cuesta aceptarlo,miedo
me tiene muy bajoneado lo que paso y no puedo evitarlo,triste
la verdad me hicieron perder un dia entero sinceramente,enojo
es que termine el curso que venia haciendo,feliz
te cuento que me cobraron mas de lo que decia el precio,enojo
en serio no me dejaron hablar pero no digo nada,enojo
en serio me prometieron el trabajo y al final le dieron a otro hermano,enojo
te digo que estoy muy nervioso y asustado por todo y no puedo calmarlo,miedo
es que me siento muy achantado hoy parce,triste
no se si contarte pero se rieron de como me exprese pero necesitaba decirlo,enojo
hoy mi abuelo ya no esta la verdad,triste
en este momento me siento motivado y no se que hacer,feliz
me da pena decirlo pero tengo miedo de que me rechacen si digo lo que pienso sinceramente,miedo
oye perdi la materia que mas me esforcé y no puedo evitarlo,triste
desde hace dias no logre lo que esperaba y necesito que alguien me entienda,triste
fijate que siento que fracase otra vez,triste
mira lo que paso por fin me contestaron pero ya no puedo mas,feliz
la verdad mi abuela ya no esta y no se que hacer,triste
te cuento que me pone muy nervioso tener que dar explicaciones y me cuesta mucho,miedo
ahora mismo siento demasiado temor y me afecta mucho,miedo
hoy estoy esperando una respuesta y me tiene nervioso y no lo puedo ocultar,miedo
para serte honesto no me merecia este trato todo el tiempo,enojo
ahora mismo ya no quiero hablar esta semana,triste
mira todo el mundo sigue y yo estoy quieto pero bueno,triste
mira me tocó pagar una multa que no era justa y nadie lo sabe,enojo
es que todo tiene sentido ahora la verdad,feliz
realmente recibi buenas noticias y no se que hacer,feliz
sabes que me siento muy feliz con mi familia sin duda,feliz
es que me saca de quicio todo esto y es agotador,enojo
en serio estoy muy mamado de todo y nadie lo sabe,triste
honestamente que mal te portas siempre y me parece muy mal,enojo
mira me preocupa tanto que no puedo dormir de verdad,miedo
es que eres un egoista de primera y punto,enojo
me cambiaron el turno sin avisarme,enojo
en serio perdi algo muy importante sinceramente,triste
desde hace dias todo esta mal organizado y no puedo evitarlo,enojo
es que estoy muy nervioso por los resultados y no se que hacer,miedo
me enoja mucho lo que dijiste y no lo voy a tolerar,enojo
mira me tienen hasta la coronilla pero bueno,enojo
mira me produce mucho enojo esto,enojo
lo que pasa es que me preocupa tanto que no puedo dormir otra vez,miedo
fijate que pude decir lo que sentia sin miedo y eso me tiene mal,feliz
es que me cambiaron las condiciones a ultimo momento la verdad,enojo
desde ayer ya no se que hacer,triste
desde hace dias no tuve ganas de comer y ya,triste
parce me embargaron la cuenta y no entiendo por que,miedo
hoy se burlaron de algo que me costo decir y no es facil admitirlo,enojo
honestamente siento una rabia que no te imaginas,enojo
la verdad estoy emocionado en este momento,feliz
ahora mismo todo tiene sentido ahora de verdad,feliz
hoy me aterra quedar mal frente a todos y ya,miedo
fijate que todo me genera ansiedad ultimamente la verdad,miedo
parce estoy con el animo muy por el piso,triste
estoy muy satisfecho con todo y no lo puedo creer,feliz
ahora mismo tengo miedo de que mi respuesta suene agresiva y no lo digo seguido,miedo
mira lo que paso me copiaron el trabajo y lo publicaron como propio y no se como manejarlo,enojo
bro me eliminaron del grupo sin decir nada,enojo
fijate que siento que voy por buen camino y no se que hacer,feliz
es que me salio todo bien y no me lo esperaba y nadie lo entiende,feliz
es que mi familia esta bien todo el tiempo,feliz
es que mi jefe quedo contento con mi trabajo y no se como manejarlo,feliz
no se no se para donde voy y eso me asusta y me pone triste,triste
la verdad me preocupa el futuro ultimamente,miedo
mira logre lo que queria y no se que hacer,feliz
lo que pasa es que estoy con las personas que amo la verdad,feliz
estoy muy alegre con lo que vivo en serio,feliz
realmente todo esta mejorando ultimamente,feliz
fijate que me pelee con mi mejor amigo y me duele mucho pero bueno,triste
es que me perdi un momento importante la verdad,triste
me da pena decirlo pero hicieron como si yo no existiera en la reunion y no es facil admitirlo,enojo
oye siento que estoy decepcionando a todos,triste
es que me tiene muy triste esta vuelta y no es facil,triste
te digo que me encontre plata en un bolsillo que no sabia bro,feliz
fijate que me pidieron que fuera a una reunion sin decirme de que y nadie lo sabe,miedo
la verdad me siento destruido otra vez,triste
es que hoy no tuve que madrugar y lo disfrute y ya,feliz
para serte honesto me dijeron que cambie como si estuviera mal ser yo y trato de disimularlo,triste
hoy no es la primera vez y eso me tiene agotado y no es facil admitirlo,enojo
la verdad estoy muy frustrado con todo esto y ya,enojo
sinceramente siento que el miedo no me deja avanzar y ya,miedo
honestamente eres un egoista de primera y me parece muy mal,enojo
te juro que me tiene harto que siempre pase lo mismo y me tiene pensando mucho,enojo
sinceramente me dieron la beca y necesito que alguien me entienda,feliz
ahora mismo llevo dias aguantando esto y ya no puedo y me pesa cargarlo solo,enojo
en serio publicaron algo mio sin pedirme permiso y trato de disimularlo,enojo
mira lo que paso no se si estan enojados conmigo o es mi imaginacion y me tiene agotado,miedo
te digo que me dieron acceso a la oportunidad que queria y no puedo evitarlo,feliz
la verdad todo salio perfecto ultimamente,feliz
desde ayer que problema tan absurdo y me afecta mucho,enojo
fijate que no pude comer hoy todavía,triste
hoy ya no tengo energia para nada de lo que antes me gustaba y me afecta,triste
la verdad tengo miedo de que todo cambie la verdad,miedo
es que tengo panico de que algo malo pase,miedo
me salio el negocio que queria,feliz
fijate que me ignoraron cuando trate de explicarme y me cuesta mucho,enojo
es que pague y no me dieron lo que ofrecieron de verdad,enojo
realmente estoy cansado mentalmente otra vez,triste
me hace feliz saber que estas bien,feliz
fijate que no quiero que me hables mas,enojo
desde ayer me siento orgulloso y no se que hacer,feliz
que fastidio me da esta situacion,enojo
vieja mi mejor amigo se fue para otro pais y nadie lo sabe,triste
te cuento que estoy apostando todo a esto,miedo
ultimamente no tuve ganas de comer y necesito que alguien me entienda,triste
mira me asusta mucho lo que esta pasando en el barrio y nadie lo sabe,miedo
hoy me tratan diferente y no entienden por que me molesta y me afecta mucho,enojo
sinceramente me tienen hasta la coronilla,enojo
fijate que sonrei todo el tiempo pero por dentro lloraba pero ya no puedo mas,triste
estoy temblando de nervios y no se que hacer,miedo
en serio me cayo muy bien esa persona la verdad,feliz
es que tengo panico de que algo que dije llegue a las manos equivocadas y me cuesta aceptarlo,miedo
realmente que problema tan absurdo,enojo
fallecio alguien cercano,triste
la verdad tengo panico de fallar frente a todos de verdad,miedo
te juro que me borraron un comentario que tenia toda la razon la verdad,enojo
hermano mi familia esta pasando un momento muy dificil,triste
ya no quiero hablar de eso porque nadie entiende y ya,triste
sabes que estoy muy feliz con el resultado sin duda,feliz
oye siento que me estoy quedando sin opciones y no se que hacer,miedo
sabes que que dia tan especial fue hoy y estoy muy contento,feliz
te cuento que no se si estoy listo para esto y no puedo evitarlo,miedo
en serio estoy muy apenado con lo que paso,triste
la verdad es que el profesor me humillo frente a todos y me cuesta mucho,triste
desde hace dias llevo dias aguantando esto y ya no puedo pero necesitaba decirlo,enojo
oye me tocó repetir el tramite porque perdieron mis papeles y no es facil,enojo
la verdad consegui el trabajo y no lo puedo ocultar,feliz
me da ansiedad ver cuanta gente vio mi historia y me tiene pensando mucho,miedo
desde hace dias me mandaron audio de voz gritando y quisiera que alguien me ayudara,enojo
desde ayer siento demasiado temor y me afecta mucho,miedo
lo que pasa es que me dijeron que era muy sensible por sentirme mal pero necesitaba decirlo,enojo
realmente me preocupa el futuro todo el tiempo,miedo
me excluyeron de la decision sin explicacion pero necesitaba decirlo,enojo
te juro que me siento muy pleno con lo que estoy haciendo y no se que hacer,feliz
la verdad me da susto pedir el favor porque me da pena hermano,miedo
estoy muy apenado y no puedo superarlo y no lo puedo superar,triste
definitivamente no quiero salir solo en este momento,miedo
en este momento tengo miedo de hablar ultimamente,miedo
en serio hoy fue exactamente lo que necesitaba y nadie lo entiende,feliz
lo que pasa es que tengo una entrevista y me muero del susto sinceramente,miedo
es que capturaron una conversacion privada y la compartieron men,enojo
realmente tengo panico,miedo
lo que es cierto es que que buen dia para estar bien de verdad,feliz
no puedo creer que me saca de quicio esa actitud y me parece muy mal,enojo
en serio ya no aguanto mas todo el tiempo,enojo
me prometieron algo y no lo cumplieron y no puedo evitarlo,enojo
hoy logre ahorrar lo que necesitaba de verdad,feliz
no se si contarte pero me eliminó de sus contactos sin decir nada y no es facil admitirlo,triste
te juro que me mandaron buenas noticias por whatsapp y eso me tiene mal,feliz
te cuento que no tengo plan b si esto falla y me tiene mal,miedo
te juro que me da miedo no estar a la altura de lo que se espera men,miedo
mira me dejo mi novio y estoy muy mal,triste
para serte honesto aprobe la materia que tenia perdida y trato de disimularlo,feliz
hermano estoy muy mamado de todo y eso me duele,triste
la verdad hoy me fue de pelos y no es facil,feliz
vieja me hicieron fila tres horas y no me atendieron y no puedo evitarlo,enojo
me tiene muy apagado esta situacion pero bueno,triste
sinceramente eres un irresponsable total,enojo
me dieron informacion falsa y no se que hacer,enojo
mira me tiene muy preocupado lo que esta pasando y me tiene mal,miedo
lo que pasa es que me entristece mucho lo que hiciste de verdad,triste
sinceramente no se para donde voy y eso me asusta y me pone triste,triste
en serio estoy muy mamado de todo la verdad,triste
no puedo evitar que siento mucha ansiedad por lo desconocido y no se que hacer,miedo
es que me invitaron a participar en algo importante de verdad,feliz
es que no me dejaron terminar de hablar pero bueno,enojo
de verdad que dia tan especial fue hoy para mi y es lo mejor que me paso,feliz
para serte honesto me da terror que noten que estoy nervioso y eso me tiene mal,miedo
hoy me cayo del cielo esa noticia y no es facil,feliz
es que no me puedo sacar esta sensacion de encima y me afecta,miedo
oye me salio el primer cliente,feliz
en serio tengo miedo de haber arruinado algo sin saberlo y no es facil admitirlo,miedo
en serio me siento muy agradecido con la vida hoy,feliz
la verdad me tienen hasta la coronilla hermano,enojo
no se estoy cansado de aparentar que todo esta bien bro,triste
ultimamente pase el semestre sin perder nada y me cuesta mucho,feliz
el transporte salio tardisimo y llegue tarde por eso de verdad,enojo
ultimamente me da miedo no estar a la altura de lo que se espera y nadie lo entiende,miedo
te cuento que siento que las cosas mejoran y no puedo evitarlo,feliz
me dejo mi novio y estoy muy mal y no es facil,triste
en serio estoy emocionalmente agotado sinceramente,triste
hoy me siento muy desconectado de todo y de todos y ya,triste
men publicaron algo mio sin pedirme permiso,enojo
la verdad el transporte salio tardisimo y llegue tarde por eso y eso me duele,enojo
mira vi que me sacaron de un grupo y no dije nada men,triste
desde hace dias dije algo que no quise decir y no se como explicarlo y me cuesta mucho,triste
te juro que vi que estaba en linea pero no me respondio pero necesitaba decirlo,triste
es que no puedo creer que hayan hecho eso y no se que hacer,enojo
para serte honesto siento que cargue solo con todo y es agotador,triste
ahora mismo estoy demasiado cansado desde hace dias,triste
te cuento que me fue bien en el icfes y ya,feliz
siento una tristeza profunda que no pasa de verdad,triste
en serio me molesta tu actitud de siempre,enojo
me dicen que exagero cuando digo como me siento,enojo
te juro que eres muy desconsiderado con los demas y no lo voy a tolerar,enojo
es que me invitaron a participar en algo importante y no puedo evitarlo,feliz
me siento muy afortunado y no lo puedo creer,feliz
es que eso no estuvo bien para nada,enojo
es que dije algo que no quise decir y no se como explicarlo y trato de disimularlo,triste
que irresponsable eres en serio y punto,enojo
es que me interrumpieron cada vez que hable de verdad,enojo
fijate que me tiene muy bajoneado lo que paso y no se que hacer,triste
hoy me aterra quedar mal frente a todos de verdad,miedo
tengo miedo de llegar a cierta edad sin haber logrado nada y me cuesta aceptarlo,miedo
en serio tengo panico de no saber como actuar en esa situacion y eso me tiene mal,miedo
en serio me dieron la beca de la universidad publica hermano,feliz
en serio me tienes harto de verdad y no lo entiendo,enojo
en serio hoy fue un dia increible de verdad y no se que hacer,feliz
en serio no tengo con quien hablar pero no digo nada,triste
ahora mismo estoy rodeado de gente y me siento solo pero no digo nada,triste
mira me pone muy nervioso hablar en publico y me afecta mucho,miedo
no se me preocupa mucho el futuro economico,miedo
no se me comparan con otros y eso me molesta mucho y me tiene pensando mucho,enojo
hoy no hubo trafico hoy todo el tiempo,feliz
mira tengo un mal presentimiento con eso parce,miedo
me da miedo decepcionarme a mi mismo y ya,miedo
para serte honesto ya no esta la persona que queria y no puedo evitarlo,triste
te cuento que llevo dias sin ganas de nada y ya,triste
sinceramente me asusta pensar en el futuro y no se que hacer,miedo
te juro que me tiene indignado lo que paso,enojo
ahora mismo me salio rico lo que cocine y ya,feliz
sinceramente tengo miedo de fallar,miedo
es que me graduo este sabado de verdad,feliz
me siento muy mal,triste
sinceramente que irresponsable eres con todo sin excusas,enojo
es que tengo miedo de ver lo que me respondieron y trato de disimularlo,miedo
oye ya no hablo con alguien que queria mucho y no puedo evitarlo,triste
hermano me aterra quedar mal frente a todos la verdad,miedo
desde hace dias me preocupa tanto que no puedo dormir,miedo
lo que pasa es que hoy no tuve que fingir que estaba bien pero ya no puedo mas,feliz
en serio tengo miedo de decir algo y que lo tomen mal pero bueno,miedo
hoy me citaron a declarar y estoy muy nervioso parce,miedo
no se si contarte pero me respondieron con mala actitud sin razon y eso me tiene mal,enojo
te digo que siento una tristeza muy grande ahora,triste
mira me dicen que me esfuerce mas cuando ya doy todo y ya,enojo
eres completamente irresponsable y no lo entiendo,enojo
de verdad que alegria me da ver tus logros,feliz
no te miento me hablaron muy feo sin ninguna razon pero bueno,enojo
desde ayer me encanta este momento desde hace dias,feliz
me pone muy nervioso hablar en publico y no se que hacer,miedo
desde hace dias me pone ansioso salir de casa y eso me pesa,miedo
esto me parece una falta de respeto total y es agotador,enojo
parce me toco vender el carro que tanto queria la verdad,triste
sinceramente tengo miedo de decir algo y que lo tomen mal parce,miedo
me tiene muy cansado esta gente y no puedo evitarlo,enojo
es que mi grupo de trabajo funciono muy bien y trato de disimularlo,feliz
te cuento que mi mejor amigo se fue para otro pais,triste
tengo temor de que todo cambie de golpe y eso me preocupa mucho,miedo
ahora mismo me da ansiedad cuando hay silencio en la conversacion y quisiera que alguien me ayudara,miedo
hoy no supe si era una broma o algo serio de verdad,triste
hoy hoy descanse bien por primera vez en mucho tiempo y no es facil,feliz
ahora mismo hoy fue un dia muy gris otra vez,triste
por fin termine el proyecto y necesito que alguien me entienda,feliz
la verdad me tiene muy irritado todo esto y eso me duele,enojo
hoy me siento nervioso y no se que hacer,miedo
hoy no se que va a pasar otra vez,miedo
no te miento prometieron y no cumplieron y me afecta mucho,enojo
mira que tengo que madrugar,triste
la verdad es que dije algo que no quise decir y no se como explicarlo y quisiera que alguien me ayudara,triste
siento una soledad muy grande ahora,triste
me prometieron el trabajo y al final le dieron a otro la verdad,enojo
lo que pasa es que eres un desconsiderado y me parece muy mal,enojo
estoy muy nervioso de cara a lo que viene y eso me preocupa mucho,miedo
fijate que me sacaron de la jugada sin ninguna explicacion,enojo
oye tengo miedo de decir algo fuera de lugar y no es facil admitirlo,miedo
oye perdi una oportunidad importante todo el tiempo,triste
en serio me dieron una sorpresa muy bonita hoy parce,feliz
desde ayer todo me afecta demasiado,triste
hoy no pude ir a la graduacion y nadie lo sabe,triste
te digo que hoy el clima estuvo perfecto y me tiene pensando mucho,feliz
no te miento siento que el tiempo paso y yo no hice nada pero bueno,triste
hoy nacio mi hijo sinceramente,feliz
me entristece mucho esta situacion y quisiera que no fuera así,triste
oye pague y no me dieron lo que ofrecieron de verdad,enojo
lo que pasa es que me cansas con tanta excusa,enojo
te juro que tengo miedo de que las cosas cambien de repente y no puedo evitarlo,miedo
me dicen que me esfuerce mas cuando ya doy todo y ya,enojo
oye me siento solo aunque este rodeado de gente y ya,triste
lo que pasa es que me entristece mucho la distancia entre nosotros,triste
el medico me dijo que necesita hablar conmigo y ya,miedo
fijate que me tiene muy apagado esta situacion y no puedo evitarlo,triste
es que perdi algo muy importante la verdad,triste
lo que pasa es que me dejo en visto y no respondio y trato de disimularlo,triste
me duele mucho lo que me dijeron y me duele mucho,triste
la verdad todo el mundo esta en planes y yo solo en casa y no es facil,triste
oye me tiene harto que siempre pase lo mismo la verdad,enojo
lo que pasa es que hoy llore sin saber por que y me afecta mucho,triste
estoy muy mamado de todo de verdad,triste
en serio hicimos sancocho en familia y fue muy rico la verdad,feliz
para serte honesto estoy realmente indignado y es agotador,enojo
me pone muy ansioso pensar en eso y eso me duele,miedo
lo que pasa es que me fue bien en la sustentacion,feliz
oye perdi tiempo en algo que no valio y ya,enojo
en serio mi familia esta pasando un momento muy dificil y no es facil,triste
no te miento termino mi carrera,feliz
mira lo que paso me dejo en visto y no respondio y no puedo evitarlo,triste
que problema tan absurdo en este momento,enojo
hoy me echaron sin explicacion,triste
no te miento me pone muy nervioso tener que dar explicaciones y me tiene mal,miedo
estoy que no me la creo y no es facil,feliz
la verdad eso me pone muy furioso parce y ya,enojo
no te miento se fue mi perro hoy,triste
mira me angustia saber que todo queda guardado en internet,miedo
no te miento siento que el tiempo paso y yo no hice nada y me afecta,triste
me preocupa no poder pagar el arriendo el otro mes hermano,miedo
no hice la tarea y me afectó mucho,miedo
tengo panico de decir algo y que lo malinterpreten y trato de disimularlo,miedo
es que tengo miedo de que me rechacen si digo lo que pienso y trato de disimularlo,miedo
no puedo evitar que tengo un presentimiento muy malo,miedo
me da miedo decepcionarme a mi mismo de verdad,miedo
sinceramente siento una soledad muy grande ahora y me duele mucho,triste
te cuento que nacio mi hijo,feliz
sinceramente estoy disfrutando mucho y no se que hacer,feliz
lo que pasa es que me salio rico lo que cocine y no se que hacer,feliz
me tocó pagar una multa que no era justa y nadie lo sabe,enojo
termine mi tesis de verdad,feliz
parce me da mucha pena decirle eso a la gente,miedo
men ya no tengo energia para nada de lo que antes me gustaba y me tiene pensando mucho,triste
es que me dejaron y no puedo evitarlo,triste
me dieron informacion falsa sinceramente,enojo
tengo miedo de equivocarme y arrepentirme despues y no puedo evitarlo,miedo
no te miento publicaron algo mio sin pedirme permiso sinceramente,enojo
ultimamente no supe si era una broma o algo serio y no puedo evitarlo,triste
definitivamente no quiero salir solo y me afecta mucho,miedo
hoy mi familia esta pasando un momento muy dificil y nadie lo sabe,triste
fijate que estoy que no me la creo y no es facil,feliz
en serio me pusieron a hacer el trabajo de todos y no se que hacer,enojo
hoy sali del pais por primera vez y me afecta,feliz
desde ayer me hicieron perder el tiempo otra vez,enojo
lo que pasa es que me da terror que noten que estoy nervioso sinceramente,miedo
me trataron como si yo fuera el problema pero bueno,enojo
mira me aterra quedar mal frente a todos la verdad,miedo
lo que pasa es que siento que perdi algo muy importante y no lo puedo superar,triste
fijate que extraño mucho a las personas que ya no estan y me tiene mal,triste
mi abuela ya no esta de verdad,triste
es que me cancelaron la cita sin avisar y ya,enojo
fijate que me cayo muy bien esa persona parce,feliz
la verdad estoy al limite de mi paciencia todo el tiempo,enojo
la verdad es que alguien noto que estaba bien y me lo dijo y quisiera que alguien me ayudara,feliz
te cuento que llevo dias sin ganas de nada,triste
sinceramente alguien me entendio sin que yo explicara mucho de verdad,feliz
oye me bloquearon sin darme ninguna explicacion men,enojo
hoy no tuve que madrugar y lo disfrute y ya,feliz
definitivamente todo me pone mal y no se que hacer,triste
es que me tiene harto esta situacion en serio,enojo
te cuento que compre mi primera casa y me afecta,feliz
hoy que buena noticia para empezar el dia de verdad,feliz
desde hace dias termino mi carrera y no lo puedo ocultar,feliz
oye me tienen muy hastiado con lo mismo,enojo
hoy me tratan diferente y no entienden por que me molesta y no es facil admitirlo,enojo
para serte honesto vi que estaba en linea pero no me respondio y no lo digo seguido,triste
en este momento ya no se que hacer todo el tiempo,triste
no te miento siento que el tiempo paso y yo no hice nada y ya,triste
fijate que estoy muy cansado de lucharla solo pero bueno,triste
ya no quiero esforzarme todo el tiempo,triste
sinceramente estas actuando muy mal y eso no esta bien,enojo
siento que fracase y no puedo evitarlo,triste
te cuento que tengo miedo de decir algo y que lo tomen mal,miedo
la verdad estoy con una nota hoy,feliz
parce estoy muy asustado con lo que puede pasar,miedo
siento que finjo estar bien tan seguido que ya ni se y me tiene pensando mucho,triste
no se que quiero hacer con mi vida y me tiene pensando mucho,miedo
hoy tengo miedo de decir algo y que lo malinterpreten y me cuesta aceptarlo,miedo
en serio que felicidad tan grande siento ahora,feliz
me tienes agotado con tus cosas y eso no esta bien,enojo
parce me salio el traslado que pedi de verdad,feliz
me siento increible y no se que hacer,feliz
no estudie suficiente para esto y me afecta,miedo
realmente esto me molesta demasiado todo el tiempo,enojo
es que mi familia esta pasando un momento muy dificil y ya,triste
lo que es cierto es que me siento muy dichoso en este momento,feliz
me hicieron esperar demasiado y me tiene mal,enojo
en serio no puedo creer lo que hicieron y ya,enojo
mira me pusieron a hacer el trabajo de todos parce,enojo
fijate que hoy me di cuenta que avance mucho la verdad,feliz
hoy mi mejor amigo se fue para otro pais de verdad,triste
estoy muy nervioso con esa vuelta de verdad,miedo
hermano hoy fue un dia muy chévere la verdad,feliz
mira siento que estoy decepcionando a todos,triste
te juro que me dejo de seguir en redes sociales de verdad,triste
la verdad encontre lo que buscaba de verdad,feliz
me dijeron que era muy sensible por sentirme mal y me tiene agotado,enojo
me siento muy bien conmigo mismo y eso me pesa,feliz
ayer mañana presento y no he empezado nada,miedo
la verdad me mandaron un mensaje raro y no entiendo que quieren sinceramente,miedo
desde hace dias no supe si era una broma o algo serio y no lo digo seguido,triste
mira tengo miedo de que mis sueños no sean suficientes,miedo
te cuento que me tiene muy triste esta vuelta,triste
estoy muy triste y no se que hacer de verdad,triste
ahora mismo todo me afecta demasiado y me afecta mucho,triste
es que me siento muy desconectado de todo y de todos,triste
me cambiaron las condiciones a ultimo momento y me afecta,enojo
el medico me dijo que necesita hablar conmigo y nadie lo sabe,miedo
me senti aceptado como soy,feliz
realmente ya no quiero hablar y me afecta mucho,triste
ahora mismo esto arruino mi dia ultimamente,enojo
no te miento no voy a tolerar esto mas y es agotador,enojo
no te miento me tiene muy enojado esa situacion y eso me duele,enojo
hoy me dieron la beca de la universidad publica y nadie lo sabe,feliz
oye cambiaron todo sin avisarme pero necesitaba decirlo,enojo
te juro que me da ira tu actitud y punto,enojo
hoy me hablaron muy mal otra vez,enojo
resulta que me compre una moto,feliz
ahora mismo esto arruino mi dia y no se que hacer,enojo
para serte honesto me escribio la persona que me gusta y ya,feliz
para serte honesto me preocupa tanto que no puedo dormir y necesito que alguien me entienda,miedo
no puedo evitar que me da pavor la incertidumbre que siento y eso me preocupa mucho,miedo
definitivamente estoy muy enojado todo el tiempo,enojo
sinceramente me salio la receta que estaba intentando la verdad,feliz
no te miento lei el mensaje mal y arruine todo y no es facil admitirlo,triste
oye ya no aguanto mas esa situacion y no se que hacer,enojo
sinceramente extraño mucho a las personas que ya no estan y me tiene mal,triste
lo que pasa es que no me merecia este trato pero no digo nada,enojo
te cuento que me duele el alma y me afecta mucho,triste
hermano me toca salir tarde y me da miedo en la calle,miedo
en este momento estoy demasiado preocupado,miedo
me faltaron el respeto delante de todos y eso me duele,enojo
la verdad saque mi licencia de conducir,feliz
fijate que tengo miedo de haber arruinado algo sin saberlo y me cuesta mucho,miedo
ultimamente me pone muy nervioso hablar en publico y me afecta mucho,miedo
la verdad es que termine la semana sin ningun problema pero ya no puedo mas,feliz
hoy por fin me salio el pasaporte hermano,feliz
lo que pasa es que siento una pena enorme que no pasa y me duele mucho,triste
sinceramente me siento muy feliz y no se que hacer,feliz
desde ayer ya no tengo ganas y me duele mucho,triste
parce tengo miedo de que me rechacen si digo lo que pienso,miedo
hoy me citaron a declarar y estoy muy nervioso y ya,miedo
fijate que me toca salir tarde y me da miedo en la calle hermano,miedo
ultimamente tengo miedo de equivocarme y arrepentirme despues y ya,miedo
ahora mismo sonrei todo el tiempo pero por dentro lloraba sinceramente,triste
la verdad me prometieron algo y no lo cumplieron sinceramente,enojo
ultimamente dije algo que no quise decir y no se como explicarlo y no se como manejarlo,triste
desde ayer todo me afecta demasiado desde hace dias,triste
me sacaron de la jugada sin ninguna explicacion la verdad,enojo
hoy me angustia no saber si estoy en el camino correcto y me tiene pensando mucho,miedo
llegue y me dijeron que no habia cupo de verdad,enojo
lo que pasa es que me interrumpieron todo el tiempo la verdad,enojo
vieja me sacaron de la jugada sin ninguna explicacion hermano,enojo
resulta que eso estuvo muy feo y me afectó mucho,enojo
no te miento me pidieron que fuera a una reunion sin decirme de que,miedo
honestamente estoy muy enojado y estoy cansado,enojo
desde hace dias no supe como responder y ahora me arrepiento,triste
en serio me canse de pedir ayuda y no recibirla,triste
desde hace dias mi grupo hizo el trabajo sin contar conmigo y me afecta mucho,triste
la verdad es que me asusta mucho la situacion actual y no se que hacer,miedo
es que me di cuenta que nadie me busca si yo no busco pero bueno,triste
hoy me tiene muy desanimado todo esto y ya,triste
vieja hoy me senti muy a gusto con todo,feliz
parce me da mucha pena decirle eso a la gente hermano,miedo
hermano me tiene muy angustiado esa situacion la verdad,miedo
la verdad todo salio mal por todo lo que paso,triste
me saca de mis casillas esto,enojo
es que estoy muy asustado y no se que hacer y eso me preocupa mucho,miedo
es que por fin publique lo que venia trabajando men,feliz
es que se aprovecharon de que no sabia la verdad,enojo
ahora mismo la incertidumbre me tiene paralizado y me tiene mal,miedo
en serio cargue con toda la responsabilidad del grupo y no es facil admitirlo,enojo
oye tengo panico de no saber como actuar en esa situacion y quisiera que alguien me ayudara,miedo
me indigna tu forma de actuar y no lo voy a tolerar,enojo
mira que situacion tan frustrante esta,enojo
para serte honesto me escribieron para disculparse y me alegro y me tiene agotado,feliz
mira tengo miedo de que me juzguen la verdad,miedo
me quedé sin trabajo,triste
me graduo este mes de verdad,feliz
es que me fue de maravilla en la entrevista pero bueno,feliz
ultimamente esto me molesta demasiado en este momento,enojo
de verdad estoy muy apagado y sin motivacion,triste
siento que cargo con demasiado para mi edad de verdad,triste
fijate que tengo miedo de que me vaya mal en las parciales parce,miedo
me fui de viaje la verdad,feliz
para serte honesto tuve que fingir que estaba bien toda la noche y no se que hacer,triste
oye me case hoy pero necesitaba decirlo,feliz
en serio entregue el proyecto a tiempo y eso me tiene mal,feliz
desde ayer me preocupa demasiado esto y me afecta mucho,miedo
ahora mismo tengo mucho miedo y no puedo dormir,miedo
es que nos separamos despues de mucho tiempo,triste
hoy me senti aceptado como soy y no puedo evitarlo,feliz
me alegra mucho saber eso,feliz
sinceramente no puedo dejar de preocuparme y me afecta mucho,miedo
es que ya no quiero esforzarme y eso me pesa,triste
te digo que me comi algo rico y me alegro el dia,feliz
me da ansiedad conocer gente nueva pero no digo nada,miedo
hoy siento que todo el mundo sigue y yo me quede quieto y me tiene mal,triste
ultimamente el profesor me humillo frente a todos y me afecta mucho,triste
estoy muy asustado con lo que puede pasar hermano,miedo
realmente me siento motivado esta semana,feliz
te digo que dijeron mentiras sobre mi en redes la verdad,enojo
me siento muy motivado y feliz,feliz
mi familia esta pasando un momento muy dificil y me cuesta mucho,triste
fijate que me prometieron el trabajo y al final le dieron a otro y no puedo evitarlo,enojo
sinceramente me tiene muy apagado esta situacion parce,triste
en serio siento que no tengo proposito pero bueno,triste
ahora mismo el profesor me felicito por el trabajo y me cuesta mucho,feliz
mira me hicieron fila tres horas y no me atendieron hermano,enojo
sinceramente me tiene muy angustiado esa situacion hermano,miedo
vieja me toco irme del barrio que queria y ya,triste
la verdad es que estoy muy triste y sin animo de nada y no se como seguir,triste
me da pena decirlo pero me tratan diferente y no entienden por que me molesta sinceramente,enojo
de verdad estoy muy apenado y no puedo superarlo y no lo puedo superar,triste
realmente siento mucha presion desde hace dias,miedo
no aguanto mas esta semana,enojo
ultimamente estoy realmente indignado sinceramente,enojo
sinceramente me mandaron un mensaje muy agresivo pero necesitaba decirlo,enojo
hoy todo me irrita por todo lo que paso,enojo
de verdad me entristece ver como cambiaron las cosas y me duele mucho,triste
definitivamente me siento nervioso por todo lo que paso,miedo
fijate que las cosas estan saliendo como quiero y nadie lo sabe,feliz
ayer no pude comer hoy y ya,triste
fijate que no me merecia este trato,enojo
fijate que perdi mi trabajo hoy y no se que hacer,triste
en serio me prometieron el trabajo y al final le dieron a otro y nadie lo sabe,enojo
quedamos de una con el plan hermano,feliz
la verdad me siento orgulloso por todo lo que paso,feliz
oye hable con alguien nuevo y no fue tan malo,feliz
ahora mismo todo esta saliendo bien en este momento,feliz
eres la persona mas egoista que conozco de verdad,enojo
la verdad es que siento panico cuando pienso en eso y no se que hacer,miedo
te cuento que siento que algo esta pasando y nadie me dice que,miedo
me dieron la beca de la universidad publica y no puedo evitarlo,feliz
hermano me cayo muy bien esa persona,feliz
oye dije algo que no quise decir y no se como explicarlo pero ya no puedo mas,triste
es que me da terror pensar en esa posibilidad y me tiene muy nervioso,miedo
lo que pasa es que me duele mucho todo lo que ocurrio,triste
te juro que me mandaron audio de voz gritando y no se como manejarlo,enojo
sinceramente siento panico cuando pienso en eso y no se que hacer,miedo
mira siento que a nadie le importo y me afecta mucho,triste
men ya no aguanto mas esa situacion,enojo
es que me cambiaron el turno sin avisarme y nadie lo sabe,enojo
sinceramente me siento muy lejos de ser feliz otra vez,triste
sinceramente me fue muy mal en el examen y nadie lo entiende,triste
me angustia saber que todo queda guardado en internet y ya,miedo
te cuento que cambiaron todo sin avisarme,enojo
te cuento que consegui apartamento en arriendo bien precio y no puedo evitarlo,feliz
hoy no tuve que fingir que estaba bien y no puedo evitarlo,feliz
la verdad es que estoy muy apenado con lo que resulto,triste
de verdad me siento muy afortunado y es lo mejor que me paso,feliz
en serio hicieron algo injusto y nadie dijo nada y no lo puedo ocultar,enojo
definitivamente hoy fue un mal dia desde hace dias,triste
te cuento que hicieron lo que quisieron sin preguntarme nada,enojo
la verdad es que estoy muy nervioso con esta situacion y no puedo calmarlo,miedo
me da pena decirlo pero me ignoraron cuando trate de explicarme pero necesitaba decirlo,enojo
vieja me tiene muy angustiado esa situacion de verdad,miedo
desde hace dias no me merecia este trato de verdad,enojo
sinceramente nada tiene sentido ultimamente,triste
me paralizo cuando tengo que decidir y me afecta mucho,miedo
en serio me sacaron de la jugada sin ninguna explicacion pero bueno,enojo
mi pareja me sorprendio y no puedo evitarlo,feliz
en serio que buen resultado tuvimos hoy sin duda,feliz
no te miento hoy descanse muy bien sinceramente,feliz
en serio no puedo mas con esta situacion en serio,enojo
es que hoy fue un parche buenisimo y me tiene mal,feliz
es que tengo un mal presentimiento desde ayer,miedo
lo que pasa es que estoy muy apenado y sin palabras y no se como seguir,triste
ultimamente me angustia saber que todo queda guardado en internet de verdad,miedo
me regalaron algo que queria hace mucho y nadie lo sabe,feliz
me da pena decirlo pero me corrigieron el tono sin escuchar lo que dije y eso me tiene mal,enojo
de verdad siento una melancolía muy profunda y me duele mucho,triste
la verdad vi algo que me dejo muy intranquilo y ya,miedo
te digo que no me reconozco ultimamente,triste
hermano mi familia estuvo muy unida hoy,feliz
vieja me pone muy ansioso pensar en eso y nadie lo sabe,miedo
es que me dieron la nota que esperaba y nadie lo entiende,feliz
ultimamente nada tiene sentido todo el tiempo,triste
lo que pasa es que siento que nada tiene sentido ahora,triste
es que me asusta mucho la situacion actual y eso me preocupa mucho,miedo
en serio me pone muy ansioso pensar en eso hermano,miedo
ahora mismo no logre lo que esperaba sinceramente,triste
no te miento nadie me eligio para su equipo de verdad,triste
la verdad me tratan diferente por ser joven y no puedo evitarlo,enojo
fijate que me salio redondo todo hoy y ya,feliz
hoy me tiene muy molesto que nadie haga nada y no es facil,enojo
siento un miedo enorme que no puedo controlar y no puedo calmarlo,miedo
sinceramente tuve que fingir que estaba bien toda la noche y me cuesta mucho,triste
es que me sacaron de la jugada sin ninguna explicacion de verdad,enojo
ahora mismo termine todo lo que tenia pendiente y nadie lo entiende,feliz
honestamente que fastidio eres en serio y eso no esta bien,enojo
fijate que quede muy contento con el resultado de verdad,feliz
sinceramente ya no quiero esforzarme y no puedo evitarlo,triste
me usaron cuando les convenia y despues nada hermano,enojo
es que estoy muy mamado de todo de verdad,triste
sinceramente me tiene muy apagado esta situacion y no es facil,triste
en serio me da miedo decepcionarme a mi mismo,miedo
me siento muy achantado hoy y no puedo evitarlo,triste
no se si contarte pero no se si actue bien y eso no me deja tranquilo y no es facil admitirlo,miedo
te cuento que me pone muy nervioso tener que dar explicaciones y no puedo evitarlo,miedo
me siento muy contento con todo y no lo puedo creer,feliz
hoy tengo miedo de tomar una decision y que salga mal y no se que hacer,miedo
men me dicen que exagero cuando digo como me siento y ya,enojo
hoy siento que algo esta pasando y nadie me dice que la verdad,miedo
parce tengo un mal presentimiento con eso,miedo
te juro que no aguanto mas esta situacion,enojo
es que me asusta mucho no saber que hacer,miedo
es que ya no aguanto mas esa situacion,enojo
hoy estoy muy alegre con lo que vivo,feliz
desde hace dias logre cerrar el trato que necesitaba y quisiera que alguien me ayudara,feliz
ahora mismo alguien noto que estaba bien y me lo dijo y nadie lo entiende,feliz
me siento muy bien en este momento de verdad,feliz
desde ayer estoy demasiado cansado por todo lo que paso,triste
lo que pasa es que siento una tristeza que no puedo superar de verdad,triste
fijate que estoy muy nervioso con esa vuelta y no se que hacer,miedo
realmente nada tiene sentido y me afecta mucho,triste
desde hace dias me dijeron que me quieren y no se que hacer,feliz
me paraliza no saber cual es el camino correcto bro,miedo
es que hoy el clima estuvo perfecto de verdad,feliz
estoy muy bajo de animo desde entonces y quisiera que no fuera así,triste
te juro que publico algo que me dejo muy mal y eso me tiene mal,triste
te cuento que me toco irme del barrio que queria,triste
realmente estoy agradecido por todo y no se que hacer,feliz
hoy ya no hablo con mi parcero de toda la vida y nadie lo sabe,triste
me alegra mucho el resultado final sin duda,feliz
hoy tengo miedo de que me rechacen si digo lo que pienso parce,miedo
desde ayer me hicieron perder el tiempo todo el tiempo,enojo
mira no me toman en serio por mi edad la verdad,enojo
no te miento no es la primera vez y eso me tiene agotado y eso me tiene mal,enojo
mira lo que paso tengo miedo de caerle mal sin querer pero ya no puedo mas,miedo
desde hace dias publico algo que me dejo muy mal y quisiera que alguien me ayudara,triste
en serio mi familia se fue a vivir lejos y me siento solo la verdad,triste
me molesta mucho tu actitud y eso no esta bien,enojo
la verdad es que siento que perdi algo muy importante y no se como seguir,triste
ultimamente me preocupa el futuro desde hace dias,miedo
sinceramente no tengo plan b si esto falla,miedo
siento una rabia que no te imaginas de verdad,enojo
hoy perdi mi negocio y no se como seguir de verdad,triste
hoy hoy el clima estuvo perfecto de verdad,feliz
no se si contarte pero me quede callado cuando debi haber hablado pero necesitaba decirlo,triste
no te miento compre mi primera casa,feliz
mira se fue mi gato hoy sinceramente,triste
me da terror no saber que va a pasar y eso me preocupa mucho,miedo
hoy publico algo que me dejo muy mal y no lo digo seguido,triste
desde ayer todo me hace enojar en este momento,enojo
oye me siento realizado y ya,feliz
hoy me cobraron mas de lo que decia el precio pero bueno,enojo
no puedo evitar que me asusta pensar en las consecuencias de verdad,miedo
oye me fue bien en la sustentacion y no es facil admitirlo,feliz
vieja me tocó madrugar y no dormí nada y encima salio mal,triste
lo que pasa es que me siento muy mal emocionalmente y me duele mucho,triste
mira me enfurece tu actitud y me parece muy mal,enojo
me independice por fin de verdad,feliz
me siento muy decaido sin saber por que de verdad,triste
hoy fue mejor de lo que esperaba y nadie lo sabe,feliz
la verdad me dieron informacion falsa y no se que hacer,enojo
es que no alcance el cupo en la universidad publica de verdad,triste
para serte honesto no es la primera vez y eso me tiene agotado y nadie lo entiende,enojo
mira me hicieron perder un dia entero la verdad,enojo
la verdad no pude ir a la graduacion y ya,triste
parce me tiene muy triste esta vuelta y no puedo evitarlo,triste
es que me cambiaron las condiciones a ultimo momento y me afecta,enojo
en serio me asusta no saber si voy a conseguir trabajo de verdad,miedo
es que me tiene muy bajoneado lo que paso y me cuesta mucho,triste
oye me dieron la beca pero no digo nada,feliz
para serte honesto por fin termine el proyecto,feliz
fijate que me ignoraron durante horas y ya,enojo
en serio me tocó pagar una multa que no era justa la verdad,enojo
tengo miedo de que se den cuenta que no entiendo y me tiene agotado,miedo
te cuento que todo cambio de golpe y me afecta,triste
estoy muy apagado sin poder sonreir y no lo puedo superar,triste
sinceramente ya basta con esa actitud y punto,enojo
sinceramente ya les dije mil veces y no cambia nada y me pesa cargarlo solo,enojo
parce me siento re bien hermano,feliz
la verdad siento que algo no esta bien aunque todo parece normal,miedo
es que hice algo que me daba miedo y salio bien de verdad,feliz
sinceramente me hablaron muy mal pero no digo nada,enojo
oye me enferma tu comportamiento sin excusas,enojo
la verdad me da ansiedad publicar algo y que lo juzguen de verdad,miedo
en este momento estoy muy preocupado todo el tiempo,miedo
me robaron hoy y me afectó mucho,enojo
mira me fallaron cuando mas los necesitaba y me tiene mal,triste
oye me dijeron que me quieren y ya,feliz
mi mejor amigo se fue a vivir lejos de verdad,triste
estoy muy preocupado y con miedo,miedo
sinceramente me da mucho miedo estar solo en esto y me tiene muy nervioso,miedo
ahora mismo hoy no tengo que trabajar todo el tiempo,feliz
te cuento que no me gusto tu trabajo y no sé qué hacer,enojo
mira hoy me fue de pelos de verdad,feliz
estoy muy feliz con el camino que tome sin duda,feliz
no te miento me dejaron la verdad,triste
sinceramente el profesor me humillo frente a todos,triste
oye me ofrecieron un mejor cargo pero ya no puedo mas,feliz
desde hace dias tengo miedo de que mi respuesta suene agresiva y quisiera que alguien me ayudara,miedo
fuimos a la finca y fue muy bacano pero bueno,feliz
no puedo evitar que tengo miedo de cometer un error grave de verdad,miedo
la verdad es que me siento muy solo en este momento,triste
hoy me quitaron el like y eso me bajo el animo y me afecta,triste
no te miento me angustia no saber como interpretar eso y eso me tiene mal,miedo
la verdad estoy muy bacano con la noticia y me tiene mal,feliz
para serte honesto nadie hace las cosas bien aqui y no puedo evitarlo,enojo
hoy nacio mi hija la verdad,feliz
oye me rindo de intentarlo,triste
la verdad es que alguien me entendio sin que yo explicara mucho pero ya no puedo mas,feliz
sinceramente no puedo dejar de sentir miedo,miedo
sinceramente me mandaron audio de voz gritando y me tiene agotado,enojo
mira lo que paso termine todo lo que tenia pendiente y no puedo evitarlo,feliz
me enfurece tu actitud y punto,enojo
no te miento me tiene muy intranquilo todo esto pero bueno,miedo
parce me tocó madrugar y no dormí nada y encima salio mal de verdad,triste
sabes que que alegria tan grande la que siento de verdad,feliz
la verdad me eliminaron del grupo sin decir nada y nadie lo entiende,enojo
mira siento que algo se rompio dentro de mi y no lo puedo ocultar,triste
la verdad estoy muy mamado de todo y me cuesta mucho,triste
te digo que siento que algo esta muy mal y me asusta y me tiene muy nervioso,miedo
hoy me paralizo cuando tengo que decidir sinceramente,miedo
sinceramente me da terror mostrarme como soy de verdad y trato de disimularlo,miedo
me critican las decisiones sin conocer mi situacion la verdad,enojo
la verdad me toco el dia libre y no puedo evitarlo,feliz
hoy me tiene muy preocupado lo que esta pasando la verdad,miedo
honestamente que impotencia siento con todo esto,enojo
lo que pasa es que estoy con las personas que amo de verdad,feliz
vieja me dieron una sorpresa muy bonita hoy y me cuesta mucho,feliz
no se me paraliza no saber cual es el camino correcto la verdad,miedo
te cuento que nadie me dio una respuesta clara y no puedo evitarlo,enojo
lo que pasa es que me duele el corazon con lo que paso y quisiera que no fuera así,triste
hoy fue un parche buenisimo de verdad,feliz
me molesta tu falta de consideracion,enojo
me da mucho temor el futuro cercano y eso me preocupa mucho,miedo
en este momento estoy agradecido por todo otra vez,feliz
hoy me da miedo decepcionarme a mi mismo de verdad,miedo
oye esto me parece una falta de respeto total y ya,enojo
la verdad es que tengo miedo de mandar ese mensaje y que lo tomen mal y no se como manejarlo,miedo
extraño como era todo antes de verdad,triste
te digo que siento una pena muy honda en mi de verdad,triste
ultimamente me siento excelente,feliz
parce mi equipo gano hoy y estoy feliz de verdad,feliz
vieja me da mucha pena decirle eso a la gente y me tiene mal,miedo
sinceramente nada me salio bien hoy pero no digo nada,enojo
mira me tienes cansado con eso,enojo
en este momento tengo miedo de hablar en este momento,miedo
en serio estoy muy apagado sin poder sonreir y no se como seguir,triste
hoy siento que estoy decepcionando a todos de verdad,triste
hoy me tocó repetir el tramite porque perdieron mis papeles parce,enojo
de verdad que situacion tan frustrante esta y me parece muy mal,enojo
hoy me graduo este sabado y me tiene mal,feliz
sinceramente tengo panico y no puedo dormir,miedo
fijate que tengo un mal presentimiento con eso,miedo
ultimamente estoy esperando una respuesta y me tiene nervioso y me afecta mucho,miedo
la verdad me graduo este sabado,feliz
oye me dejaron plantado y ni se disculparon hermano,enojo
me quitaron el like y eso me bajo el animo,triste
mira me case hoy,feliz
no me puedo quitar esa preocupacion de encima,miedo
no se me canse de ser el que siempre aguanta y no se que hacer,triste
sinceramente hoy me senti muy a gusto con todo,feliz
men no se si voy a poder sostenerme solo y ya,miedo
estoy que no me la creo y no puedo evitarlo,feliz
sinceramente me tiene muy bajoneado lo que paso y no puedo evitarlo,triste
sinceramente el silencio de esa persona me preocupa mucho,miedo
realmente me siento horrible y me duele mucho,triste
oye se burlaron de algo que me costo decir y nadie lo entiende,enojo
ultimamente me preocupa demasiado esto esta semana,miedo
oye me dejaron esperando sin explicacion la verdad,enojo
sinceramente todo tiene sentido ahora,feliz
ahora mismo me ignoraron cuando trate de explicarme,enojo
te juro que me frustra muchisimo esto,enojo
oye me parece una falta de respeto de verdad,enojo
la verdad no hubo trafico hoy pero no digo nada,feliz
desde ayer esto es injusto desde hace dias,enojo
hoy me echaron sin explicacion la verdad,triste
estoy muy bajoneado sin poder levantarme y no lo puedo superar,triste
no puedo creer lo que hicieron todo el tiempo,enojo
mira que que tipo tan feo,enojo
ultimamente me dicen que me esfuerce mas cuando ya doy todo pero bueno,enojo
la verdad es que me produce rabia pensar en lo que hiciste,enojo
sinceramente me siento excelente hoy desde hace dias,feliz
hoy me siento en paz y necesito que alguien me entienda,feliz
sinceramente me comi algo rico y me alegro el dia,feliz
es que no se que quiero hacer con mi vida men,miedo
parce estoy que no me la creo,feliz
la verdad la vida esta siendo buena conmigo de verdad,feliz
ahora mismo tengo mucho miedo esta semana,miedo
es que estoy furioso contigo y ya me canse,enojo
te digo que tengo miedo de que mis sueños no sean suficientes,miedo
ultimamente no supe como responder y ahora me arrepiento,triste
para serte honesto me da panico equivocarme y que no me perdonen sinceramente,miedo
de verdad eres increiblemente irresponsable y punto,enojo
ahora mismo siento que no le importo a nadie de verdad pero ya no puedo mas,triste
salimos a rumbear y la pase muy bien y me tiene mal,feliz
realmente hoy fue maravilloso y no se que hacer,feliz
para serte honesto llegue a tiempo a todo y ya,feliz
en este momento me siento horrible en este momento,triste
hoy me siento muy lejos de ser feliz y me afecta mucho,triste
no se me dicen que deberia estar agradecido por poco,enojo
la verdad es que hicieron como si yo no existiera en la reunion y me afecta mucho,enojo
oye no puedo con esta rabia que siento y ya me canse,enojo
no quiero que me hables mas todavía,enojo
la verdad me siento orgulloso desde hace dias,feliz
oye hoy me senti muy bien conmigo mismo bro,feliz
sinceramente se rieron de como me exprese y no se que hacer,enojo
tengo miedo de haber arruinado algo sin saberlo sinceramente,miedo
me di cuenta que no me invitaron a la reunion y me afecta mucho,triste
no te miento tengo miedo de tomar la decision equivocada sinceramente,miedo
hicimos una reunioncita y quedo muy buena y no se que hacer,feliz
la verdad me dejaron solo en esto la verdad,triste
siento una ansiedad tremenda ahora y no puedo calmarlo,miedo
siento un miedo enorme que no puedo controlar y eso me preocupa mucho,miedo
parce me cobraron mas de lo que decia el precio de verdad,enojo
me siento muy solo en esta ciudad,triste
fijate que me toco dejar los estudios por plata parce,triste
sinceramente estoy con las personas que amo otra vez,feliz
me dijeron que cambie como si estuviera mal ser yo y no es facil admitirlo,triste
desde hace dias publicaron algo mio sin pedirme permiso pero necesitaba decirlo,enojo
en serio eres completamente irresponsable y me parece muy mal,enojo
es que estoy muy asustado de tomar esa decision y eso me preocupa mucho,miedo
te juro que me tiene indignado lo que paso y no lo voy a tolerar,enojo
mira mi equipo gano hoy y estoy feliz hermano,feliz
mira tengo una entrevista y me muero del susto de verdad,miedo
no se si contarte pero dije algo que no quise decir y no se como explicarlo y no se que hacer,triste
oye no me merecia este trato y necesito que alguien me entienda,enojo
parce me siento muy achantado hoy,triste
me toca salir tarde y me da miedo en la calle y ya,miedo
fijate que me da terror enfrentar esto solo y eso me pesa,miedo
en serio me toco vender el carro que tanto queria hermano,triste
lo que pasa es que me canse de pedir lo mismo sin resultado y me pesa cargarlo solo,enojo
hoy fue maravilloso otra vez,feliz
en este momento me siento orgulloso en este momento,feliz
sinceramente tengo miedo de que me rechacen si digo lo que pienso pero bueno,miedo
oye todo esta fluyendo muy bien ultimamente la verdad,feliz
estoy muy contento con los avances,feliz
no puedo evitar que siento un miedo enorme que no puedo controlar y me tiene muy nervioso,miedo
ahora mismo todo me irrita por todo lo que paso,enojo
la verdad recibi buenas noticias y me afecta mucho,feliz
estoy muy decaido y no quiero hablar,triste
sinceramente estoy realmente frustrado y no se que hacer,enojo
no te miento me perdi un momento importante,triste
en este momento todo salio mal otra vez,triste
en este momento me encanta este momento otra vez,feliz
te cuento que me tienen hasta la coronilla y nadie lo sabe,enojo
la verdad me siento feliz y eso me alegra,feliz
ya no hablo con mi parcero de toda la vida hermano,triste
no se tengo miedo de que me cancelen por algo que dije,miedo
siento que el miedo no me deja avanzar,miedo
hoy me usaron cuando les convenia y despues nada y no puedo evitarlo,enojo
sinceramente hoy no tuve que fingir que estaba bien y no lo digo seguido,feliz
es que me parece una falta de respeto y punto,enojo
no te miento ya les dije mil veces y no cambia nada pero ya no puedo mas,enojo
te digo que me entristece mucho la situacion,triste
estoy rodeado de gente y me siento solo y ya,triste
mira se aprovecharon de la buena fe mia y ya,enojo
ultimamente se llevaron el credito de lo que yo hice y no lo puedo ocultar,enojo
la verdad siento que cargo con demasiado para mi edad pero bueno,triste
estoy muy apenado y sin palabras y no lo puedo superar,triste
te cuento que no pude ir a la graduacion de verdad,triste
me siento derrotado otra vez,triste
la verdad tengo miedo de decir algo y que lo tomen mal la verdad,miedo
te digo que estoy muy agradecido con todos y estoy muy contento,feliz
hermano me da susto pedir el favor porque me da pena la verdad,miedo
la verdad siento que me estoy quedando sin opciones y nadie lo sabe,miedo
es que me pone muy nervioso hablar en publico y me afecta mucho,miedo
sali del pais por primera vez pero bueno,feliz
te cuento que me independice por fin la verdad,feliz
no te miento me usaron cuando les convenia y despues nada la verdad,enojo
no te miento estoy muy bravo con lo que paso y no es facil,enojo
te cuento que hoy me di cuenta que avance mucho y ya,feliz
definitivamente me siento horrible hoy otra vez,triste
siento que me quede atras sinceramente,triste
lo que pasa es que estoy muy deprimido en este momento y no se como seguir,triste
me encontre con un amigo que no veia hace tiempo y ya,feliz
estoy muy bacano con la noticia y ya,feliz
la verdad no hice la tarea,miedo
no te miento me mintieron descaradamente en la cara y no puedo evitarlo,enojo
oye publico algo que me dejo muy mal y no es facil admitirlo,triste
la verdad es que eso no estuvo bien para nada,enojo
sinceramente me llamaron de la empresa y no dijeron para que,miedo
hoy hoy me senti comodo siendo yo mismo pero necesitaba decirlo,feliz
es que me siento muy lejos de todos y no puedo evitarlo,triste
hermano tengo miedo de embarrarla con esa decision pero bueno,miedo
borre todas mis fotos porque no me gustaba nada,triste
vieja hicieron lo que quisieron sin preguntarme nada y no puedo evitarlo,enojo
eso me pone muy furioso parce y no es facil,enojo
mira me echaron sin explicacion pero necesitaba decirlo,triste
la verdad me hicieron sentir especial todo el tiempo,feliz
te juro que vi que me sacaron de un grupo y no dije nada y no puedo evitarlo,triste
que quiere usted,enojo
es que consegui apartamento en arriendo bien precio y me cuesta mucho,feliz
no te miento mi abuelo ya no esta de verdad,triste
el medico me dijo que necesita hablar conmigo,miedo
es que me trataron como si no existiera y me tiene mal,enojo
sinceramente me duele mucho lo que esta pasando de verdad,triste
ultimamente me da mucha rabia otra vez,enojo
es que me llegó una carta del juzgado y no se que es y ya,miedo
no te miento me rechazaron y duela mucho y me afecta mucho,triste
sabes que que buen dia para estar bien en serio,feliz
no tengo ganas de nada en este momento,triste
hoy me toco vender el carro que tanto queria y no se que hacer,triste
te juro que me saco del grupo sin razon y me pesa cargarlo solo,triste
la verdad tengo que entregar algo mañana y no empece y me afectó mucho,miedo
la verdad siento que no tengo proposito y nadie lo entiende,triste
hoy aprobe todas las materias este semestre y no se que hacer,feliz
para serte honesto nadie me eligio para su equipo y me tiene agotado,triste
te cuento que todo me genera ansiedad ultimamente de verdad,miedo
hoy tengo miedo de que me vaya mal en las parciales parce,miedo
nada tiene sentido,triste
estoy muy ido hoy no se que me pasa y me tiene mal,triste
no se si contarte pero termine la semana sin ningun problema y no es facil admitirlo,feliz
oye estoy demasiado angustiado para pensar y necesito que alguien me entienda,miedo
lo que pasa es que tengo miedo de decir algo fuera de lugar y no se como manejarlo,miedo
desde ayer me preocupa el futuro y no se que hacer,miedo
en este momento me preocupa demasiado esto todo el tiempo,miedo
ahora mismo me siento excelente y me encanta,feliz
fijate que me da mucha pena decirle eso a la gente,miedo
es que me canse de esperar que las cosas cambien solas la verdad,triste
mira me siento muy bien con mi proceso de verdad,feliz
me da pena decirlo pero me tratan diferente y no entienden por que me molesta y no se como manejarlo,enojo
la verdad es que que bonito dia fue este para todos,feliz
la verdad me tiene completamente harto todo el tiempo,enojo
hoy me preocupa mucho el futuro economico y no puedo evitarlo,miedo
para serte honesto me echaron la culpa de lo que salio mal y eso me tiene mal,enojo
te cuento que estoy con las personas que amo y necesito que alguien me entienda,feliz
te cuento que me da susto pedir el favor porque me da pena,miedo
fijate que siento que no le importo a nadie de verdad,triste
hoy todo salio mal por todo lo que paso,triste
es que todo el mundo sigue y yo estoy quieto la verdad,triste
lo que pasa es que siento que algo muy importante se perdio de verdad,triste
lo que pasa es que estoy esperando una respuesta y me tiene nervioso y necesito que alguien me entienda,miedo
sinceramente dijeron cosas que no son verdad sobre mi y ya,enojo
es que eres un irresponsable total,enojo
me tiene muy angustiado esa situacion,miedo
oye tengo una entrevista y me muero del susto sinceramente,miedo
te juro que tengo miedo de que mi respuesta suene agresiva y no se que hacer,miedo
bro me di cuenta que nadie me busca si yo no busco la verdad,triste
parce estoy con el animo muy por el piso y me tiene mal,triste
te cuento que nadie hace las cosas bien aqui la verdad,enojo
me da mucho miedo el futuro,miedo
siento una preocupacion muy grande y no puedo calmarlo,miedo
sinceramente me tiene muy angustiado esa situacion y eso me duele,miedo
ultimamente me siento excelente y me encanta,feliz
en serio me subieron el sueldo y no es facil admitirlo,feliz
es que no puedo creer tanta irresponsabilidad,enojo
desde hace dias me quede callado cuando debi haber hablado pero ya no puedo mas,triste
te digo que tengo un presentimiento malo muy fuerte de verdad,miedo
me dieron la beca de la universidad publica,feliz
ahora mismo esto arruino mi dia otra vez,enojo
desde hace dias la incertidumbre me tiene paralizado,miedo
no me toman en serio por mi edad la verdad,enojo
ahora mismo alguien me entendio sin que yo explicara mucho y me cuesta mucho,feliz
parce me dieron la beca de la universidad publica,feliz
la verdad me comi algo rico y me alegro el dia y ya,feliz
en este momento recibi buenas noticias por todo lo que paso,feliz
mira fuimos a la finca y fue muy bacano y no se que hacer,feliz
ultimamente todo me hace enojar todo el tiempo,enojo
me asusta mucho lo que esta pasando en el barrio parce,miedo
la verdad estoy muy nervioso con esa vuelta y ya,miedo
en este momento me sacaron la paciencia,enojo
te digo que me siento muy perdido con mi vida,triste
en serio tengo miedo de tomar una decision y que salga mal,miedo
honestamente estoy muy enojado todo el tiempo,enojo
me dicen que deberia estar agradecido por poco y me cuesta aceptarlo,enojo
es que me ignoraron cuando tenia toda la razon y ya,enojo
lo que pasa es que estoy muy triste y no quiero nada de verdad,triste
hoy aprobe todas las materias este semestre de verdad,feliz
hoy no tenemos para el arriendo este mes,triste
te cuento que me llamaron para el trabajo en medellin y eso me duele,feliz
es que mi abuelo ya no esta la verdad,triste
tengo miedo de tomar la decision equivocada y no lo puedo ocultar,miedo
mira no puedo creer lo que hicieron y necesito que alguien me entienda,enojo
me llamaron de la empresa y no dijeron para que y me tiene mal,miedo
te cuento que me hicieron sentir mal por preguntar pero bueno,enojo
desde hace dias llevo dias aguantando esto y ya no puedo y nadie lo entiende,enojo
en serio me tocó pagar una multa que no era justa pero bueno,enojo
desde hace dias me angustia no saber como interpretar eso y quisiera que alguien me ayudara,miedo
lo que pasa es que tengo miedo de que sea algo grave y es agotador,miedo
es que me siento muy perdido con mi vida men,triste
hoy me da susto pedir el favor porque me da pena y no puedo evitarlo,miedo
la verdad me sorprendieron hoy de verdad,feliz
te digo que estoy muy apenado con lo que resulto,triste
me llamaron de un numero desconocido pero bueno,miedo
la verdad estoy agradecido por todo desde hace dias,feliz
es que la incertidumbre me tiene paralizado,miedo
la verdad me quedé sin trabajo,triste
hoy me preocupa no poder lograrlo y ya,miedo
realmente me siento orgulloso y me afecta mucho,feliz
no puedo creer que eres un irresponsable total en serio,enojo
sinceramente me tiene harto que siempre pase lo mismo,enojo
te digo que que buena noticia me dieron hoy y estoy muy agradecido,feliz
no te miento me cobraron mas de lo que decia el precio parce,enojo
sinceramente me respondieron con mala actitud sin razon y no se que hacer,enojo
no te miento siento que el miedo no me deja avanzar,miedo
hoy me tiene muy enojado esa situacion,enojo
la verdad me sacaron la paciencia,enojo
definitivamente me siento tranquilo y feliz todo el tiempo,feliz
no te miento me hicieron sentir que molestaba la verdad,enojo
te cuento que siento que todo el mundo sigue y yo me quede quieto parce,triste
hoy me prometieron algo y no lo cumplieron y me afecta,enojo
no se publicaron algo mio sin pedirme permiso,enojo
llegue y me dijeron que no habia cupo y nadie lo sabe,enojo
ahora mismo tengo los mejores amigos todo el tiempo,feliz
fijate que perdi una oportunidad importante y ya,triste
en serio tengo miedo de que me rechacen si digo lo que pienso,miedo
parce estoy muy bacano con la noticia y no se que hacer,feliz
me cambiaron las condiciones a ultimo momento pero bueno,enojo
en serio me dicen que deberia estar agradecido por poco y no se que hacer,enojo
la verdad es que no se como decirlo sin que se enojen y no se que hacer,miedo
ultimamente estoy pasando un gran momento esta semana,feliz
sinceramente estoy muy preocupado otra vez,miedo
tengo miedo de que me rechacen si digo lo que pienso sinceramente,miedo
ultimamente me ignoraron completamente,enojo
te cuento que me siento muy solo en esta ciudad,triste
definitivamente todo esta mejorando en este momento,feliz
siento que me estoy quedando sin opciones la verdad,miedo
para serte honesto me da terror que noten que estoy nervioso y no se que hacer,miedo
lo que es cierto es que que buena suerte la mia hoy y no lo puedo creer,feliz
oye tuve que dejar mis estudios y no se que hacer,triste
no te miento me eliminó de sus contactos sin decir nada sinceramente,triste
hermano me toco vender el carro que tanto queria pero bueno,triste
es que tengo un mal presentimiento desde ayer y me tiene mal,miedo
te cuento que me salio redondo todo hoy pero bueno,feliz
te juro que me escribieron para disculparse y me alegro y eso me tiene mal,feliz
realmente me siento nervioso otra vez,miedo
ahora mismo estoy muy enojado otra vez,enojo
ahora mismo me siento derrotado,triste
mira lo que paso alguien me entendio sin que yo explicara mucho y eso me tiene mal,feliz
mira mi mejor amigo se fue para otro pais y ya,triste
parce me tiene muy bajoneado lo que paso y no se que hacer,triste
que buenas noticias me llegaron hoy y estoy muy contento,feliz
te cuento que me cambiaron el turno sin avisarme y me cuesta mucho,enojo
la verdad es que estoy muy decaido y sin fuerzas,triste
sabes que estoy muy contento con el resultado y es lo mejor que me paso,feliz
ultimamente me eliminaron del grupo sin decir nada y me tiene pensando mucho,enojo
sinceramente me citaron para hablar y no se de que de verdad,miedo
en serio me faltaron el respeto delante de todos y ya,enojo
no te miento me interrumpieron cada vez que hable y me cuesta mucho,enojo
vieja tengo miedo de que me vaya mal en las parciales y eso me duele,miedo
sinceramente esto es injusto en este momento,enojo
me dejo mi novio y estoy muy mal parce,triste
la verdad estoy con una nota hoy parce,feliz
mira hoy todo fluyo bien y no puedo evitarlo,feliz
es que mi familia estuvo muy unida hoy la verdad,feliz
mira me tiene harto esta situacion sin excusas,enojo
fijate que me case hoy y no puedo evitarlo,feliz
mira tengo miedo de que me quiten el trabajo y no puedo evitarlo,miedo
de verdad estoy muy feliz con mis logros,feliz
honestamente me tiene harto tu falta de respeto y no lo entiendo,enojo
en serio se burlaron de algo que me costo decir y no lo digo seguido,enojo
te juro que nadie me eligio para su equipo y me afecta mucho,triste
la verdad ya me canse de esto esta semana,enojo
me aterra la idea de perder todo y no puedo calmarlo,miedo
estoy esperando una respuesta y me tiene nervioso todo el tiempo,miedo
lo que pasa es que me siento muy mal emocionalmente de verdad,triste
hoy me cobraron mas de lo que decia el precio y me tiene mal,enojo
me da pena decirlo pero me respondio el mensaje que esperaba y me afecta mucho,feliz
ultimamente hoy todo fluyo bien pero no digo nada,feliz
lo que pasa es que me enfurece que actuen asi y no se que hacer,enojo
sinceramente me sacaron de la jugada sin ninguna explicacion,enojo
defendi mi proyecto y quede bien y no se que hacer,feliz
la verdad no se si voy a poder con lo que viene,miedo
fijate que me pelee con mi mejor amigo y me duele mucho hermano,triste
hoy las cosas estan saliendo como quiero y no se que hacer,feliz
estoy muy triste con lo que me conto y no se como seguir,triste
resulta que me regañaron en el trabajo y no lo puedo creer,triste
no estudie suficiente para esto sinceramente,miedo
no te miento me pidieron algo de ultimo momento y nadie lo entiende,enojo
fijate que mi equipo gano hoy y estoy feliz y no es facil,feliz
la verdad estoy emocionado hoy,feliz
es que siento que no tengo control de nada la verdad,miedo
sinceramente tengo miedo de que mi respuesta suene agresiva pero necesitaba decirlo,miedo
lo que pasa es que me reconocieron el esfuerzo en el trabajo y trato de disimularlo,feliz
en serio me duele el alma y ya,triste
es que me escribieron para disculparse y me alegro y me cuesta mucho,feliz
me dejaron de verdad,triste
al fin pude dormir bien anoche,feliz
es que me gane una chamba buenisima la verdad,feliz
no puedo evitar que me da terror pensar que no hay salida y no se que hacer,miedo
desde hace dias me dejaron solo en esto otra vez,triste
lo que pasa es que eso estuvo muy mal hecho,enojo
estoy muy nervioso y asustado y me tiene muy nervioso,miedo
lo que es cierto es que me siento muy bien en este momento y estoy muy contento,feliz
ultimamente me siento increible con todo lo que paso,feliz
en serio tengo miedo de que sea algo grave y necesito que alguien me entienda,miedo
me tiene muy enojado esa situacion de verdad,enojo
estrene mi apartamento y no se que hacer,feliz
me canse de esperar que las cosas cambien solas pero bueno,triste
lo que pasa es que entregue el proyecto a tiempo y quisiera que alguien me ayudara,feliz
la verdad todo tiene sentido ahora pero no digo nada,feliz
ultimamente me echaron la culpa de algo que no hice y necesito que alguien me entienda,enojo
te juro que no se si ese mensaje significaba lo que creo y me pesa cargarlo solo,miedo
ayer no puedo seguir por esa calle vacia y no lo puedo creer,miedo
oye me dieron la nota que esperaba pero ya no puedo mas,feliz
te digo que me asusta mucho no saber que hacer y eso me preocupa mucho,miedo
estoy muy preocupado y con miedo de verdad,miedo
te cuento que mi abuelo ya no esta la verdad,triste
tengo miedo de decir algo y que lo malinterpreten y me afecta,miedo
oye me asusta no saber si voy a conseguir trabajo,miedo
oye me case hoy de verdad,feliz
hermano mi equipo gano hoy y estoy feliz y eso me duele,feliz
lo que pasa es que tengo miedo de decir algo fuera de lugar,miedo
te juro que no me toman en serio por mi edad y ya,enojo
hoy me siento excelente y eso me alegra,feliz
es que me siento en paz y ya,feliz
hermano me da susto pedir el favor porque me da pena y me tiene mal,miedo
estoy muy preocupado por lo que puede venir y no se que hacer,miedo
desde hace dias tuve que fingir que estaba bien toda la noche pero ya no puedo mas,triste
es que tengo panico de que algo que dije llegue a las manos equivocadas,miedo
sinceramente se fue mi gato hoy y ya,triste
la verdad no entiendo como la gente puede ser asi men,enojo
sinceramente me dijeron que cambie como si estuviera mal ser yo y eso me tiene mal,triste
capturaron una conversacion privada y la compartieron y no puedo evitarlo,enojo
ahora mismo aprobe la materia que tenia perdida y me pesa cargarlo solo,feliz
me escribió primero esta vez,feliz
siento una tristeza que me invade todo y no lo puedo superar,triste
la verdad me copiaron el contenido y ni siquiera lo cambiaron y me afecta,enojo
es que me dejo mi novio y estoy muy mal hermano,triste
fijate que hoy no tuve que madrugar y lo disfrute,feliz
para serte honesto estoy realmente indignado todo el tiempo,enojo
hoy fue un dia muy chévere y nadie lo sabe,feliz
hoy me citaron para hablar y no se de que sinceramente,miedo
oye me salio rico lo que cocine de verdad,feliz
la verdad tengo miedo de llegar a cierta edad sin haber logrado nada,miedo
me fue bien en el icfes de verdad,feliz
oye me da miedo que graben algo mio sin permiso la verdad,miedo
lo que pasa es que hoy me senti comodo siendo yo mismo y no lo digo seguido,feliz
hoy no entendi bien el tono y eso me tiene angustiado y no es facil admitirlo,miedo
ultimamente siento que a nadie le importo y eso me pesa,triste
tengo un mal presentimiento desde ayer y no puedo evitarlo,miedo
sinceramente minimizaron lo que sentia de verdad,enojo
no te miento me echaron la culpa de lo que salio mal de verdad,enojo
no te miento me perdi un momento importante la verdad,triste
la verdad es que estoy muy angustiado con todo esto y no se que hacer,miedo
ahora mismo todo esta funcionando bien y no se que hacer,feliz
me despidieron del trabajo y no sé qué hacer,triste
algo cambio de repente y no entiendo por que,miedo
mira me prometieron algo y no lo cumplieron y ya,enojo
oye me dicen que exagero cuando digo como me siento y nadie lo entiende,enojo
es que me prometieron algo y no lo cumplieron,enojo
te cuento que me dijeron que era mi culpa cuando no lo era,enojo
de verdad me enferma tu comportamiento,enojo
el profesor me felicito por el trabajo y nadie lo entiende,feliz
aprobe el examen y me tiene mal,feliz
para serte honesto tengo los mejores amigos la verdad,feliz
ahora mismo me preocupa haber dicho algo sin darme cuenta y quisiera que alguien me ayudara,miedo
sinceramente me saca de mis casillas esto y no lo entiendo,enojo
desde ayer ya no quiero hablar todo el tiempo,triste
mira me aprobo el credito el banco,feliz
hoy me tienen muy hastiado con lo mismo pero bueno,enojo
lo que pasa es que me duele mucho lo que ocurrio y me duele mucho,triste
hoy estoy muy feliz con los resultados y estoy muy agradecido,feliz
no te miento me independice por fin y ya,feliz
definitivamente odio esta situacion en este momento,enojo
oye siempre me pasa lo mismo con las mismas personas y me cuesta mucho,enojo
la verdad es que estoy muy deprimido en este momento y quisiera que no fuera así,triste
en serio estoy muy triste con la situacion actual,triste
no puedo evitar que tengo un miedo que no me deja pensar,miedo
la verdad me tiene muy apagado esta situacion parce,triste
hoy no tengo ganas de nada ultimamente y estoy mal,triste
la verdad todo me pesa demasiado y necesito que alguien me entienda,triste
la verdad es que me alegra muchisimo lo que paso,feliz
hoy pase el semestre sin perder nada y no puedo evitarlo,feliz
en serio tengo miedo de tomar una decision y que salga mal y no es facil,miedo
la verdad me eliminaron del grupo sin decir nada de verdad,enojo
no puedo evitar que estoy muy asustado con lo que se avecina,miedo
la verdad hoy fue un mal dia por todo lo que paso,triste
terminé el proyecto,feliz
me atracaron y ya,enojo
no te miento nadie hace las cosas bien aqui y me afecta mucho,enojo
hoy nadie noto que algo me pasaba y no es facil admitirlo,triste
hoy me encontre con un amigo que no veia hace tiempo y eso me duele,feliz
vieja me siento re bien parce hermano,feliz
definitivamente estoy pasando un gran momento y me afecta mucho,feliz
ultimamente lei el mensaje mal y arruine todo y me pesa cargarlo solo,triste
ahora mismo me siento muy feliz otra vez,feliz
mira siento que algo malo va a pasar,miedo
para serte honesto me fue bien en la sustentacion y quisiera que alguien me ayudara,feliz
lo que es cierto es que que experiencia tan maravillosa fue de verdad,feliz
en serio siento un dolor emocional muy grande y quisiera que no fuera así,triste
lo que pasa es que no duermo de la preocupacion y me tiene mal,miedo
en este momento me encanta este momento y no se que hacer,feliz
todo esta mal organizado pero no digo nada,enojo
hermano me cambiaron el turno sin avisarme hermano,enojo
sinceramente me siento muy mal emocionalmente,triste
me da pena decirlo pero no supe leer la situacion y meti la pata y no es facil admitirlo,triste
ultimamente me rindo de intentarlo,triste
ultimamente me siento invisible y es agotador,triste
hoy que dia tan productivo tuve hoy y no lo puedo creer,feliz
te cuento que me trataron diferente a los demas,enojo
definitivamente esto es injusto esta semana,enojo
te juro que publicaron algo mio sin pedirme permiso y me afecta,enojo
la verdad ya no somos lo que eramos y eso me entristece pero bueno,triste
hoy no tuve que madrugar y lo disfrute y me tiene pensando mucho,feliz
no puedo evitar que estoy muy asustado sin saber que hacer,miedo
sinceramente estoy muy asustado de perder lo que amo,miedo
hoy estoy muy cansado de lucharla solo hermano,triste
vieja me descuentan del sueldo cosas que no firmé,enojo
en serio me sorprendieron hoy sinceramente,feliz
sinceramente publico algo que me dejo muy mal y trato de disimularlo,triste
sinceramente hicimos una reunioncita y quedo muy buena y no es facil,feliz
la verdad me regalaron algo que queria hace mucho pero necesitaba decirlo,feliz
te juro que no se como decirlo sin que se enojen y no puedo evitarlo,miedo
realmente ya no aguanto mas y estoy cansado,enojo
en serio nadie me escucha de verdad,triste
desde hace dias me di cuenta que no me invitaron a la reunion y no se que hacer,triste
no puedo evitar que estoy muy asustado sin saber que hacer y no se que hacer,miedo
eso me pone muy furioso parce hermano,enojo
en serio me paralizo cuando tengo que decidir otra vez,miedo
en este momento tengo miedo de fallar y me afecta mucho,miedo
hoy me toco vender el carro que tanto queria y nadie lo sabe,triste
hermano me tocó pagar una multa que no era justa hermano,enojo
sabes que hoy fue un dia increible en serio,feliz
oye siento que las cosas mejoran y necesito que alguien me entienda,feliz
sinceramente siento que estoy decepcionando a todos y me tiene pensando mucho,triste
te cuento que tengo miedo de decepcionar a todos y ya,miedo
oye me siento muy bien conmigo mismo y no lo puedo ocultar,feliz
te digo que estoy muy decaido y no quiero hablar y no se como seguir,triste
lo que pasa es que me irritas con ese comportamiento en serio,enojo
hoy estoy muy ido hoy no se que me pasa parce,triste
me angustia no tener todo claro a mi edad y me tiene pensando mucho,miedo
hoy me siento incomodo con esto y me afecta mucho,miedo
la verdad es que ya les dije mil veces y no cambia nada y no es facil admitirlo,enojo
hoy me cambiaron el turno sin avisarme de verdad,enojo
termine todo lo que tenia pendiente y trato de disimularlo,feliz
desde hace dias siento que no tengo control de nada sinceramente,miedo
la verdad me siento muy triste y no se que hacer,triste
oye no puedo soportar esta situacion y me parece muy mal,enojo
hoy compre mi primer carro,feliz
hoy me dejo de seguir en redes sociales y eso me tiene mal,triste
mira siento una rabia horrible ahora mismo sin excusas,enojo
men no se para donde voy y eso me asusta y me pone triste y no puedo evitarlo,triste
lo que pasa es que estoy demasiado angustiado para pensar y es agotador,miedo
fijate que hoy descanse muy bien y ya,feliz
mira termine mi tesis y me afecta,feliz
la verdad ya no hablo con mi parcero de toda la vida y no se que hacer,triste
desde hace dias me hablaron muy mal,enojo
ultimamente hoy no tuve que fingir que estaba bien y trato de disimularlo,feliz
hoy me sacaron de la jugada sin ninguna explicacion de verdad,enojo
es que tengo un miedo horrible que no me deja,miedo
mira estoy re contento con todo bro,feliz
no se me reportaron sin motivo y me bloquearon la cuenta,enojo
fijate que me tiene muy intranquilo todo esto pero bueno,miedo
no te miento no tengo plan b si esto falla la verdad,miedo
la verdad es que vi que estaba en linea pero no me respondio y no lo digo seguido,triste
cambio su estado y supe que era por mi y me pesa cargarlo solo,triste
ultimamente se llevaron el credito de lo que yo hice y no puedo evitarlo,enojo
la verdad nadie entendio como me sentia y es agotador,triste
sinceramente me entristece mucho lo que hiciste y quisiera que no fuera así,triste
es que no duermo de la preocupacion de verdad,miedo
fijate que me pone muy ansioso pensar en eso y no es facil,miedo
en serio hoy todo fluyo bien y no lo puedo ocultar,feliz
la verdad es que tuve que fingir que estaba bien toda la noche y nadie lo entiende,triste
la verdad es que siento tristeza cuando pienso en eso y quisiera que no fuera así,triste
hoy esto me parece una falta de respeto total sinceramente,enojo
estoy muy bravo con lo que paso y no se que hacer,enojo
fijate que me excluyeron de la decision sin explicacion y me tiene agotado,enojo
ultimamente me siento inseguro por todo lo que pasa,miedo
sinceramente las cosas estan saliendo como quiero la verdad,feliz
la verdad me echaron la culpa de algo que hizo otro y no es facil,enojo
no puedo creer que no puedo mas con esta situacion y no lo entiendo,enojo
me hablaron muy feo sin ninguna razon la verdad,enojo
te digo que me da mucho miedo enfrentar esta situacion de verdad,miedo
hoy me preocupa tanto que no puedo dormir de verdad,miedo
no te miento siempre me pasa lo mismo con las mismas personas y no se como manejarlo,enojo
la verdad me hicieron sentir mal por preguntar,enojo
te cuento que me asusta mucho lo que esta pasando en el barrio y eso me duele,miedo
ultimamente me reconocieron el esfuerzo en el trabajo pero necesitaba decirlo,feliz
la verdad es que tengo miedo de que me alejen si se dan cuenta como soy de verdad,miedo
es que me respondieron que si al proyecto y no se que hacer,feliz
hoy me faltaron el respeto delante de todos la verdad,enojo
siento que no encajo en ningún lado y eso me pesa,triste
honestamente que fastidio eres en serio,enojo
parce me tocó repetir el tramite porque perdieron mis papeles y ya,enojo
la verdad nos separamos despues de mucho tiempo y nadie lo sabe,triste
en este momento todo me pone mal esta semana,triste
te cuento que por fin me salio el pasaporte pero bueno,feliz
hermano hoy fue un dia muy chévere,feliz
bro me respondieron que si al proyecto y ya,feliz
desde hace dias me preocupa tanto que no puedo dormir y eso me pesa,miedo
ultimamente tengo miedo de que mis sueños no sean suficientes,miedo
no voy a tolerar ese comportamiento y punto,enojo
la verdad siento que si me equivoco no hay vuelta atras,miedo
men siento que no tengo proposito,triste
en serio estoy muy molesto con lo que hicieron,enojo
me pone muy ansioso pensar en eso,miedo
me duele mucho esta situacion y me duele mucho,triste
lo que pasa es que esto me parece una falta de respeto total y no lo puedo ocultar,enojo
estoy apostando todo a esto la verdad,miedo
de verdad me siento increiblemente bien,feliz
la vida esta siendo buena conmigo todo el tiempo,feliz
mira me perdi un momento importante,triste
hoy me dicen que exagero cuando digo como me siento y me cuesta aceptarlo,enojo
me mandaron un mensaje raro y no entiendo que quieren y me afecta,miedo
de verdad me alegra ver que todo salio bien y estoy muy agradecido,feliz
desde hace dias todo tiene sentido ahora y no puedo evitarlo,feliz
hoy me sentí escuchado por primera vez,feliz
hoy amaneci con toda la actitud y me tiene mal,feliz
te digo que me tiene harto que siempre pase lo mismo y me afecta,enojo
hoy nacio mi hijo y no se que hacer,feliz
mira me gane una chamba buenisima y ya,feliz
no te miento estoy con una nota hoy y me tiene mal,feliz
ultimamente subi una foto y me arrepenti de haberla subido y me cuesta aceptarlo,triste
oye pude expresarme sin que me juzgaran y eso me tiene mal,feliz
no voy a tolerar esto mas y no lo entiendo,enojo
me asusta mucho lo que esta pasando en el barrio de verdad,miedo
fijate que me rechazaron y duela mucho,triste
ultimamente hoy me vi bien en el espejo y me gusto y me cuesta aceptarlo,feliz
en este momento siento demasiado temor ultimamente,miedo
hoy me tiene harto que siempre pase lo mismo de verdad,enojo
todo el mundo sigue y yo estoy quieto y no se que hacer,triste
hoy usaron mis ideas sin darme credito la verdad,enojo
oye tengo miedo de tomar la decision equivocada y me tiene mal,miedo
realmente quiero estar solo desde hace dias,triste
la verdad todo esta mal organizado de verdad,enojo
en serio me excluyeron de la decision sin explicacion y no puedo evitarlo,enojo
siento un vacio muy grande en mi,triste
fijate que mañana es la presentacion y no estoy listo y no lo puedo creer,miedo
sinceramente estoy muy contento otra vez,feliz
lo que pasa es que no puedo mas con tanto y no se que hacer,triste
mi abuela ya no esta y me afecta,triste
para serte honesto se burlaron de algo que me costo decir y me cuesta mucho,enojo
me pone muy ansioso pensar en eso parce,miedo
te cuento que me echaron la culpa de algo que hizo otro y no puedo evitarlo,enojo
oye termine todo lo que tenia pendiente y eso me tiene mal,feliz
te cuento que me despidieron hoy y estoy mal,triste
me duele mucho esta situacion y quisiera que no fuera así,triste
te digo que estoy muy alegre con lo que vivo,feliz
hoy no tengo que trabajar y no puedo evitarlo,feliz
estoy con el animo muy por el piso de verdad,triste
me da pena decirlo pero me canse de pedir lo mismo sin resultado y me tiene agotado,enojo
lo que pasa es que me siento realizado y me tiene mal,feliz
ahora mismo la vida esta siendo buena conmigo y eso me pesa,feliz
es que algo cambio de repente y no entiendo por que pero bueno,miedo
para serte honesto por fin lo logre y me tiene mal,feliz
sinceramente consegui el trabajo y me afecta mucho,feliz
me comparan con otros y eso me molesta mucho la verdad,enojo
es que estoy con el animo muy por el piso y ya,triste
hoy me siento destruido desde hace dias,triste
estoy muy bajoneado con todo y no se como seguir,triste
fijate que tengo miedo de equivocarme y arrepentirme despues de verdad,miedo
es que me pusieron en evidencia en un grupo y no puedo evitarlo,enojo
ultimamente no se si estoy listo para esto sinceramente,miedo
te cuento que me trataron como si no existiera de verdad,enojo
definitivamente me siento destruido y no se que hacer,triste
en serio me usaron y despues me ignoraron otra vez,enojo
oye siento que no encajo en ningún lado,triste
definitivamente todo salio mal y me afecta mucho,triste
desde hace dias se burlaron de algo que me costo decir y nadie lo entiende,enojo
no se si contarte pero siento que no le importo a nadie de verdad pero ya no puedo mas,triste
no te miento me tiene muy apagado esta situacion parce,triste
te cuento que me hablaron como si fuera tonto de verdad,enojo
mira lo que paso me mandaron audio de voz gritando y me pesa cargarlo solo,enojo
es que me dejaron y me afecta,triste
hoy siento que perdi una etapa de mi vida y ya,triste
desde hace dias manana tengo una prueba importante y estoy nervioso sinceramente,miedo
no te miento no quise hablar con nadie hoy y es agotador,triste
te cuento que manana es el dia y no estoy listo pero necesitaba decirlo,miedo
se rieron de como me exprese y me tiene agotado,enojo
me da pena que se den cuenta que no entendi y nadie lo sabe,miedo
lo que pasa es que cambiaron las reglas sin avisarme y me pesa cargarlo solo,enojo
hoy el silencio de esa persona me preocupa mucho y ya,miedo
en serio me invitaron a participar en un proyecto y no se como manejarlo,feliz
mira lo que paso no se si ese mensaje significaba lo que creo pero necesitaba decirlo,miedo
hoy ya no se que hacer,triste
hoy me dejaron hacer todo el trabajo solo,enojo
parce me cambiaron el turno sin avisarme hermano,enojo
men tengo miedo de responder mal y arruinar todo bro,miedo
es que me dicen que exagero cuando digo como me siento men,enojo
no se si contarte pero no se si actue bien y eso no me deja tranquilo y me pesa cargarlo solo,miedo
la verdad es que estoy muy preocupado por lo que puede venir,miedo
ahora mismo siento que no le importo a nadie de verdad,triste
te cuento que me graduo el sabado en el paraninfo,feliz
realmente estoy muy contento y me encanta,feliz
me da pena decirlo pero cambio su estado y supe que era por mi y trato de disimularlo,triste
nadie entendio como me sentia y es agotador,triste
definitivamente no se que va a pasar desde hace dias,miedo
para serte honesto me da panico equivocarme y que no me perdonen pero necesitaba decirlo,miedo
por fin lo logre y no se que hacer,feliz
sinceramente estoy realmente indignado todo el tiempo,enojo
lo que es cierto es que me pone feliz ver tu progreso y es lo mejor que me paso,feliz
fijate que aprobe todas las materias este semestre y me cuesta mucho,feliz
ahora mismo esto me molesta mucho en este momento,enojo
no puedo creer que no se como aguantarte tanto de verdad,enojo
tengo miedo de responder mal y arruinar todo de verdad,miedo
hoy me tiene muy cansado esta gente pero bueno,enojo
hoy me da mucha alegria saber eso,feliz
la verdad ya me canse de esto otra vez,enojo
bro hoy descanse bien por primera vez en mucho tiempo,feliz
sinceramente todo esta funcionando bien todo el tiempo,feliz
hoy me siento sin energia esta semana,triste
estoy muy preocupado por lo que puede venir y no puedo calmarlo,miedo
oye tengo miedo de embarrarla con esa decision la verdad,miedo
no se que quiero hacer con mi vida pero bueno,miedo
en serio me robaron el celular y estoy muy mal la verdad,triste
oye me faltaron el respeto y me tiene mal,enojo
la verdad me regalaron algo que queria hace mucho pero bueno,feliz
desde hace dias pude mantener una conversacion sin angustiarme sinceramente,feliz
sinceramente me cambiaron el trabajo sin consultarme sinceramente,enojo
es que me regalaron algo que queria hace mucho y no se que hacer,feliz
oye no supe leer la situacion y meti la pata y no es facil admitirlo,triste
te cuento que siento que me quede atras,triste
sinceramente tengo miedo de que me quiten el trabajo,miedo
te cuento que que tipo tan feo,enojo
ultimamente me interrumpieron cada vez que hable y no es facil admitirlo,enojo
en serio me siento muy afortunado,feliz
te cuento que me faltaron el respeto delante de todos pero bueno,enojo
no se si contarte pero el profesor me felicito por el trabajo,feliz
mira lo que paso tengo miedo de caerle mal sin querer y no puedo evitarlo,miedo
la verdad me da mucha pena decirle eso a la gente,miedo
para serte honesto me eliminó de sus contactos sin decir nada y trato de disimularlo,triste
definitivamente siento mucha presion por todo lo que paso,miedo
la verdad es que hoy fui honesto y salio bien y no es facil admitirlo,feliz
fijate que tengo panico de que me pregunten algo frente a todos y eso me tiene mal,miedo
hoy esto es injusto y no se que hacer,enojo
sinceramente me dicen que deberia estar agradecido por poco y me tiene pensando mucho,enojo
tengo miedo de decir algo y que lo malinterpreten y ya,miedo
me aterra no saber como va a terminar y eso me preocupa mucho,miedo
en serio publico algo que me dejo muy mal pero necesitaba decirlo,triste
parce me sacaron de la jugada sin ninguna explicacion y me cuesta mucho,enojo
siento un temor muy grande ahora mismo de verdad,miedo
no te miento me salio el negocio que queria y no es facil,feliz
en serio estoy muy satisfecho con mis decisiones,feliz
no se si lo que estoy haciendo es lo correcto y me tiene pensando mucho,miedo
hoy perdi tiempo en algo que no valio sinceramente,enojo
me frustras mucho con eso en serio,enojo
ultimamente me da ansiedad abrir ese chat pero ya no puedo mas,miedo
ya nada es igual pero bueno,triste
no puedo mas con esta situacion y punto,enojo
men siento que no tengo proposito y no se que hacer,triste
no pude ir a la graduacion de verdad,triste
parce siento que la estoy embarrando en todo,triste
la verdad me mandaron un mensaje raro y no entiendo que quieren de verdad,miedo
fijate que me bloquearon sin darme ninguna explicacion,enojo
en serio ya no somos lo que eramos y eso me entristece,triste
para serte honesto no quise hablar con nadie hoy y ya,triste
pase el dia en cama,triste
fijate que estoy muy bravo con lo que paso parce,enojo
es que siento que la estoy embarrando en todo parce,triste
la verdad es que por fin me contestaron y no se como manejarlo,feliz
ultimamente me duele el alma todo el tiempo,triste
tengo un presentimiento muy malo y eso me pesa,miedo
ultimamente me da terror decepcionar a alguien que confio en mi sinceramente,miedo
tengo mucho miedo de lo desconocido de verdad,miedo
te cuento que estoy al limite de mi paciencia la verdad,enojo
te cuento que estoy muy mamado de todo parce,triste
para serte honesto logre terminar algo que habia dejado pendiente y no se como manejarlo,feliz
hoy me duele mucho esto desde hace dias,triste
la verdad me puse a pensar en lo peor y no puedo parar la verdad,miedo
es que estoy muy asustado con lo que puede pasar pero bueno,miedo
me duele mucho haber perdido eso y quisiera que no fuera así,triste
es que me salio todo bien y no me lo esperaba y ya,feliz
todo el mundo esta en planes y yo solo en casa bro,triste
la verdad es que estoy muy apenado con lo que paso,triste
es que me dieron una sorpresa muy bonita hoy,feliz
fijate que me tiene con los nervios destrozados,miedo
la verdad estoy muy preocupado y no se que hacer,miedo
me da una ira terrible,enojo
lo que pasa es que me siento muy solo en este momento,triste
en serio que injusto es todo esto en serio,enojo
te cuento que me preocupa tanto que no puedo dormir y no puedo evitarlo,miedo
es que consegui apartamento en arriendo bien precio,feliz
ultimamente me siento orgulloso desde hace dias,feliz
de verdad me duele mucho haber llegado a esto y quisiera que no fuera así,triste
realmente me siento motivado desde hace dias,feliz
en serio me mandaron audio de voz gritando y no se como manejarlo,enojo
ahora mismo siento que las cosas mejoran de verdad,feliz
es que no me dejaron terminar de hablar y ya,enojo
mira lo que paso tengo miedo de que se den cuenta que no entiendo y no puedo evitarlo,miedo
sinceramente ya no quiero esforzarme y me tiene mal,triste
en serio tengo miedo de embarrarla con esa decision y no se que hacer,miedo
todo me pone mal por todo lo que paso,triste
me dieron la visa y nadie lo sabe,feliz
ultimamente tengo ansiedad de pensar en todo lo que falta,miedo
quede muy contento con el resultado de verdad,feliz
mira me invitaron a participar en algo importante y me cuesta aceptarlo,feliz
siento una pena enorme que no pasa y me duele mucho,triste
la verdad me tocó madrugar y no dormí nada y encima salio mal,triste
para serte honesto me ofrecieron un mejor cargo de verdad,feliz
sinceramente todo lo que construi se cayo pero no digo nada,triste
ahora mismo todo tiene sentido ahora y no lo puedo ocultar,feliz
te juro que me subieron el sueldo,feliz
honestamente estoy harto de esto en este momento,enojo
fijate que me siento re bien parce y no se que hacer,feliz
te cuento que me echaron la culpa de algo que hizo otro y no es facil,enojo
oye me di cuenta que nadie me busca si yo no busco,triste
mira me robaron el celular y estoy muy mal la verdad,triste
te cuento que me siento en paz y no se que hacer,feliz
no se si contarte pero me asusta que piensen que soy raro y me pesa cargarlo solo,miedo
es que siento que no encajo en ningún lado y no puedo evitarlo,triste
ahora mismo me siento derrotado y me afecta mucho,triste
la verdad defendi mi proyecto y quede bien y no puedo evitarlo,feliz
te digo que me duele mucho lo que ocurrio,triste
todo me hace enojar,enojo
para serte honesto me di cuenta que no me invitaron a la reunion y no se que hacer,triste
fijate que compre mi primera casa de verdad,feliz
hoy quise decir algo pero no encontre las palabras y no lo digo seguido,triste
es que siento que el miedo no me deja avanzar y no puedo evitarlo,miedo
te juro que eres un maleducado sin remedio de verdad,enojo
ahora mismo tengo miedo de que no me entiendan y no puedo evitarlo,miedo
la verdad me hicieron perder el tiempo otra vez,enojo
hoy fue un gran dia por todo lo que paso,feliz
te juro que siento que finjo estar bien tan seguido que ya ni se y me cuesta aceptarlo,triste
fijate que encontre algo que habia perdido hace tiempo y ya,feliz
ultimamente me exigen resultados sin darme las herramientas men,enojo
desde ayer me siento excelente hoy desde hace dias,feliz
me siento re bien parce hermano,feliz
es que me fallaron cuando mas los necesitaba y es agotador,triste
ahora mismo me saca de quicio todo esto la verdad,enojo
me saca de quicio que no cambien nada bro,enojo
es que estoy muy bravo con lo que paso parce,enojo
estoy muy contento con lo logrado,feliz
realmente no quiero salir solo esta semana,miedo
me dijeron que si y despues que no pero bueno,enojo
la verdad me cobraron de mas y no me quieren devolver la verdad,enojo
oye me ignoraron cuando tenia razon todo el tiempo,enojo
que quiere usted y no sé qué hacer,enojo
en serio me pone muy nervioso hablar en publico y me tiene mal,miedo
para serte honesto siento que las cosas mejoran y ya,feliz
parce me quede sin trabajo y no se que hacer,triste
hoy termine mi tesis de verdad,feliz
me pidieron que fuera a una reunion sin decirme de que y nadie lo sabe,miedo
de verdad que buen resultado tuvimos hoy sin duda,feliz
es que me siento muy desconectado de todo y de todos la verdad,triste
en serio me pidieron que fuera a recursos humanos y nadie lo sabe,miedo
me da pena decirlo pero tengo miedo de que se den cuenta que no entiendo y me pesa cargarlo solo,miedo
te juro que siento que no le importo a nadie de verdad pero ya no puedo mas,triste
fijate que me compre una moto y estoy mal,feliz
no puedo creer que no puedo creer tanta irresponsabilidad en serio,enojo
la verdad abusaron de mi confianza otra vez,enojo
es que no duermo de la preocupacion y no puedo evitarlo,miedo
la verdad me hicieron sentir mal por preguntar y no puedo evitarlo,enojo
hoy me angustia no tener todo claro a mi edad,miedo
mira lo que paso me dijeron que era muy sensible por sentirme mal y no se que hacer,enojo
ahora mismo hoy fue maravilloso esta semana,feliz
te cuento que me hablaron como si fuera tonto y nadie lo sabe,enojo
ahora mismo no es la primera vez y eso me tiene agotado,enojo
lo que es cierto es que que bonita sorpresa me llevé hoy,feliz
es que me tiene indignado lo que paso y no lo voy a tolerar,enojo
en serio me rindo de intentarlo y no se que hacer,triste
por fin me compre lo que queria de verdad,feliz
hoy me saca de quicio que no cambien nada,enojo
men termine el curso que venia haciendo de verdad,feliz
la verdad me siento inseguro y no se que hacer,miedo
es que tengo miedo de decir algo fuera de lugar pero ya no puedo mas,miedo
no se si contarte pero me reconocieron el esfuerzo en el trabajo y quisiera que alguien me ayudara,feliz
en serio me canse de pedir lo mismo sin resultado pero ya no puedo mas,enojo
la verdad me preocupa el futuro,miedo
de verdad me duele mucho lo que dijiste,triste
voy a dormir toda la noche y no sé qué hacer,feliz
ultimamente hice algo que me daba miedo y salio bien y quisiera que alguien me ayudara,feliz
te digo que todo el mundo esta en planes y yo solo en casa,triste
la verdad es que eso que hiciste estuvo muy feo,enojo
mañana es la presentacion y no estoy listo,miedo
ultimamente estoy muy enojado y me afecta mucho,enojo
la verdad me dijeron que si y despues que no,enojo
no te miento me tocó repetir el tramite porque perdieron mis papeles la verdad,enojo
ultimamente estoy disfrutando mucho y me encanta,feliz
me siento lleno de alegria sin duda,feliz
hoy compre mi primer carro sinceramente,feliz
en serio me hicieron sentir especial y ya,feliz
me quedé sin trabajo todavía,triste
mira lo que paso tengo miedo de que me alejen si se dan cuenta como soy y me cuesta mucho,miedo
en este momento me siento lleno de energia y eso me alegra,feliz
es que tengo panico de enfrentar esto solo y no se que hacer,miedo
fijate que mi abuelo ya no esta y ya,triste
la verdad me siento vacio ultimamente,triste
la verdad estoy realmente frustrado por todo lo que paso,enojo
me reconocieron el esfuerzo en el trabajo y no se que hacer,feliz
mira lo que paso vi que estaba en linea pero no me respondio y no puedo evitarlo,triste
ultimamente todo el mundo parece tener todo claro menos yo y me tiene pensando mucho,triste
realmente todo me hace enojar ultimamente,enojo
te juro que el profesor me felicito por el trabajo y trato de disimularlo,feliz
de verdad que buen resultado tuvimos hoy y estoy muy contento,feliz
oye por fin me contestaron y quisiera que alguien me ayudara,feliz
me hace muy bien sentirme asi,feliz
te cuento que me tiene muy irritado todo esto y no es facil,enojo
en serio no puedo creer que hayan hecho eso y no puedo evitarlo,enojo
fijate que estoy muy bravo con lo que paso,enojo
lo que pasa es que no supe si era una broma o algo serio y trato de disimularlo,triste
te digo que que alegria me da ver tus logros y es lo mejor que me paso,feliz
en serio subi algo y nadie reacciono y me senti invisible y me afecta,triste
parce estoy muy ido hoy no se que me pasa de verdad,triste
hermano me toco dejar los estudios por plata y me tiene mal,triste
hoy tengo panico de que algo que dije llegue a las manos equivocadas pero bueno,miedo
quede muy contento con el resultado y no es facil,feliz
la verdad siento que cargue solo con todo y ya,triste
desde ayer estoy demasiado preocupado en este momento,miedo
fijate que me hicieron esperar demasiado y ya,enojo
la verdad no aguanto mas ultimamente,enojo
la verdad me gane una chamba buenisima de verdad,feliz
te digo que tengo una angustia enorme en este momento,miedo
me siento muy solo en este momento y quisiera que no fuera así,triste
realmente tengo miedo de fallar en este momento,miedo
la verdad es que que buen resultado tuvimos hoy,feliz
ahora mismo la incertidumbre me tiene paralizado pero no digo nada,miedo
realmente nada tiene sentido ultimamente,triste
de verdad estoy muy agradecido por todo y es lo mejor que me paso,feliz
te juro que me indigna mucho tu comportamiento de verdad,enojo
te digo que me entristece mucho la distancia entre nosotros y no lo puedo superar,triste
hoy tengo panico de fallar frente a todos pero no digo nada,miedo
es que me dijeron que me quieren y ya,feliz
oye no se si actue bien y eso no me deja tranquilo y no lo digo seguido,miedo
ahora mismo ya me canse de esto otra vez,enojo
me da muy duro enfrentar esa conversacion y no se que hacer,miedo
te digo que estoy muy asustado por lo que viene de verdad,miedo
ultimamente me di cuenta que no me invitaron a la reunion y no lo digo seguido,triste
de verdad me entristece mucho pensar en eso y no se como seguir,triste
desde ayer siento demasiado temor otra vez,miedo
lo que pasa es que mi familia esta bien otra vez,feliz
la verdad es que me decepciono mucho lo que hiciste,enojo
mi abuela ya no esta,triste
men me siento muy pleno con lo que estoy haciendo y no se que hacer,feliz
te cuento que perdi una oportunidad importante pero no digo nada,triste
te digo que me siento lleno de alegria y es lo mejor que me paso,feliz
hoy me alegra muchisimo lo que paso y estoy muy contento,feliz
oye me tienen muy hastiado con lo mismo parce,enojo
lo que pasa es que me siento muy triste y desolado y no se como seguir,triste
honestamente esto me molesta mucho todo el tiempo,enojo
es que me irritas con ese comportamiento y no lo voy a tolerar,enojo
realmente no aguanto mas por todo lo que paso,enojo
es que vi algo que me dejo muy intranquilo y no se que hacer,miedo
estoy muy preocupado esta semana,miedo
la verdad todo me fastidia esta semana,enojo
me siento muy triste y sin motivacion y me duele mucho,triste
hoy me llego un paquete que habia pedido y ya,feliz
sinceramente me salio el primer cliente de verdad,feliz
ahora mismo me siento increible y eso me alegra,feliz
en serio me mandaron un audio muy lindo y no lo digo seguido,feliz
siento que todos avanzan menos yo bro,triste
bro tengo miedo de llegar a cierta edad sin haber logrado nada men,miedo
es que siento panico de enfrentar lo que viene y eso me preocupa mucho,miedo
la verdad me siento muy solo en esta ciudad,triste
sinceramente me da ansiedad cuando hay silencio en la conversacion pero ya no puedo mas,miedo
la verdad dijeron mentiras sobre mi en redes y ya,enojo
desde ayer me siento orgulloso ultimamente,feliz
parce me aprobo el credito el banco y no se que hacer,feliz
no te miento por fin me salio el pasaporte y me tiene mal,feliz
sabes que que buena noticia para terminar el dia en serio,feliz
fijate que aprobe la materia que tenia perdida pero ya no puedo mas,feliz
sinceramente me da mucha rabia esta semana,enojo
ultimamente tengo miedo de que me alejen si se dan cuenta como soy pero ya no puedo mas,miedo
ayer me compre una moto y ya,feliz
te digo que publicaron algo mio sin pedirme permiso men,enojo
me enferma tu comportamiento y me parece muy mal,enojo
no supe si era una broma o algo serio y nadie lo entiende,triste
hoy me senti muy bien conmigo mismo y nadie lo entiende,feliz
realmente me hicieron perder el tiempo y me afecta mucho,enojo
la verdad esto arruino mi dia desde hace dias,enojo
ultimamente me da miedo decepcionarme a mi mismo la verdad,miedo
hoy me da miedo pedir ayuda la verdad,miedo
mira lo que paso me da ansiedad abrir ese chat y trato de disimularlo,miedo
fijate que me ofrecieron un mejor cargo y no se como manejarlo,feliz
en serio me encontre con un amigo que no veia hace tiempo y no se que hacer,feliz
oye me embargaron la cuenta y no entiendo por que,miedo
no se si contarte pero nadie me eligio para su equipo de verdad,triste
hoy me da ansiedad conocer gente nueva y necesito que alguien me entienda,miedo
en serio siento que no le importo a nadie de verdad,triste
te cuento que no se si voy a poder con esto la verdad,miedo
lo que pasa es que estoy muy apenado por todo lo que perdí,triste
mira me cambiaron el turno sin avisarme,enojo
hicieron lo que quisieron sin preguntarme nada y nadie lo sabe,enojo
sinceramente todo esta mejorando por todo lo que paso,feliz
la verdad tengo panico desde hace dias,miedo
sinceramente cambiaron las reglas sin avisarme de verdad,enojo
lo que pasa es que perdi algo muy importante otra vez,triste
me siento muy contento con la vida y es lo mejor que me paso,feliz
la verdad es que estoy emocionado con las noticias y estoy muy agradecido,feliz
la verdad tengo panico de que me pregunten algo en clase parce,miedo
de verdad que mal te portas siempre y punto,enojo
en serio todo me irrita desde hace dias,enojo
desde hace dias siempre me pasa lo mismo con las mismas personas y me cuesta mucho,enojo
hoy ya no aguanto esta situacion de verdad,enojo
hoy siento que me quede atras,triste
sinceramente me da terror enfrentar esto solo pero no digo nada,miedo
fijate que me llegó una carta del juzgado y no se que es la verdad,miedo
en serio siento que no soy suficiente pero bueno,triste
en serio que descarado eres en serio y eso no esta bien,enojo
es que me echaron la culpa de algo que no hice y no se que hacer,enojo
me eliminaron del grupo sin decir nada de verdad,enojo
la verdad me ignoraron completamente y necesito que alguien me entienda,enojo
oye llegue a tiempo a todo la verdad,feliz
es que no se si estan enojados conmigo o es mi imaginacion de verdad,miedo
es que eso me pone muy furioso parce y ya,enojo
lo que es cierto es que que dia tan especial fue hoy,feliz
me da mucho miedo no estar listo de verdad,miedo
hoy me faltaron el respeto delante de todos y ya,enojo
ultimamente todo esta fluyendo muy bien y no puedo evitarlo,feliz
fijate que me siento muy bien conmigo mismo y es agotador,feliz
fijate que me salio rico lo que cocine y no lo puedo ocultar,feliz
me siento inseguro ultimamente,miedo
fijate que tuve que fingir que estaba bien toda la noche y me cuesta mucho,triste
te cuento que tengo que madrugar,triste
mira quedamos de una con el plan y ya,feliz
fijate que me cayo del cielo esa noticia,feliz
en serio me echaron la culpa de algo que no hice y es agotador,enojo
la verdad me siento destruido y me duele mucho,triste
ultimamente recibi buenas noticias en este momento,feliz
parce me ignoraron cuando tenia toda la razon la verdad,enojo
me regalaron algo que queria hace mucho y ya,feliz
lo que pasa es que tengo miedo de que mi respuesta suene agresiva y me cuesta mucho,miedo
realmente me hicieron perder el tiempo desde hace dias,enojo
lo que pasa es que mi pareja me sorprendio,feliz
no me escribió,triste
hoy mi mejor amigo se fue a vivir lejos,triste
hoy me echaron la culpa de algo que no hice y es agotador,enojo
siento que las cosas mejoran y ya,feliz
en este momento siento demasiado temor por todo lo que paso,miedo
mira me graduo este mes otra vez,feliz
no se si contarte pero tengo miedo de decir algo fuera de lugar y me cuesta mucho,miedo
mira me faltaron el respeto delante de todos y nadie lo sabe,enojo
realmente hoy fue un gran dia en este momento,feliz
ahora mismo me siento decepcionado esta semana,triste
es que no puedo creer lo que hicieron otra vez,enojo
desde ayer hoy fue un mal dia y me afecta mucho,triste
me dejo de seguir en redes sociales y no se como manejarlo,triste
la verdad es que estoy muy apagado y sin energia y quisiera que no fuera así,triste
sinceramente estoy emocionado ultimamente,feliz
la verdad el resultado me tiene muy angustiado y me afecta mucho,miedo
es que me tiene muy triste esta vuelta y no se que hacer,triste
sinceramente estoy apostando todo a esto,miedo
me tienen harto con tanta mentira sin excusas,enojo
mira me pidieron que fuera a recursos humanos y me tiene mal,miedo
me dieron la beca de la universidad publica la verdad,feliz
te juro que mi jefe quedo contento con mi trabajo y me afecta mucho,feliz
sinceramente me dijeron que exageraba y trato de disimularlo,enojo
me da pena decirlo pero me pidieron algo de ultimo momento y eso me tiene mal,enojo
definitivamente no quiero salir solo ultimamente,miedo
para serte honesto me rechazaron y duela mucho la verdad,triste
hoy me da pavor equivocarme y necesito que alguien me entienda,miedo
me aterra pensar en perder el control y no puedo calmarlo,miedo
te juro que no puedo creer tu irresponsabilidad sin excusas,enojo
te juro que me tienen harto con todo esto y ya me canse,enojo
te cuento que me tocó repetir el tramite porque perdieron mis papeles,enojo
es que me invitaron a algo importante y nadie lo sabe,feliz
desde hace dias me fue muy mal en el examen de verdad,triste
eso me pone muy furioso parce y nadie lo sabe,enojo
hoy me siento horrible hoy,triste
ahora mismo el profesor me felicito por el trabajo y me afecta mucho,feliz
no te miento me da terror decepcionar a alguien que confio en mi pero ya no puedo mas,miedo
es que me siento muy agradecido con la vida hoy,feliz
hoy siento que fracase y me afecta mucho,triste
te cuento que encontre lo que buscaba y no puedo evitarlo,feliz
te digo que me asusta pensar en las consecuencias,miedo
me dicen que deberia estar agradecido por poco y no se que hacer,enojo
oye me siento completo y no se que hacer,feliz
definitivamente estoy temblando de nervios en este momento,miedo
parce aprobe todas las materias este semestre y no se que hacer,feliz
sinceramente termino mi carrera todo el tiempo,feliz
estoy muy apenado y no se que decir y me duele mucho,triste
fijate que me robaron hoy y me afectó mucho,enojo
te digo que me siento muy bien con mi proceso de verdad,feliz
fijate que tuve que fingir que estaba bien toda la noche y no se que hacer,triste
en serio siento que las cosas mejoran y no lo puedo ocultar,feliz
hoy me aprobo el credito el banco hermano,feliz
me tiene muy enojado esa situacion y me tiene mal,enojo
te juro que no se para donde voy y eso me asusta y me pone triste la verdad,triste
la verdad me siento derrotado por todo lo que paso,triste
en serio tengo miedo de tomar la decision equivocada y no se que hacer,miedo
honestamente no voy a permitir que me hagas eso,enojo
hoy cambio su estado y supe que era por mi,triste
oye tengo miedo de tomar una decision y que salga mal y ya,miedo
estoy muy cansado de lucharla solo y eso me duele,triste
sinceramente me toco irme del barrio que queria,triste
es que me aterra quedar mal frente a todos y ya,miedo
lo que pasa es que me hablaron muy mal y no lo puedo ocultar,enojo
mira lo que paso me da ansiedad cuando hay silencio en la conversacion y no puedo evitarlo,miedo
hoy me cambiaron las condiciones a ultimo momento y ya,enojo
hoy siento que me estoy quedando sin opciones y me afecta,miedo
hoy hoy amaneci con mucha energia y ya,feliz
para serte honesto me cobraron de mas sin avisar y no se que hacer,enojo
te digo que hoy fue exactamente lo que necesitaba,feliz
fijate que me usaron y despues me ignoraron y ya,enojo
sinceramente que impotencia siento ahora y no lo voy a tolerar,enojo
me da ansiedad publicar algo y que lo juzguen y ya,miedo
mira me indigna mucho tu comportamiento y no lo entiendo,enojo
definitivamente hoy fue un gran dia esta semana,feliz
para serte honesto me hicieron esperar demasiado y eso me pesa,enojo
mira eso estuvo muy mal hecho,enojo
en serio me siento muy dichoso en este momento y estoy muy contento,feliz
lo que pasa es que quise decir algo pero no encontre las palabras pero necesitaba decirlo,triste
recibi buenas noticias otra vez,feliz
algo cambio de repente y no entiendo por que sinceramente,miedo
te digo que me siento muy bien con todo y estoy muy agradecido,feliz
te digo que capturaron una conversacion privada y la compartieron,enojo
desde hace dias me da pavor equivocarme y eso me pesa,miedo
para serte honesto todo me pesa demasiado y no puedo evitarlo,triste
hoy siento que el tiempo se me acaba y no he hecho nada bro,miedo
no se si contarte pero me saco del grupo sin razon y eso me tiene mal,triste
en este momento esto arruino mi dia en este momento,enojo
estoy muy triste y sin animo de nada y me duele mucho,triste
me da pena decirlo pero me asusta que piensen que soy raro y quisiera que alguien me ayudara,miedo
oye me dejo mi novia y estoy muy bajoneado y no es facil,triste
ultimamente me siento en paz la verdad,feliz
sinceramente hicimos sancocho en familia y fue muy rico y me tiene mal,feliz
estoy muy molesto con lo que hicieron pero bueno,enojo
ultimamente tengo miedo de que sea algo grave sinceramente,miedo
no te miento me copiaron el trabajo y lo publicaron como propio y no es facil admitirlo,enojo
en serio me prometieron el trabajo y al final le dieron a otro,enojo
ultimamente ya no esta la persona que queria y me tiene mal,triste
se aprovecharon de que no sabia la verdad,enojo
la verdad es que entregue el proyecto a tiempo pero ya no puedo mas,feliz
no se usaron mis ideas sin darme credito men,enojo
la verdad que mal tipo y no sé qué hacer,enojo
lo que es cierto es que me siento muy dichoso en este momento y estoy muy agradecido,feliz
no se si contarte pero no se si actue bien y eso no me deja tranquilo y eso me tiene mal,miedo
es que me mandaron de una oficina a otra sin solucion de verdad,enojo
de verdad que suerte tan grande la mia en serio,feliz
desde ayer me siento inseguro,miedo
estoy muy nervioso con esa vuelta y ya,miedo
hoy cumpli la meta que me habia puesto y me afecta,feliz
de verdad me decepciona mucho tu actitud sin excusas,enojo
me hace muy bien sentirme asi y no lo puedo creer,feliz
la verdad me pelee con mi mejor amigo y me duele mucho,triste
es que me saca de quicio esa actitud,enojo
es que me hablaron muy feo sin ninguna razon y no es facil,enojo
de verdad me siento muy motivado y feliz y estoy muy contento,feliz
lo que pasa es que me da terror decepcionar a alguien que confio en mi y trato de disimularlo,miedo
sinceramente siento una inquietud muy grande ahora,miedo
es que vi algo que me dejo muy intranquilo sinceramente,miedo
te cuento que me independice por fin y me afecta,feliz
hoy hice algo que me daba miedo y salio bien y me pesa cargarlo solo,feliz
estoy muy satisfecho con mis decisiones en serio,feliz
la verdad no me puedo sacar esta sensacion de encima de verdad,miedo
es que me cambiaron las condiciones a ultimo momento y no puedo evitarlo,enojo
te juro que no se como decirlo sin que se enojen y no es facil admitirlo,miedo
sinceramente me tienes cansado con eso y ya me canse,enojo
es que siento que estoy decepcionando a todos,triste
ultimamente me preocupa demasiado esto otra vez,miedo
sinceramente estoy muy nervioso de cara a lo que viene y no puedo calmarlo,miedo
es que me ignoraron durante horas de verdad,enojo
para serte honesto tengo panico de que me pregunten algo frente a todos y no lo digo seguido,miedo
no te miento me dieron el trabajo que queria de verdad,feliz
oye nadie noto que algo me pasaba y me pesa cargarlo solo,triste
hermano estoy muy cansado de lucharla solo y no se que hacer,triste
en serio estoy muy bajoneado sin poder levantarme y no se como seguir,triste
es que me toco el dia libre y es agotador,feliz
vieja hoy me fue de pelos y me cuesta mucho,feliz
me copiaron el trabajo y lo publicaron como propio y trato de disimularlo,enojo
la verdad me pusieron obstaculos que no tenian sentido,enojo
ultimamente siento que si me equivoco no hay vuelta atras,miedo
no te miento tengo miedo de que me rechacen si digo lo que pienso y quisiera que alguien me ayudara,miedo
te digo que me asusta pensar en las consecuencias y no se que hacer,miedo
siento mucha ansiedad por lo desconocido y no se que hacer,miedo
fijate que perdi algo muy importante otra vez,triste
no te miento me independice por fin,feliz
no te miento me ignoraron cuando tenia razon y necesito que alguien me entienda,enojo
lo que pasa es que me siento muy bien conmigo mismo y necesito que alguien me entienda,feliz
en serio odio esta situacion de verdad,enojo
oye me puse muy feliz con eso parce y nadie lo sabe,feliz
te cuento que nadie me escucha y no se que hacer,triste
siento una melancolía muy profunda de verdad,triste
bro me angustia pensar que quiza elegi mal mi carrera,miedo
es que me ignoraron cuando trate de explicarme y quisiera que alguien me ayudara,enojo
es que no se si actue bien y eso no me deja tranquilo y no puedo evitarlo,miedo
que felicidad tan grande siento ahora y no lo puedo creer,feliz
no te miento se aprovecharon de la buena fe mia parce,enojo
vieja estoy muy bacano con la noticia,feliz
es que me aprobo el credito el banco pero bueno,feliz
hoy tengo miedo de que me vaya mal en las parciales y me tiene mal,miedo
hoy hoy me senti muy bien conmigo mismo de verdad,feliz
ultimamente estoy muy emocionado,feliz
hermano me cayo muy bien esa persona hermano,feliz
es que estoy muy bravo con lo que paso de verdad,enojo
te cuento que defendi mi proyecto y quede bien,feliz
te juro que no supe leer la situacion y meti la pata de verdad,triste
sinceramente me siento horrible otra vez,triste
mira lo que paso no se si actue bien y eso no me deja tranquilo sinceramente,miedo
no me puedo sacar esta sensacion de encima pero necesitaba decirlo,miedo
es que siento una angustia muy grande ahora de verdad,miedo
lo que es cierto es que me pone de buen humor todo hoy,feliz
oye me excluyeron de la decision sin explicacion y me afecta mucho,enojo
mira siento que se me acaba el tiempo la verdad,miedo
definitivamente todo me fastidia en este momento,enojo
te cuento que no me puedo quitar esa preocupacion de encima y eso me duele,miedo
ahora mismo me siento inseguro y eso me preocupa,miedo
definitivamente esto me molesta mucho de verdad,enojo
te cuento que me pone muy nervioso hablar en publico y es agotador,miedo
no puedo soportar esta situacion y me parece muy mal,enojo
para serte honesto tengo miedo de que me rechacen si digo lo que pienso y me pesa cargarlo solo,miedo
en serio por fin me salio el pasaporte,feliz
no se si contarte pero hoy fui honesto y salio bien y me pesa cargarlo solo,feliz
hoy se aprovecharon de la buena fe mia,enojo
fijate que no puedo seguir por esa calle vacia todavía,miedo
me da pena decirlo pero publicaron algo mio sin pedirme permiso y me afecta mucho,enojo
te cuento que me paralizo cuando tengo que decidir sinceramente,miedo
no te miento me llamaron de la empresa y no dijeron para que de verdad,miedo
no entiendo como puedes actuar asi sin excusas,enojo
desde hace dias me salio rico lo que cocine,feliz
me dejo mi novia y estoy muy bajoneado de verdad,triste
la verdad no puedo creer lo que hicieron y eso me pesa,enojo
la verdad me tocó pagar una multa que no era justa y eso me duele,enojo
ultimamente me etiquetaron en algo que me alegro el dia y no lo digo seguido,feliz
bro me exigen resultados sin darme las herramientas,enojo
oye tengo un mal presentimiento con eso,miedo
fijate que me da pena que se den cuenta que no entendi pero bueno,miedo
siento que nadie me toma en serio y no se como manejarlo,enojo
no te miento por fin lo logre sinceramente,feliz
estoy muy agradecido por todo y es lo mejor que me paso,feliz
lo que pasa es que me da una ira terrible y eso no esta bien,enojo
hoy tengo miedo de mandar ese mensaje y que lo tomen mal pero ya no puedo mas,miedo
es que que desconsiderado eres siempre de verdad,enojo
no me puedo sacar esta sensacion de encima,miedo
parce hicimos sancocho en familia y fue muy rico y ya,feliz
la verdad estoy demasiado molesto y me afecta mucho,enojo
realmente estoy agotado emocionalmente y me afecta mucho,triste
te cuento que me cancelaron la cita sin avisar,enojo
mira quedamos de una con el plan la verdad,feliz
me asaltaron y estoy mal,enojo
la verdad es que estoy muy bajo de animo y sin ganas y no lo puedo superar,triste
hoy tengo miedo de tomar una decision y que salga mal bro,miedo
tengo miedo de lo que no puedo ver y me tiene muy nervioso,miedo
es que me tiene muy preocupado lo que esta pasando y eso me duele,miedo
me da pena hablar en publico y manana me toca y me tiene mal,miedo
sinceramente extraño como era todo antes la verdad,triste
hoy ya no tengo ganas por todo lo que paso,triste
hoy no se que va a pasar y eso me preocupa,miedo
mira lo que paso me pusieron en evidencia en un grupo pero ya no puedo mas,enojo
hoy me tiene muy preocupado lo que esta pasando,miedo
desde hace dias no tengo con quien hablar todo el tiempo,triste
lo que es cierto es que estoy muy agradecido por este momento,feliz
hoy me faltaron el respeto y ya,enojo
ultimamente por fin termine el proyecto de verdad,feliz
te juro que me saco del grupo sin razon y nadie lo entiende,triste
me duele mucho saber que ya no esta y quisiera que no fuera así,triste
tengo miedo de decir algo y que lo malinterpreten y me cuesta aceptarlo,miedo
ultimamente me faltaron el respeto y necesito que alguien me entienda,enojo
en este momento me preocupa el futuro todo el tiempo,miedo
tengo miedo de decir algo y que lo tomen mal pero bueno,miedo
la verdad es que estoy muy bajoneado sin poder levantarme,triste
lo que pasa es que siento un vacio muy grande en mi y quisiera que no fuera así,triste
te cuento que no tengo ganas de nada ultimamente y estoy mal,triste
hoy me tiene muy triste esta vuelta de verdad,triste
hoy mañana tengo examen y no he estudiado,miedo
en serio me siento muy vacio aunque tenga cosas que hacer y no es facil,triste
es que el profesor me humillo frente a todos y me cuesta mucho,triste
tengo miedo de que me cancelen por algo que dije y me afecta,miedo
es que no tengo plan b si esto falla y nadie lo sabe,miedo
te cuento que estoy muy molesto con lo que hicieron,enojo
ahora mismo me siento completo y me afecta mucho,feliz
me da ansiedad publicar algo y que lo juzguen y me afecta,miedo
hoy me hicieron repetir el tramite tres veces y ya,enojo
ahora mismo me interrumpieron todo el tiempo y ya,enojo
fijate que cargue con toda la responsabilidad del grupo y nadie lo entiende,enojo
hoy me paraliza no saber cual es el camino correcto,miedo
desde hace dias me saca de quicio todo esto pero no digo nada,enojo
definitivamente todo esta mejorando y eso me alegra,feliz
en serio pase el semestre sin perder nada de verdad,feliz
desde hace dias siempre me pasa lo mismo con las mismas personas y no se como manejarlo,enojo
definitivamente me siento lleno de energia otra vez,feliz
hoy me comparo mucho con los demas y me hace mal,triste
en serio me mintieron en mi cara y me afecta mucho,enojo
es que tengo mucho temor de lo que viene y no puedo calmarlo,miedo
me encontre con un amigo que no veia hace tiempo parce,feliz
hoy me da pena hablar en publico y manana me toca,miedo
la verdad estoy con las personas que amo la verdad,feliz
no puedo creer que que rabia me da todo esto y eso no esta bien,enojo
hoy mi familia estuvo muy unida hoy parce,feliz
es que me tienen muy hastiado con lo mismo,enojo
me echaron la culpa de algo que hizo otro y no se que hacer,enojo
oye me preocupa mucho el futuro economico pero bueno,miedo
la verdad tengo un mal presentimiento con eso pero bueno,miedo
oye eres increiblemente irresponsable,enojo
ahora mismo me encanta este momento en este momento,feliz
ultimamente la incertidumbre me tiene paralizado y no puedo evitarlo,miedo
no se si contarte pero vi que estaba en linea pero no me respondio y trato de disimularlo,triste
te juro que hable con alguien nuevo y no fue tan malo y no se como manejarlo,feliz
mira todo me genera ansiedad ultimamente y no lo puedo ocultar,miedo
no te miento me preocupa haber dicho algo sin darme cuenta y no es facil admitirlo,miedo
me independice por fin la verdad,feliz
lo que pasa es que minimizaron lo que sentia y trato de disimularlo,enojo
en serio me pusieron a hacer el trabajo de todos,enojo
oye no tenemos para el arriendo este mes y no es facil,triste
me da mucha alegria saber eso en serio,feliz
termine de pagar mi deuda y no puedo evitarlo,feliz
ahora mismo tengo miedo de haber arruinado algo sin saberlo de verdad,miedo
la verdad no pude ir a la graduacion pero necesitaba decirlo,triste
ya no hablo con mi parcero de toda la vida pero bueno,triste
oye no respetas nada ni a nadie y no lo entiendo,enojo
es que me pusieron obstaculos que no tenian sentido y me tiene mal,enojo
oye se fue mi gato hoy sinceramente,triste
hoy me di cuenta que avance mucho pero bueno,feliz
te digo que estoy muy bajoneado con todo y no se como seguir,triste
definitivamente me siento excelente hoy,feliz
la verdad no se si voy a poder sostenerme solo,miedo
me alegra mucho tu compania de verdad,feliz
desde hace dias me dejaron solo en esto de verdad,triste
oye nada de lo que hago vale la pena y ya,triste
estoy demasiado angustiado para pensar y necesito que alguien me entienda,miedo
en serio siento que las cosas mejoran y es agotador,feliz
fijate que tengo ansiedad de pensar en todo lo que falta,miedo
lo que pasa es que me preocupa no poder lograrlo y eso me pesa,miedo
para serte honesto me saca de quicio todo esto la verdad,enojo
te cuento que me robaron el celular y estoy muy mal y no se que hacer,triste
sinceramente me da mucha pena decirle eso a la gente,miedo
ahora mismo no duermo de la preocupacion y es agotador,miedo
sinceramente siento que me quede atras y nadie lo sabe,triste
ultimamente nada tiene sentido esta semana,triste
que bonito dia fue este para todos de verdad,feliz
me dijeron que si y despues que no y me tiene mal,enojo
siento que algo no esta bien aunque todo parece normal pero necesitaba decirlo,miedo
en este momento que problema tan absurdo esta semana,enojo
es que me usaron cuando les convenia y despues nada parce,enojo
es que me costo mucho levantarme hoy y me tiene mal,triste
sinceramente hoy me di cuenta que avance mucho y nadie lo sabe,feliz
fijate que me aprobo el credito el banco y no se que hacer,feliz
la verdad es que no respetas nada ni a nadie en serio,enojo
hoy siento que el tiempo se me acaba y no he hecho nada pero bueno,miedo
estoy muy molesto con lo que hicieron de verdad,enojo
ahora mismo se rieron de como me exprese pero necesitaba decirlo,enojo
te juro que me molesta tu falta de consideracion y no lo voy a tolerar,enojo
sinceramente me angustia no saber como interpretar eso y nadie lo entiende,miedo
hoy estoy harto de esto y eso empeora todo,enojo
ultimamente no entendi bien el tono y eso me tiene angustiado y eso me tiene mal,miedo
mira me tiene muy desanimado todo esto,triste
la verdad me siento muy agradecido con la vida hoy y me cuesta aceptarlo,feliz
oye se burlaron de mi y me tiene mal,enojo
hoy estrene mi apartamento pero necesitaba decirlo,feliz
no te miento me da susto pedir el favor porque me da pena y ya,miedo
realmente me siento horrible hoy esta semana,triste
es que termine mi tesis y ya,feliz
me siento muy decaido en este momento,triste
tengo ansiedad de pensar en el futuro y ya,miedo
fijate que estoy esperando una respuesta y me tiene nervioso y ya,miedo
no te miento estoy muy ido hoy no se que me pasa,triste
me alegra mucho saber eso sin duda,feliz
vieja me cayo muy bien esa persona pero bueno,feliz
me dieron informacion falsa y ya,enojo
vieja siento que todo el mundo sigue y yo me quede quieto,triste
eres muy desconsiderado con los demas y me parece muy mal,enojo
hoy me saco del grupo sin razon y trato de disimularlo,triste
ultimamente esto me molesta mucho desde hace dias,enojo
fijate que me citaron a declarar y estoy muy nervioso,miedo
definitivamente tengo miedo de hablar todo el tiempo,miedo
no te miento me ignoraron cuando trate de explicarme y trato de disimularlo,enojo
me fue muy mal en el examen sinceramente,triste
es que no se si actue bien y eso no me deja tranquilo y trato de disimularlo,miedo
sinceramente la incertidumbre me tiene paralizado y me tiene mal,miedo
en serio me pidieron que fuera a recursos humanos la verdad,miedo
lo que pasa es que me trataron como si no existiera pero no digo nada,enojo
sinceramente tengo miedo de que me vaya mal en las parciales y me tiene mal,miedo
desde hace dias pude decir lo que sentia sin miedo y me afecta mucho,feliz
sinceramente ya no tengo fuerzas para nada y no puedo evitarlo,triste
en este momento me da mucha rabia desde hace dias,enojo
ultimamente me di cuenta que nadie me busca si yo no busco y nadie lo entiende,triste
me da miedo que graben algo mio sin permiso y me tiene pensando mucho,miedo
honestamente me enferma tu comportamiento y me parece muy mal,enojo
es que me asusta pensar en el futuro la verdad,miedo
ultimamente me da ansiedad publicar algo y que lo juzguen de verdad,miedo
sinceramente me da miedo no poder controlarlo,miedo
hoy hoy no tuve que madrugar y lo disfrute pero bueno,feliz
me salio rico lo que cocine y me tiene mal,feliz
en serio eso estuvo muy mal de tu parte y punto,enojo
logre ahorrar lo que necesitaba,feliz
sinceramente siento que voy a fallar manana y nadie lo sabe,miedo
hoy no me puedo quitar esa preocupacion de encima y nadie lo sabe,miedo
me puse muy feliz con eso parce la verdad,feliz
te digo que me hace muy bien sentirme asi,feliz
en serio me echaron la culpa de algo que no hice y no se que hacer,enojo
fijate que me echaron la culpa de algo que hizo otro,enojo
la verdad es que no supe leer la situacion y meti la pata y me tiene agotado,triste
mira mi mejor amigo se fue para otro pais y me cuesta mucho,triste
me da pena decirlo pero entregue el proyecto a tiempo y nadie lo entiende,feliz
sinceramente no supe leer la situacion y meti la pata de verdad,triste
hoy me tiene angustiado no saber que va a pasar y me tiene mal,miedo
te cuento que me tiene muy irritado todo esto parce,enojo
te cuento que mi equipo gano hoy y estoy feliz de verdad,feliz
sinceramente tengo una angustia enorme en este momento y no puedo calmarlo,miedo
ultimamente me siento tranquilo y feliz,feliz
la verdad tengo ansiedad por lo que viene,miedo
no te miento todo cambio de golpe y no puedo evitarlo,triste
es que no pude ir a la graduacion pero bueno,triste
sinceramente nadie reconocio lo que aporte pero ya no puedo mas,enojo
mira me independice por fin y no puedo evitarlo,feliz
fijate que me aprobo el credito el banco y eso me duele,feliz
ultimamente estoy demasiado molesto de verdad,enojo
realmente estoy disfrutando mucho en este momento,feliz
ahora mismo me hicieron una videollamada sorpresa y eso me tiene mal,feliz
te cuento que siento que algo malo va a pasar,miedo
que bonita sorpresa me llevé hoy de verdad,feliz
no se si contarte pero tengo miedo de mandar ese mensaje y que lo tomen mal y no es facil admitirlo,miedo
lo que pasa es que me siento realizado sinceramente,feliz
me pusieron a hacer el trabajo de todos,enojo
parce me tiene muy desanimado todo esto,triste
tengo panico de que algo malo pase,miedo
que experiencia tan maravillosa fue,feliz
hoy me descuentan del sueldo cosas que no firmé parce,enojo
desde ayer no se que va a pasar todo el tiempo,miedo
en este momento me sacaron la paciencia y me afecta mucho,enojo
ultimamente cargue con toda la responsabilidad del grupo pero necesitaba decirlo,enojo
para serte honesto me paralizo cuando tengo que decidir y no puedo evitarlo,miedo
la verdad eso estuvo muy feo y no sé qué hacer,enojo
fijate que todos parecen entender menos yo y me pesa cargarlo solo,triste
la verdad se llevaron el credito de lo que yo hice otra vez,enojo
desde hace dias me trataron como si no existiera y me tiene mal,enojo
sinceramente me da ansiedad cuando hay silencio en la conversacion y eso me tiene mal,miedo
en este momento me da mucha rabia ultimamente,enojo
la verdad me asusta no saber si voy a conseguir trabajo bro,miedo
hoy me da terror enfrentar esto solo y eso me pesa,miedo
me da pena decirlo pero no entiendo nada y me da verguenza preguntar y me tiene agotado,triste
te cuento que me tienen muy mamado con esa vuelta,enojo
no te miento me echaron la culpa de lo que salio mal y no lo digo seguido,enojo
me hablaron muy feo sin ninguna razon y ya,enojo
se metió en algo que no le pregunté,enojo
lo que pasa es que me invitaron a participar en un proyecto y nadie lo entiende,feliz
para serte honesto me dejaron hacer todo el trabajo solo y me tiene mal,enojo
realmente estoy demasiado preocupado ultimamente,miedo
no se si contarte pero tengo miedo de ver lo que me respondieron y nadie lo entiende,miedo
hoy estoy con las personas que amo y me afecta mucho,feliz
men estoy muy emocionado con lo que viene y me cuesta aceptarlo,feliz
te digo que siento el corazon muy apesadumbrado y quisiera que no fuera así,triste
hermano me hicieron fila tres horas y no me atendieron la verdad,enojo
oye me saca de mis casillas esto,enojo
hoy me tienen hasta la coronilla y no puedo evitarlo,enojo
hermano extraño mucho a las personas que ya no estan pero bueno,triste
sinceramente me pagan mal y me exigen demasiado,enojo
ahora mismo me siento feliz y me encanta,feliz
en serio me eliminaron del grupo sin decir nada bro,enojo
tengo miedo de lo que no puedo ver y no se que hacer,miedo
estoy muy angustiado con las noticias de hoy,miedo
fijate que me tiene muy cansado esta gente la verdad,enojo
ultimamente tengo miedo de caerle mal sin querer y me cuesta mucho,miedo
me da una ira terrible y eso no esta bien,enojo
en serio nadie noto que algo me pasaba y no se que hacer,triste
en serio me siento muy mal por todo lo vivido,triste
mira vi las historias de todos y me senti muy mal y no se que hacer,triste
realmente me siento derrotado y me afecta mucho,triste
ultimamente me siento lleno de energia,feliz
lo que pasa es que me hicieron sentir especial y eso me pesa,feliz
lo que pasa es que eres una persona muy egoista en serio,enojo
es que me angustia no tener todo claro a mi edad pero bueno,miedo
el partido de colombia salio bien y me tiene mal,feliz
hoy estoy demasiado preocupado otra vez,miedo
ultimamente me siento increible todo el tiempo,feliz
fijate que estoy muy mamado de todo,triste
me dejaron hacer todo el trabajo solo y no puedo evitarlo,enojo
te cuento que ya no hablo con alguien que queria mucho la verdad,triste
me tiene harto tu falta de respeto y ya me canse,enojo
la verdad me hicieron perder el tiempo desde hace dias,enojo
men siento que no tengo proposito pero bueno,triste
me siento muy bien por todo en serio,feliz
en serio no alcance el cupo en la universidad publica la verdad,triste
oye sali del pais por primera vez,feliz
fijate que no se si voy a poder con esto pero no digo nada,miedo
hoy me pelee con mi mejor amigo y me duele mucho y no puedo evitarlo,triste
en serio me da miedo no estar a la altura de lo que se espera la verdad,miedo
en este momento nada tiene sentido esta semana,triste
realmente tengo miedo de fallar otra vez,miedo
para serte honesto nadie hace las cosas bien aqui y ya,enojo
te cuento que me trataron muy mal sin razon y me afecta mucho,enojo
logre lo que queria y me tiene mal,feliz
hoy me siento muy solo en esta ciudad y eso me duele,triste
mi familia estuvo muy unida hoy de verdad,feliz
ahora mismo estoy demasiado molesto ultimamente,enojo
en este momento me preocupa demasiado esto esta semana,miedo
hoy me excluyeron de la decision sin explicacion pero ya no puedo mas,enojo
en serio manana tengo una prueba importante y estoy nervioso y me afecta mucho,miedo
en serio me ignoraron cuando tenia razon y no lo puedo ocultar,enojo
la verdad estoy muy nervioso con esa vuelta pero bueno,miedo
lo que pasa es que me siento muy triste y sin motivacion y no lo puedo superar,triste
hermano eso me pone muy furioso parce pero bueno,enojo
en serio me siento muy triste y sin motivacion,triste
es que no tuve ganas de comer de verdad,triste
hoy ya no quiero hablar de eso porque nadie entiende y me afecta,triste
para serte honesto tengo miedo de que me rechacen si digo lo que pienso y trato de disimularlo,miedo
fijate que me dijeron que me quieren y me tiene mal,feliz
hermano me tiene muy bajoneado lo que paso de verdad,triste
no puedo creer que que actitud tan mala la tuya y eso no esta bien,enojo
te cuento que me cuesta aceptar que eso ya termino y no puedo evitarlo,triste
no entiendo como puedes actuar asi,enojo
definitivamente me siento incomodo con esto y no se que hacer,miedo
hoy tengo miedo de tomar una decision y que salga mal de verdad,miedo
men vi que me sacaron de un grupo y no dije nada y me tiene pensando mucho,triste
la verdad es que cargue con toda la responsabilidad del grupo sinceramente,enojo
ultimamente mi grupo de trabajo funciono muy bien y eso me tiene mal,feliz
la verdad me cobraron de mas sin avisar y es agotador,enojo
mira lo que paso pude expresarme sin que me juzgaran y no lo digo seguido,feliz
para serte honesto perdi una oportunidad importante de verdad,triste
me siento muy achantado hoy y no es facil,triste
me da ansiedad ver cuanta gente vio mi historia y no es facil,miedo
fijate que me asusta pensar en el futuro y no puedo evitarlo,miedo
oye hicimos una reunioncita y quedo muy buena y no puedo evitarlo,feliz
no te miento tengo miedo de mandar ese mensaje y que lo tomen mal y me tiene agotado,miedo
desde hace dias me da terror decepcionar a alguien que confio en mi y trato de disimularlo,miedo
parce me tiene muy apagado esta situacion y me cuesta mucho,triste
bro desactive mis redes porque me hacian sentir mal y me afecta,triste
men publicaron algo mio sin pedirme permiso y ya,enojo
te cuento que me tiene muy bajoneado lo que paso pero bueno,triste
en este momento estoy muy preocupado y eso me preocupa,miedo
la verdad es que siento una pena muy honda en mi y no lo puedo superar,triste
hoy fuimos a la finca y fue muy bacano y no es facil,feliz
me aterra pensar en perder el control y me tiene muy nervioso,miedo
si me cai en el trabajo,triste
honestamente me da mucha rabia lo que hiciste sin excusas,enojo
la verdad todo el mundo esta en planes y yo solo en casa la verdad,triste
es que todo el mundo esta en planes y yo solo en casa y no se que hacer,triste
tengo miedo de mandar ese mensaje y que lo tomen mal y nadie lo entiende,miedo
es que me estan ocultando algo y eso me pone nervioso pero necesitaba decirlo,miedo
hoy el medico me dijo que necesita hablar conmigo,miedo
ahora mismo tengo miedo de lo que piensen de mi y no puedo evitarlo,miedo
mira termine de pagar mi deuda y no se que hacer,feliz
definitivamente esto me molesta mucho desde hace dias,enojo
es que tengo panico de fallar cuando todos confian en mi de verdad,miedo
hoy esto arruino mi dia de verdad,enojo
es que me da miedo no estar a la altura de lo que se espera,miedo
desde ayer ya no tengo ganas todo el tiempo,triste
hoy mi familia esta pasando un momento muy dificil parce,triste
me da pena decirlo pero me escribieron solo para reclamarme,enojo
no se si contarte pero me paraliza la idea de tener que hablar en grupo y me tiene agotado,miedo
siento que estoy decepcionando a todos la verdad,triste
te cuento que me hicieron fila tres horas y no me atendieron de verdad,enojo
men tengo miedo de equivocarme y arrepentirme despues,miedo
la verdad me tiene muy desanimado todo esto la verdad,triste
ahora mismo no se que va a pasar esta semana,miedo
la verdad me toco vender el carro que tanto queria y nadie lo sabe,triste
la verdad tengo un mal presentimiento desde ayer pero bueno,miedo
es que tengo un presentimiento muy malo y ya,miedo
en serio me ignoraron cuando tenia razon y eso me pesa,enojo
te cuento que me respondieron con mala cara sin razon y me tiene mal,enojo
hoy me tiene muy intranquilo todo esto,miedo
me graduo el sabado en el paraninfo parce,feliz
te digo que me angustia pensar que quiza elegi mal mi carrera,miedo
tengo miedo de que lo peor esta por venir y me tiene muy nervioso,miedo
te juro que tengo miedo de que las cosas cambien de repente y no se como manejarlo,miedo
me siento muy orgulloso de lo logrado en serio,feliz
sinceramente tengo panico de que me pregunten algo en clase la verdad,miedo
oye me independice por fin la verdad,feliz
desde ayer me siento horrible por todo lo que paso,triste
la verdad no me dejaron terminar de hablar pero necesitaba decirlo,enojo
es que me preocupa haber dicho algo sin darme cuenta y trato de disimularlo,miedo
la verdad por fin me salio el pasaporte y nadie lo sabe,feliz
ahora mismo me preocupa el futuro y no puedo dormir,miedo
la verdad es que me entristece mucho esta situacion y me duele mucho,triste
bro hoy fue un dia increible de verdad,feliz
hoy me di cuenta que nadie me busca si yo no busco y no puedo evitarlo,triste
te cuento que siento que voy por buen camino y necesito que alguien me entienda,feliz
sinceramente todo salio mal esta semana,triste
tengo miedo de que mi respuesta suene agresiva y no puedo evitarlo,miedo
mira siento una rabia horrible ahora mismo y eso no esta bien,enojo
te digo que no se si lo que estoy haciendo es lo correcto y no es facil,miedo
mira hoy descanse muy bien,feliz
hoy me embargaron la cuenta y no entiendo por que y ya,miedo
en serio quede encantado con como salio todo y ya,feliz
se fue mi gato hoy la verdad,triste
la verdad quiero estar solo y me afecta mucho,triste
me dieron acceso a la oportunidad que queria y no es facil,feliz
lo que es cierto es que me pone feliz ver tu progreso,feliz
sinceramente hoy me senti comodo siendo yo mismo y no se como manejarlo,feliz
fijate que siento que todo el mundo sigue y yo me quede quieto,triste
sinceramente todo me afecta demasiado y no se que hacer,triste
es que siento panico cuando pienso en eso de verdad,miedo
la verdad es que me duele mucho haber llegado a esto y me duele mucho,triste
es que todo el mundo parece tener todo claro menos yo y me cuesta aceptarlo,triste
me ignoraron durante horas,enojo
ahora mismo el profesor me felicito por el trabajo y quisiera que alguien me ayudara,feliz
te juro que todos parecen entender menos yo pero ya no puedo mas,triste
oye me bloquearon sin darme ninguna explicacion,enojo
estoy muy bajoneado sin poder levantarme,triste
me da pena que se den cuenta que no entendi y ya,miedo
la verdad hoy fue un dia muy chévere la verdad,feliz
te cuento que me tiene con los nervios destrozados y no puedo evitarlo,miedo
me bloquearon sin darme ninguna explicacion pero bueno,enojo
en serio me tiene con los nervios destrozados hermano,miedo
es que mi abuelo ya no esta pero bueno,triste
no te miento me hicieron sentir mal por preguntar y me afecta,enojo
siento una tristeza que no puedo explicar de verdad,triste
para serte honesto me da mucho miedo entrar al salon y que todos me miren y no es facil admitirlo,miedo
definitivamente me siento motivado de verdad,feliz
mira estrene mi apartamento de verdad,feliz
ahora mismo hablaron de algo que yo no sabia y me senti excluido,triste
lo que pasa es que me duele mucho lo que dijiste y me duele mucho,triste
mi equipo gano hoy y estoy feliz y no se que hacer,feliz
es que siento que fracase otra vez,triste
no te miento sali del pais por primera vez de verdad,feliz
ahora mismo hoy fue un dia muy gris y necesito que alguien me entienda,triste
mira lo que paso cambiaron las reglas sin avisarme de verdad,enojo
la verdad todo el mundo sigue y yo estoy quieto y no se que hacer,triste
ahora mismo mi familia esta bien y no lo puedo ocultar,feliz
es que me tocó madrugar y no dormí nada y encima salio mal parce,triste
mira me fue bien en el icfes,feliz
oye estoy al limite de mi paciencia todo el tiempo,enojo
oye me perdi un momento importante pero necesitaba decirlo,triste
sinceramente siento que algo malo va a pasar pero no digo nada,miedo
la verdad es que hoy fui honesto y salio bien y no se que hacer,feliz
me invitaron a algo importante la verdad,feliz
siento un temor constante que no desaparece y no puedo calmarlo,miedo
desde hace dias me interrumpieron todo el tiempo y no se que hacer,enojo
sinceramente el profesor me felicito por el trabajo y no se que hacer,feliz
mira lo que paso nadie noto que algo me pasaba y eso me tiene mal,triste
te cuento que me tiene angustiado no saber que va a pasar otra vez,miedo
sinceramente me siento realizado y me tiene mal,feliz
perdi algo muy importante y no se que hacer,triste
te cuento que nacio mi hija sinceramente,feliz
lo que pasa es que siento que todo se fue y no volvera y no se como seguir,triste
sinceramente me tiene con los nervios destrozados,miedo
que manera tan irresponsable de actuar,enojo
hoy me dejo en visto y no respondio sinceramente,triste
me salio el negocio que queria y eso me duele,feliz
fijate que me llamaron para el trabajo en medellin la verdad,feliz
hoy me ignoraron completamente y es agotador,enojo
sinceramente siento una tristeza que no puedo superar y quisiera que no fuera así,triste
me cobraron mas de lo que decia el precio parce,enojo
es que me aprobo el credito el banco y me cuesta mucho,feliz
te cuento que no puedo creer lo que hicieron y no lo puedo ocultar,enojo
hermano me descuentan del sueldo cosas que no firmé y nadie lo sabe,enojo
no te miento me tiene muy preocupado lo que esta pasando de verdad,miedo
hoy me cayo del cielo esa noticia hermano,feliz
te cuento que me quede sin trabajo y no se que hacer,triste
te juro que aprobe la materia que tenia perdida y trato de disimularlo,feliz
me da pena decirlo pero tengo miedo de caerle mal sin querer y no lo digo seguido,miedo
me da terror pensar que no hay salida de verdad,miedo
hoy me pagaron,feliz
mira lo que paso mi grupo de trabajo funciono muy bien,feliz
te cuento que siento que me quede atras y me afecta,triste
lo que pasa es que me fallaron cuando mas los necesitaba de verdad,triste
fijate que tengo miedo de que no me entiendan y no se que hacer,miedo
de verdad estoy muy apenado por lo sucedido y no se como seguir,triste
mira todo el mundo sigue y yo estoy quieto la verdad,triste
estoy con una nota hoy parce,feliz
todo salio excelente por todo lo que paso,feliz
sinceramente siento demasiado temor desde hace dias,miedo
mira me respondieron con mala cara sin razon y ya,enojo
hoy me independice por fin pero bueno,feliz
ahora mismo tengo mucho miedo ultimamente,miedo
hoy ya no tengo ganas desde hace dias,triste
sinceramente me dejo en visto y no respondio,triste
estoy muy nervioso con esa vuelta y nadie lo sabe,miedo
hermano tengo miedo de que me rechacen si digo lo que pienso y me cuesta mucho,miedo
en serio me da pena hablar en publico y manana me toca la verdad,miedo
hoy me siento muy perdido con mi vida,triste
la verdad hoy todo fluyo bien la verdad,feliz
estoy muy ido hoy no se que me pasa y no es facil,triste
de verdad me entristece mucho esta situacion,triste
siento que todo se fue y no volvera y no se como seguir,triste
me preocupa no poder pagar el arriendo el otro mes parce,miedo
me dieron el trabajo que queria pero bueno,feliz
lo que pasa es que me trataron muy mal sin razon y me tiene mal,enojo
mira me pone muy nervioso tener que dar explicaciones,miedo
en serio me sacaron de la jugada sin ninguna explicacion y me tiene mal,enojo
sinceramente logre lo que queria sinceramente,feliz
sinceramente estoy muy nervioso con todo lo que pasa,miedo
fijate que hoy me fue de pelos pero bueno,feliz
me tiene harto tu falta de respeto y no lo entiendo,enojo
siento que nada tiene sentido ahora y no lo puedo superar,triste
sinceramente siento demasiado temor todo el tiempo,miedo
no te miento no supe como responder y ahora me arrepiento y no se como manejarlo,triste
me irritas con ese comportamiento,enojo
ahora mismo siento que no encajo en ningún lado pero no digo nada,triste
ahora mismo tengo miedo de tomar la decision equivocada otra vez,miedo
fijate que me rechazaron y duela mucho y no lo puedo ocultar,triste
no te miento me enfurece que actuen asi sinceramente,enojo
en este momento estoy harto de todo y me afecta mucho,enojo
tengo panico de no salir de esto,miedo
desde hace dias tengo miedo de decepcionar a todos y me afecta mucho,miedo
hoy siento mucha presion otra vez,miedo
fijate que no me reconozco ultimamente,triste
hoy perdi mi negocio y no se como seguir la verdad,triste
mira me tocó pagar una multa que no era justa de verdad,enojo
fijate que el resultado me tiene muy angustiado y me tiene mal,miedo
te digo que me contactaron por mi trabajo y quede feliz y no es facil,feliz
hoy que buena noticia para empezar el dia,feliz
sinceramente tengo un presentimiento malo muy fuerte,miedo
hermano tengo miedo de embarrarla con esa decision,miedo
fijate que por fin me compre lo que queria,feliz
no puedo evitar que tengo panico de enfrentar esto solo y no puedo calmarlo,miedo
hoy pase el dia en cama,triste
realmente estoy muy enojado desde hace dias,enojo
sinceramente hicieron como si yo no existiera en la reunion y no puedo evitarlo,enojo
la verdad es que que buena experiencia vivimos juntos y estoy muy agradecido,feliz
logre cerrar el trato que necesitaba y eso me tiene mal,feliz
fijate que llegue a los seguidores que queria,feliz
ultimamente siento que finjo estar bien tan seguido que ya ni se bro,triste
definitivamente todo esta empeorando esta semana,triste
me angustia saber que todo queda guardado en internet y nadie lo entiende,miedo
hoy no quiero mandar el audio por miedo a como sueno y no se que hacer,miedo
es que fuimos a la finca y fue muy bacano de verdad,feliz
la verdad nadie entendio como me sentia y no puedo evitarlo,triste
hoy hoy me di cuenta que avance mucho y nadie lo sabe,feliz
hoy eso me pone muy furioso parce y no puedo evitarlo,enojo
es que me angustia no saber como interpretar eso y no puedo evitarlo,miedo
me dejaron esperando sin explicacion la verdad,enojo
hoy intenté hablar y nadie me prestó atención,triste
ultimamente siento demasiado temor y no se que hacer,miedo
es que me graduo el sabado en el paraninfo,feliz
la verdad es que siento una pena muy grande ahora y no lo puedo superar,triste
lo que pasa es que nadie entendio como me sentia otra vez,triste
lo que pasa es que me faltaron el respeto y me tiene mal,enojo
sinceramente tengo un presentimiento muy malo de verdad,miedo
mira estoy realmente indignado y me tiene mal,enojo
me da miedo no poder controlarlo y no se que hacer,miedo
siento que estoy decepcionando a todos y me afecta,triste
oye estoy al limite de mi paciencia y no puedo evitarlo,enojo
sabes que estoy muy contento y agradecido,feliz
oye tengo miedo de haber arruinado algo sin saberlo sinceramente,miedo
la verdad tengo un mal presentimiento con eso,miedo
mira lo que paso me pusieron el visto y luego respondieron bien y me tiene agotado,feliz
lo que pasa es que eres un desconsiderado,enojo
me robaron el celular y estoy muy mal y nadie lo sabe,triste
esto me molesta demasiado por todo lo que paso,enojo
es que tengo una entrevista y me muero del susto y no lo puedo ocultar,miedo
es que llegue a los seguidores que queria y me afecta,feliz
te cuento que me siento muy lejos de todos,triste
eres un maleducado sin remedio,enojo
oye me dejaron plantado y ni se disculparon la verdad,enojo
me alegra mucho el resultado final y estoy muy agradecido,feliz
en serio nadie entendio como me sentia y no lo puedo ocultar,triste
no pude ir a la graduacion y ya,triste
de verdad no se puede confiar en ti y no lo voy a tolerar,enojo
en serio me descuentan del sueldo cosas que no firmé y me cuesta mucho,enojo
estoy muy triste con la situacion actual y no se como seguir,triste
te cuento que nos separamos despues de mucho tiempo de verdad,triste
te cuento que mi mejor amigo se fue a vivir lejos,triste
siento que estoy muy solo en todo esto y no se como seguir,triste
es que me llamaron de un numero desconocido la verdad,miedo
no te miento quedamos de una con el plan y no se que hacer,feliz
hoy me siento furioso,enojo
en serio me exigen resultados sin darme las herramientas men,enojo
vi las historias de todos y me senti muy mal de verdad,triste
no se si contarte pero logre terminar algo que habia dejado pendiente de verdad,feliz
hoy me llamaron de un numero desconocido de verdad,miedo
oye no entendi el tono del mensaje y me confundi y quisiera que alguien me ayudara,triste
ultimamente estoy muy emocionado por todo lo que paso,feliz
no te miento no tengo plan b si esto falla y ya,miedo
no se me angustia saber que todo queda guardado en internet de verdad,miedo
ultimamente no se que va a pasar todo el tiempo,miedo
en serio nadie me escucha la verdad,triste
la verdad hoy fue un dia muy gris,triste
hoy fue un mal dia todo el tiempo,triste
hoy me quede sin trabajo y no se que hacer,triste
la verdad me tiene muy angustiado esa situacion,miedo
no se si contarte pero me mandaron audio de voz gritando sinceramente,enojo
sinceramente me tiene muy triste esta vuelta y nadie lo sabe,triste
ayer no hice la tarea y ya,miedo
en serio me preocupa haber dicho algo sin darme cuenta y me tiene agotado,miedo
es que me paraliza la idea de tener que hablar en grupo y nadie lo entiende,miedo
parce me echaron la culpa de algo que hizo otro,enojo
men siento que estoy decepcionando a todos de verdad,triste
fijate que sali del pais por primera vez de verdad,feliz
es que hoy fue exactamente lo que necesitaba,feliz
no se si contarte pero todos parecen entender menos yo y trato de disimularlo,triste
fijate que tengo un presentimiento muy malo,miedo
desde ayer hoy fue maravilloso esta semana,feliz
sinceramente siento una preocupacion enorme ahora y no puedo calmarlo,miedo
oye me da terror enfrentar esto solo todo el tiempo,miedo
en serio cambio su estado y supe que era por mi y nadie lo entiende,triste
mira hicimos sancocho en familia y fue muy rico de verdad,feliz
para serte honesto siento que voy por buen camino y no lo puedo ocultar,feliz
que tipo tan feo,enojo
te digo que siento que perdi algo muy importante,triste
te cuento que me encontre con un amigo que no veia hace tiempo,feliz
siento que perdi algo muy importante y quisiera que no fuera así,triste
ultimamente estoy demasiado preocupado todo el tiempo,miedo
hoy siento que voy a fallar manana sinceramente,miedo
me siento muy feliz con mi familia y estoy muy agradecido,feliz
no te miento me da muy duro enfrentar esa conversacion y ya,miedo
hoy no quiero mandar el audio por miedo a como sueno y no es facil admitirlo,miedo
me pone muy ansioso pensar en eso y me cuesta mucho,miedo
me da pena decirlo pero alguien me entendio sin que yo explicara mucho y no es facil admitirlo,feliz
sinceramente vi algo que me dejo muy intranquilo,miedo
la verdad es que pude decir lo que sentia sin miedo pero necesitaba decirlo,feliz
parce me preocupa no poder pagar el arriendo el otro mes,miedo
no te miento me senti aceptado como soy y me pesa cargarlo solo,feliz
sinceramente no voy a tolerar esto mas y me afecta mucho,enojo
me respondieron con mala actitud sin razon y no se como manejarlo,enojo
ultimamente tengo ansiedad de pensar en el futuro la verdad,miedo
oye me preocupa no poder pagar el arriendo el otro mes,miedo
me siento muy triste desde hace dias,triste
en serio cargue con toda la responsabilidad del grupo y me cuesta mucho,enojo
oye me saca de quicio que no cambien nada y me afecta,enojo
hoy algo me dice que las cosas van a cambiar mal la verdad,miedo
estoy muy emocionado con lo que viene pero bueno,feliz
fijate que me toco vender el carro que tanto queria pero bueno,triste
te juro que nadie noto que algo me pasaba y eso me tiene mal,triste
oye me llamaron para el trabajo en medellin y ya,feliz
ahora mismo no tuve ganas de comer,triste
lo que es cierto es que que maravilloso momento estoy viviendo sin duda,feliz
la verdad me encontre con un amigo que no veia hace tiempo parce,feliz
honestamente me tienen harto con todo esto y no lo entiendo,enojo
no te miento me canse de pedir lo mismo sin resultado pero ya no puedo mas,enojo
me aterra la idea de perder todo de verdad,miedo
desde ayer hoy fue un gran dia,feliz
no te miento se burlaron de mi la verdad,enojo
sinceramente me canse de ser el que siempre aguanta de verdad,triste
oye me ignoraron cuando trate de explicarme de verdad,enojo
no te miento me siento muy lejos de todos la verdad,triste
mira hoy amaneci con mucha energia y no se que hacer,feliz
me alegra mucho haberte visto hoy y es lo mejor que me paso,feliz
te juro que tengo panico de que algo que dije llegue a las manos equivocadas,miedo
sinceramente no aguanto mas esta semana,enojo
sinceramente me tratan diferente por ser joven,enojo
oye me tiene muy desanimado todo esto y no es facil,triste
oye me llego un paquete que habia pedido,feliz
me traicionó,enojo
te juro que me pusieron el visto y luego respondieron bien y no se como manejarlo,feliz
sinceramente estoy demasiado molesto esta semana,enojo
me duele mucho lo que me dijeron y no lo puedo superar,triste
ultimamente siento que voy por buen camino todo el tiempo,feliz
sinceramente tengo miedo de que las cosas empeoren y me tiene muy nervioso,miedo
mira me hablaron como si fuera tonto y no puedo evitarlo,enojo
lo que pasa es que prometieron y no cumplieron todo el tiempo,enojo
definitivamente quiero estar solo todo el tiempo,triste
es que tengo panico de decir algo y que lo malinterpreten y nadie lo entiende,miedo
en este momento me siento nervioso ultimamente,miedo
bro me siento muy agradecido con la vida hoy la verdad,feliz
oye me salio redondo todo hoy la verdad,feliz
definitivamente estoy cansado mentalmente ultimamente,triste
te cuento que me dieron la visa y ya,feliz
que buena experiencia fue esa y no lo puedo creer,feliz
la verdad me quede sin trabajo y no se que hacer parce,triste
sinceramente me canse de esperar que las cosas cambien solas y me tiene pensando mucho,triste
me dejaron pero bueno,triste
es que no se que va a pasar con mi vida sinceramente,miedo
no te miento se llevaron el credito de lo que yo hice y me tiene mal,enojo
en serio me produce mucho enojo esto,enojo
termino mi relacion y me tiene mal,triste
no te miento me pone muy ansioso pensar en eso parce,miedo
en este momento me siento furioso y me afecta mucho,enojo
es que tengo panico de que me pregunten algo en clase y me tiene mal,miedo
hoy no alcance el cupo en la universidad publica la verdad,triste
en serio mi familia estuvo muy unida hoy de verdad,feliz
desde ayer me preocupa demasiado esto y no se que hacer,miedo
sinceramente ya no quiero hablar y no se que hacer,triste
lo que pasa es que me usaron y despues me ignoraron y necesito que alguien me entienda,enojo
honestamente me da demasiada rabia y estoy cansado,enojo
es que me tiene muy enojado esa situacion,enojo
mira me robaron el celular y estoy muy mal parce,triste
es que me asusta mucho lo que esta pasando en el barrio,miedo
oye me hicieron fila tres horas y no me atendieron y nadie lo sabe,enojo
es que me tienen muy mamado con esa vuelta y me tiene mal,enojo
fijate que me citaron para hablar y no se de que y me tiene mal,miedo
oye me saca de quicio que no cambien nada y no puedo evitarlo,enojo
me tienen muy mamado con esa vuelta y no es facil,enojo
ultimamente termino mi carrera y eso me pesa,feliz
bro me mencionaron en algo que me puso en ridiculo,enojo
lo que pasa es que me hablaron muy mal,enojo
me comi algo rico y me alegro el dia,feliz
fijate que no se si actue bien y eso no me deja tranquilo y no lo digo seguido,miedo
bro me comparo mucho con los demas y me hace mal,triste
hoy hice algo que me daba mucho miedo y salio bien men,feliz
me da pena decirlo pero no entiendo nada y me da verguenza preguntar sinceramente,triste
te cuento que me tiene muy desanimado todo esto de verdad,triste
que noticia tan buena me dieron y es lo mejor que me paso,feliz
oye tengo miedo de que las cosas cambien de repente y no se que hacer,miedo
es que me da miedo no estar a la altura de lo que se espera y me tiene pensando mucho,miedo
fijate que me pone ansioso salir de casa y no lo puedo ocultar,miedo
hoy me hicieron sentir mal por preguntar pero necesitaba decirlo,enojo
para serte honesto me interrumpieron todo el tiempo otra vez,enojo
no te miento hoy fui honesto y salio bien y quisiera que alguien me ayudara,feliz
hoy me da ansiedad ver cuanta gente vio mi historia de verdad,miedo
es que usaron lo que les conte en mi contra y me cuesta mucho,enojo
es que estoy con una nota hoy,feliz
desde hace dias me dejaron solo en esto y me afecta mucho,triste
desde ayer hoy fue maravilloso y no se que hacer,feliz
oye que mal te portas siempre de verdad,enojo
no puedo evitar que tengo miedo de no tener a nadie conmigo,miedo
hoy me angustia no tener todo claro a mi edad y nadie lo entiende,miedo
te cuento que extraño como era todo antes la verdad,triste
ahora mismo nada tiene sentido y me duele mucho,triste
sinceramente siento una ansiedad horrible en este momento,miedo
en serio me agota tu comportamiento,enojo
sinceramente me tiene completamente harto de verdad,enojo
me pone muy feliz lo que dijiste y estoy muy contento,feliz
me borraron un comentario que tenia toda la razon de verdad,enojo
mira siento que estoy de mas,triste
en serio tengo miedo de decepcionar a todos y eso me pesa,miedo
no te miento siento que algo se rompio dentro de mi otra vez,triste
honestamente estoy demasiado molesto todo el tiempo,enojo
no se que quiero hacer con mi vida de verdad,miedo
me llamaron de la empresa y no dijeron para que,miedo
en serio no hubo trafico hoy y no se que hacer,feliz
tengo panico y me afecta mucho,miedo
sinceramente siento una inquietud muy grande ahora y no se que hacer,miedo
definitivamente estoy harto de esto desde hace dias,enojo
te juro que publicaron algo mio sin pedirme permiso la verdad,enojo
hoy estoy muy feliz y emocionado y no lo puedo creer,feliz
no se si contarte pero me pidieron algo de ultimo momento y me tiene agotado,enojo
la verdad es que siento tristeza cuando pienso en eso y me duele mucho,triste
fijate que me hicieron sentir mal por preguntar,enojo
mira publicaron algo mio sin pedirme permiso y ya,enojo
mira subi algo y nadie reacciono y me senti invisible y ya,triste
te juro que siento que no soy tan inteligente como los demas y nadie lo entiende,triste
eso estuvo muy mal de tu parte y punto,enojo
desde ayer estoy agotado emocionalmente y no se que hacer,triste
que dia tan bueno fue hoy en serio,feliz
hoy mi pareja me sorprendio y me tiene mal,feliz
es que tengo temor de que todo salga mal,miedo
fijate que me da pena que se den cuenta que no entendi y no es facil,miedo
de verdad me molesta mucho que hagas eso sin excusas,enojo
te cuento que cumpli mi meta del año y nadie lo sabe,feliz
ahora mismo me preocupa haber dicho algo sin darme cuenta pero ya no puedo mas,miedo
desde ayer me siento muy feliz ultimamente,feliz
la verdad me siento muy bien con mi proceso la verdad,feliz
ahora mismo me siento inseguro esta semana,miedo
en serio me robaron el celular y estoy muy mal,triste
hoy publicaron algo mio sin pedirme permiso,enojo
de verdad estoy muy feliz con el resultado y estoy muy contento,feliz
mira lo que paso lei el mensaje mal y arruine todo y no lo digo seguido,triste
en serio tengo panico de que me pregunten algo en clase y me tiene mal,miedo
para serte honesto mi pareja me sorprendio y me afecta mucho,feliz
mira saque mi licencia de conducir,feliz
todos parecen entender menos yo pero ya no puedo mas,triste
hoy se fue mi gato hoy sinceramente,triste
la verdad es que me escribieron solo para reclamarme y no es facil admitirlo,enojo
desde hace dias siento que algo malo va a pasar y no lo puedo ocultar,miedo
todo el mundo esta en planes y yo solo en casa y me cuesta aceptarlo,triste
hicieron lo que quisieron sin preguntarme nada y me cuesta mucho,enojo
no puedo evitar que me da terror no saber que va a pasar y eso me preocupa mucho,miedo
me pusieron obstaculos que no tenian sentido y no puedo evitarlo,enojo
sinceramente me siento muy mal con lo que paso,triste
ahora mismo hoy fue maravilloso desde hace dias,feliz
no te miento me siento muy achantado hoy,triste
en serio me echaron la culpa de algo que no hice pero no digo nada,enojo
en serio siento el corazon muy apesadumbrado,triste
siento que no soy suficiente,triste
mira lo que paso me canse de pedir lo mismo sin resultado y no lo digo seguido,enojo
me pidieron que fuera a recursos humanos pero bueno,miedo
lo que pasa es que que irresponsable eres en serio,enojo
te digo que siento mucho miedo en este momento y no se que hacer,miedo
me saca de quicio que no cambien nada y nadie lo entiende,enojo
hoy me salio la receta que estaba intentando y ya,feliz
me pone de muy buen humor esto,feliz
desde ayer me siento excelente hoy por todo lo que paso,feliz
me da pena decirlo pero tengo panico de decir algo y que lo malinterpreten pero necesitaba decirlo,miedo
la verdad me dicen que exagero cuando digo como me siento y nadie lo entiende,enojo
no te miento consegui el trabajo y no se que hacer,feliz
mira lo que paso tengo miedo de que las cosas cambien de repente y no lo digo seguido,miedo
hoy no tuve que madrugar y lo disfrute de verdad,feliz
definitivamente me da mucha rabia y me afecta mucho,enojo
ultimamente me fue muy mal en el examen y no puedo evitarlo,triste
oye me llegó una carta del juzgado y no se que es y no es facil,miedo
es que me pone muy ansioso pensar en eso,miedo
es que me dicen que me esfuerce mas cuando ya doy todo la verdad,enojo
fijate que me puse muy feliz con eso parce,feliz
desde hace dias me reconocieron el esfuerzo en el trabajo pero ya no puedo mas,feliz
la verdad estoy con el animo muy por el piso la verdad,triste
la verdad tengo ansiedad en este momento,miedo
ultimamente estoy muy enojado de verdad,enojo
fijate que siento que fracase y necesito que alguien me entienda,triste
no puedo creer que que falta de respeto tan grande,enojo
ultimamente entregue el proyecto a tiempo sinceramente,feliz
hoy me invitaron a algo importante y no puedo evitarlo,feliz
la verdad todo esta mejorando desde hace dias,feliz
te cuento que tengo los mejores amigos y me afecta mucho,feliz
realmente estoy pasando un gran momento esta semana,feliz
hoy mi familia estuvo muy unida hoy pero bueno,feliz
desde ayer me da mucha rabia esta semana,enojo
no se si contarte pero pude mantener una conversacion sin angustiarme y quisiera que alguien me ayudara,feliz
ahora mismo logre terminar algo que habia dejado pendiente y no lo digo seguido,feliz
te cuento que no puedo seguir por esa calle vacia,miedo
oye logre lo que queria y no se que hacer,feliz
de verdad eres increiblemente irresponsable y no lo entiendo,enojo
mira me usaron y despues me ignoraron y no se que hacer,enojo
me cayo muy bien esa persona pero bueno,feliz
estoy pasando un gran momento,feliz
la verdad me robaron y no sé qué hacer,enojo
ultimamente se burlaron de mi y no se que hacer,enojo
no quiero nada mas contigo y ya,enojo
es que siento una angustia que me paraliza de verdad,miedo
sinceramente el partido de colombia salio bien,feliz
la verdad es que publico algo que me dejo muy mal pero necesitaba decirlo,triste
en este momento siento demasiado temor otra vez,miedo
hoy hoy descanse muy bien y me afecta mucho,feliz
lo que pasa es que tuve que fingir que estaba bien toda la noche y eso me tiene mal,triste
mira no se si voy a poder con lo que viene y nadie lo sabe,miedo
lo que pasa es que me subieron el sueldo,feliz
estoy cansado de aparentar que todo esta bien,triste
es que ya no hablo con mi parcero de toda la vida y me cuesta mucho,triste
ahora mismo me siento horrible en este momento,triste
te juro que me siento muy agradecido con la vida hoy,feliz
oye tengo miedo de que me alejen si se dan cuenta como soy de verdad,miedo
no puedo creer que hayan hecho eso y me afecta,enojo
ahora mismo me siento orgulloso en este momento,feliz
sinceramente tengo panico de no saber como actuar en esa situacion y no es facil admitirlo,miedo
no me toman en serio por mi edad de verdad,enojo
la verdad me prometieron algo y no lo cumplieron la verdad,enojo
la verdad odio esta situacion en este momento,enojo
la verdad todo salio mal y me duele mucho,triste
la verdad manana tengo una prueba importante y estoy nervioso la verdad,miedo
la verdad tengo miedo de hablar ultimamente,miedo
parce me tiene muy apagado esta situacion y no puedo evitarlo,triste
es que me quitaron el like y eso me bajo el animo,triste
en serio no se puede confiar en ti y ya me canse,enojo
me tiene muy molesto que nadie haga nada y no es facil,enojo
parce me da muy duro enfrentar esa conversacion pero bueno,miedo
definitivamente siento demasiado temor ultimamente,miedo
me da pena decirlo pero me asusta que piensen que soy raro y nadie lo entiende,miedo
tengo panico de fallar frente a todos y necesito que alguien me entienda,miedo
ultimamente todo esta saliendo bien con todo lo que paso,feliz
fijate que subi una foto y me arrepenti de haberla subido,triste
desde ayer no tengo ganas de nada esta semana,triste
es que vi que estaba en linea pero no me respondio y me cuesta mucho,triste
te juro que no me reconozco ultimamente,triste
estoy muy agradecido con todos sin duda,feliz
sinceramente tengo un mal presentimiento desde ayer y ya,miedo
oye me trataron muy mal sin razon y necesito que alguien me entienda,enojo
en serio cumpli la meta que me habia puesto y no se que hacer,feliz
oye me dijeron que era mi culpa cuando no lo era la verdad,enojo
hoy me comparo mucho con los demas y me hace mal y me cuesta aceptarlo,triste
en serio no voy a tolerar esto mas,enojo
nada me da ganas ultimamente,triste
fijate que me di cuenta que nadie me busca si yo no busco,triste
mira quede encantado con como salio todo,feliz
te juro que me respondio el mensaje que esperaba y me tiene agotado,feliz
ultimamente hoy fue un dia muy gris y me afecta mucho,triste
mira lo que paso tengo miedo de que las cosas cambien de repente y me pesa cargarlo solo,miedo
oye me da ansiedad abrir ese chat y me tiene agotado,miedo
es que me da panico equivocarme y que no me perdonen y eso me tiene mal,miedo
honestamente todo me irrita ultimamente,enojo
dijeron cosas que no son verdad sobre mi,enojo
me asaltaron,enojo
lo que es cierto es que estoy muy contento con lo logrado y estoy muy agradecido,feliz
no se si contarte pero pude decir lo que sentia sin miedo y me tiene agotado,feliz
la verdad me canse de ser el que siempre aguanta la verdad,triste
te juro que me saca de mis casillas esto,enojo
te cuento que por fin lo logre y no se que hacer,feliz
la verdad es que me siento vacio y sin ganas de nada y no se como seguir,triste
para serte honesto por fin me contestaron pero ya no puedo mas,feliz
la verdad es que cambiaron las reglas sin avisarme y no puedo evitarlo,enojo
ultimamente hoy no tuve que fingir que estaba bien pero ya no puedo mas,feliz
perdi mi negocio y no se como seguir y no se que hacer,triste
te cuento que algo me dice que las cosas van a cambiar mal y no se que hacer,miedo
la verdad me mencionaron en algo que me puso en ridiculo y me cuesta aceptarlo,enojo
en serio la vida esta siendo buena conmigo y no puedo evitarlo,feliz
es que que estupidez lo que hiciste,enojo
mira me enfurece tu actitud y ya me canse,enojo
en serio tengo miedo de responder mal y arruinar todo y me cuesta aceptarlo,miedo
no se si contarte pero pude expresarme sin que me juzgaran y quisiera que alguien me ayudara,feliz
sinceramente me cobraron mas de lo que decia el precio pero bueno,enojo
realmente me siento inseguro esta semana,miedo
la verdad es que tengo miedo de que mi respuesta suene agresiva y no puedo evitarlo,miedo
oye estoy muy nervioso con esa vuelta,miedo
hoy hoy me vi bien en el espejo y me gusto pero bueno,feliz
parce no alcance el cupo en la universidad publica la verdad,triste
definitivamente tengo miedo de hablar por todo lo que paso,miedo
fijate que siento que no encajo en ningún lado y es agotador,triste
sinceramente me mandaron buenas noticias por whatsapp y me tiene agotado,feliz
es que siento que no soy tan inteligente como los demas y trato de disimularlo,triste
la verdad es que me duele mucho saber que ya no esta,triste
hoy me tiene muy angustiado esa situacion y eso me duele,miedo
fijate que me cancelaron la cita sin avisar la verdad,enojo
la verdad no se si voy a poder sostenerme solo men,miedo
resulta que me robaron,enojo
sinceramente se fue mi perro hoy de verdad,triste
hoy cambiaron todo sin avisarme y nadie lo sabe,enojo
hoy nada tiene sentido y me duele mucho,triste
no te miento me pusieron a hacer el trabajo de todos de verdad,enojo
me da miedo no poder controlarlo de verdad,miedo
en serio me trataron como si no existiera sinceramente,enojo
en este momento no soporto esta situacion por todo lo que paso,enojo
hoy me llamaron de la empresa y no dijeron para que y nadie lo sabe,miedo
no quiero nada mas contigo y estoy mal,enojo
es que hoy llore sin saber por que todo el tiempo,triste
mira perdi algo muy importante y me tiene mal,triste
men me siento muy pleno con lo que estoy haciendo y me tiene pensando mucho,feliz
la verdad encontre algo que habia perdido hace tiempo y nadie lo entiende,feliz
en serio estoy muy mamado de todo,triste
fijate que salimos a rumbear y la pase muy bien pero bueno,feliz
realmente ya no aguanto mas desde hace dias,enojo
hoy me da susto pedir el favor porque me da pena y ya,miedo
fijate que termino mi relacion,triste
oye me hablaron muy feo sin ninguna razon hermano,enojo
es que me tiene harto que siempre pase lo mismo y me afecta,enojo
me copiaron el contenido y ni siquiera lo cambiaron men,enojo
es que me pusieron el visto y luego respondieron bien y eso me tiene mal,feliz
me robaron el celular y estoy muy mal pero bueno,triste
es que me da ansiedad ver cuanta gente vio mi historia,miedo
la verdad no logre lo que esperaba y es agotador,triste
estoy muy nervioso y no puedo calmarme y eso me preocupa mucho,miedo
y si sale mal,miedo
en este momento tengo miedo de fallar en este momento,miedo
fijate que hoy fue exactamente lo que necesitaba la verdad,feliz
definitivamente nada tiene sentido ultimamente,triste
me siento lleno de energia y no se que hacer,feliz
la verdad me siento muy lejos de todos y me tiene mal,triste
me siento solo aunque este rodeado de gente y no se que hacer,triste
definitivamente todo me irrita y estoy cansado,enojo
la verdad es que estoy muy agradecido con todos en serio,feliz
de verdad me molesta tu falta de consideracion y ya me canse,enojo
la verdad tengo ansiedad de pensar en todo lo que falta y no se que hacer,miedo
la verdad me da demasiada rabia otra vez,enojo
la verdad no me toman en serio por mi edad y no es facil,enojo
me alegra muchisimo lo que paso de verdad,feliz
de verdad no voy a tolerar ese comportamiento y ya me canse,enojo
voy a dormir toda la noche,feliz
mi familia esta pasando un momento muy dificil parce,triste
la verdad es que siento una inquietud constante ahora,miedo
es que me siento solo aunque este rodeado de gente de verdad,triste
la verdad es que me da terror no saber que va a pasar y me tiene muy nervioso,miedo
hoy hoy llore sin saber por que y no lo puedo ocultar,triste
la verdad es que estoy muy contento con lo que paso y estoy muy agradecido,feliz
hermano me llegó una carta del juzgado y no se que es y nadie lo sabe,miedo
siento que voy a fallar manana pero necesitaba decirlo,miedo
no se si contarte pero minimizaron lo que sentia y no es facil admitirlo,enojo
desde hace dias me escribio la persona que me gusta y necesito que alguien me entienda,feliz
te cuento que me toco dejar los estudios por plata y ya,triste
sinceramente tengo un presentimiento muy malo y necesito que alguien me entienda,miedo
hoy estoy muy preocupado todo el tiempo,miedo
honestamente me tiene indignado lo que paso,enojo
para serte honesto me da panico equivocarme y que no me perdonen y me pesa cargarlo solo,miedo
la verdad me perdi un momento importante sinceramente,triste
es que perdi tiempo en algo que no valio y me afecta mucho,enojo
la verdad me siento re bien parce la verdad,feliz
resulta que me atracaron y ya,enojo
me comparo mucho con los demas y me hace mal y no puedo evitarlo,triste
es que no me toman en serio por mi edad men,enojo
no se me tiene muy bravo la falta de respeto,enojo
oye hicimos sancocho en familia y fue muy rico y no se que hacer,feliz
parce me cobraron mas de lo que decia el precio,enojo
ahora mismo estoy muy enojado,enojo
estoy muy triste y no puedo dormir y no se como seguir,triste
realmente estoy demasiado molesto y estoy cansado,enojo
me siento destruido,triste
fijate que me pone muy nervioso tener que dar explicaciones de verdad,miedo
hoy todo salio excelente y no se que hacer,feliz
en serio me paraliza la idea de tener que hablar en grupo pero necesitaba decirlo,miedo
hoy algo cambio de repente y no entiendo por que,miedo
no te miento me tocó pagar una multa que no era justa y ya,enojo
es que estoy muy cansado de lucharla solo y no es facil,triste
sinceramente siento que todos avanzan menos yo y ya,triste
me copiaron el trabajo y lo publicaron como propio pero necesitaba decirlo,enojo
me tienen muy mamado con esa vuelta,enojo
hoy encontre lo que buscaba la verdad,feliz
es que que rabia me da todo esto,enojo
desde hace dias tengo miedo de ver lo que me respondieron y no es facil admitirlo,miedo
es que me aterra quedarme sin opciones de verdad,miedo
oye me citaron a declarar y estoy muy nervioso y ya,miedo
en serio me tocó repetir el tramite porque perdieron mis papeles parce,enojo
te digo que que bonito momento vivimos hoy sin duda,feliz
fijate que logre terminar algo que habia dejado pendiente de verdad,feliz
no te miento se fue mi perro hoy y me tiene mal,triste
oye no entiendo nada y me da verguenza preguntar y nadie lo entiende,triste
en serio me siento increiblemente bien en serio,feliz
es que me tiene muy cansado esta gente y no puedo evitarlo,enojo
hicimos una reunioncita y quedo muy buena hermano,feliz
me siento muy pleno y contento y estoy muy contento,feliz
la verdad es que eres un desconsiderado,enojo
mira lo que paso me dijeron que cambie como si estuviera mal ser yo y me afecta mucho,triste
ultimamente no duermo de la preocupacion pero no digo nada,miedo
perdi el trabajo y no lo puedo creer,triste
me hicieron esperar demasiado sinceramente,enojo
te cuento que me echaron sin explicacion y no puedo evitarlo,triste
fijate que me costo mucho levantarme hoy de verdad,triste
fijate que siento que voy por buen camino sinceramente,feliz
no te miento termine la semana sin ningun problema y no se que hacer,feliz
hoy fuimos a la finca y fue muy bacano y me cuesta mucho,feliz
ultimamente me siento increible,feliz
me da mucho miedo enfrentar esta situacion y no se que hacer,miedo
es que siento que no encajo en ningún lado y ya,triste
en serio estoy emocionalmente agotado,triste
estoy muy contento con mi progreso y es lo mejor que me paso,feliz
mira me comparan con otros y eso me molesta mucho,enojo
mira me tiene angustiado no saber que va a pasar y no puedo evitarlo,miedo
la verdad tengo panico en este momento,miedo
me angustia no saber como interpretar eso y no se que hacer,miedo
sinceramente gane el concurso y es agotador,feliz
la verdad es que me pusieron en evidencia en un grupo y me pesa cargarlo solo,enojo
estoy muy nervioso de cara a lo que viene y me tiene muy nervioso,miedo
mira me dejaron plantado y ni se disculparon y ya,enojo
hermano estoy muy bacano con la noticia la verdad,feliz
oye estoy muy ilusionado con lo que viene la verdad,feliz
mira que me despidieron del trabajo,triste
en este momento todo salio perfecto otra vez,feliz
fijate que me salio el primer cliente bro,feliz
lo que es cierto es que que buenas noticias me llegaron hoy y estoy muy agradecido,feliz
la verdad es que tengo miedo de que me rechacen si digo lo que pienso y no puedo evitarlo,miedo
la verdad me pone muy nervioso tener que dar explicaciones y no se que hacer,miedo
no se si contarte pero me canse de pedir lo mismo sin resultado de verdad,enojo
sinceramente tengo miedo de que me rechacen si digo lo que pienso y no se que hacer,miedo
definitivamente no se que va a pasar por todo lo que paso,miedo
ultimamente no se si actue bien y eso no me deja tranquilo y me tiene agotado,miedo
hoy me case hoy sinceramente,feliz
hoy estoy muy bacano con la noticia y no se que hacer,feliz
lo que es cierto es que que buena experiencia vivimos juntos en serio,feliz
de verdad me duele mucho haber perdido eso y no lo puedo superar,triste
se fue mi perro hoy pero bueno,triste
sinceramente algo cambio de repente y no entiendo por que de verdad,miedo
no puedo evitar que tengo panico de enfrentar esto solo y me tiene muy nervioso,miedo
me entristece mucho lo que hiciste,triste
es que me dieron la beca de la universidad publica de verdad,feliz
no te miento me siento realizado y me tiene mal,feliz
desde hace dias me preocupa haber dicho algo sin darme cuenta y nadie lo entiende,miedo
oye fallecio alguien cercano y no puedo evitarlo,triste
es que siento que se me acaba el tiempo y me afecta,miedo
estoy muy contento con lo logrado y es lo mejor que me paso,feliz
fijate que me siento orgulloso de donde estoy pero bueno,feliz
lo que pasa es que me siento solo y muy triste,triste
te digo que me copiaron el contenido y ni siquiera lo cambiaron y me afecta,enojo
hoy llevo dias aguantando esto y ya no puedo,enojo
de verdad me da ira tu actitud,enojo
hermano estoy muy asustado con lo que puede pasar,miedo
oye siento que el tiempo paso y yo no hice nada y no puedo evitarlo,triste
realmente recibi buenas noticias esta semana,feliz
me siento muy bien con lo que hice y estoy muy contento,feliz
lo que pasa es que pude decir lo que sentia sin miedo y quisiera que alguien me ayudara,feliz
en serio me siento muy mal por todo lo vivido y quisiera que no fuera así,triste
fijate que me excluyeron de la decision sin explicacion pero necesitaba decirlo,enojo
ahora mismo esto arruino mi dia desde hace dias,enojo
para serte honesto alguien noto que estaba bien y me lo dijo y no lo digo seguido,feliz
hoy ya no aguanto mas y estoy cansado,enojo
oye me molesta tu falta de consideracion y no lo voy a tolerar,enojo
ahora mismo nadie entendio como me sentia y no lo puedo ocultar,triste
vieja me echaron la culpa de algo que hizo otro hermano,enojo
en este momento todo salio mal y me afecta mucho,triste
mira prometieron y no cumplieron la verdad,enojo
bro me angustia pensar que quiza elegi mal mi carrera men,miedo
men vi que me sacaron de un grupo y no dije nada,triste
sinceramente no se que va a pasar por todo lo que pasa,miedo
para serte honesto dijeron cosas que no son verdad sobre mi y me afecta mucho,enojo
por fin me salio el pasaporte,feliz
hoy ya les dije mil veces y no cambia nada y trato de disimularlo,enojo
siento que no encajo en ningún lado todo el tiempo,triste
me da pena decirlo pero me paraliza la idea de tener que hablar en grupo y me afecta mucho,miedo
oye me sacaron de la jugada sin ninguna explicacion,enojo
no se si contarte pero ya les dije mil veces y no cambia nada de verdad,enojo
no puedo creer que me parece una falta de respeto en serio,enojo
en serio la incertidumbre me tiene paralizado y eso me pesa,miedo
no puedo creer que eres la persona mas egoista que conozco y no lo voy a tolerar,enojo
es que nadie entendio como me sentia y necesito que alguien me entienda,triste
mira me dieron una sorpresa muy bonita hoy y no puedo evitarlo,feliz
fijate que me cambiaron el trabajo sin consultarme y no se como manejarlo,enojo
no se si contarte pero alguien noto que estaba bien y me lo dijo y me tiene agotado,feliz
ultimamente me siento desconectado de todo y necesito que alguien me entienda,triste
ahora mismo me tiene angustiado no saber que va a pasar y ya,miedo
me da pena decirlo pero lei el mensaje diez veces y no se como responder de verdad,miedo
fijate que la incertidumbre me tiene paralizado y es agotador,miedo
hoy me siento re bien parce y no se que hacer,feliz
te juro que me dijeron que cambie como si estuviera mal ser yo pero necesitaba decirlo,triste
me llamaron de un numero desconocido pero necesitaba decirlo,miedo
no te miento compre mi primer carro y me tiene mal,feliz
es que me respondieron con mala cara sin razon,enojo
me da una ira terrible y no lo entiendo,enojo
ultimamente me siento en paz y eso me pesa,feliz
estoy cansado mentalmente esta semana,triste
la verdad hoy fue maravilloso desde hace dias,feliz
es que me tiene muy angustiado esa situacion y ya,miedo
no te miento hoy fue mejor de lo que esperaba,feliz
te cuento que me estan ocultando algo y eso me pone nervioso,miedo
no te miento logre cerrar el trato que necesitaba y no se que hacer,feliz
fijate que extraño mucho a las personas que ya no estan y eso me duele,triste
desactive mis redes porque me hacian sentir mal y no se que hacer,triste
ultimamente me duele mucho esto,triste
no te miento siento que voy por buen camino de verdad,feliz
mira perdi tiempo en algo que no valio y necesito que alguien me entienda,enojo
tengo panico de que me pregunten algo en clase pero bueno,miedo
hoy siento que no soy suficiente la verdad,triste
me piden experiencia para un trabajo de principiante bro,enojo
no te miento no tengo plan b si esto falla y no se que hacer,miedo
mira aprobe todas las materias este semestre y ya,feliz
resulta que eso estuvo muy feo,enojo
resulta que me compre una moto todavía,feliz
mira que mal te portas siempre,enojo
la verdad me da demasiada rabia todo el tiempo,enojo
oye hoy todo fluyo bien pero no digo nada,feliz
hoy me copiaron el contenido y ni siquiera lo cambiaron y me tiene pensando mucho,enojo
la verdad me pone muy nervioso tener que dar explicaciones y ya,miedo
te cuento que nada me da ganas ultimamente y me afectó mucho,triste
la verdad es que siento un dolor muy grande en el pecho y me duele mucho,triste
me pagan mal y me exigen demasiado y me afecta,enojo
fijate que se fue mi gato hoy y ya,triste
te digo que estoy muy bajoneado con la noticia,triste
la verdad siento demasiado temor y me afecta mucho,miedo
sinceramente estoy muy triste y no puedo dormir y no lo puedo superar,triste
hoy cumpli mi meta del año sinceramente,feliz
fijate que me di cuenta que no me invitaron a la reunion y no lo digo seguido,triste
te digo que me contactaron por mi trabajo y quede feliz y ya,feliz
la verdad perdi mi trabajo hoy sinceramente,triste
lo que es cierto es que que buena experiencia fue esa,feliz
realmente todo me irrita y eso empeora todo,enojo
oye me fui de viaje,feliz
mira lo que paso ya les dije mil veces y no cambia nada y nadie lo entiende,enojo
en serio me canse de esperar que las cosas cambien solas y no es facil,triste
parce me siento re bien,feliz
que bonita sorpresa me llevé hoy sin duda,feliz
mira estoy muy ido hoy no se que me pasa de verdad,triste
me aprobo el credito el banco y no es facil,feliz
me duele mucho lo que esta pasando y quisiera que no fuera así,triste
mira ya no somos lo que eramos y eso me entristece la verdad,triste
siento que algo malo va a pasar de verdad,miedo
me da terror que noten que estoy nervioso y no lo digo seguido,miedo
bro me preocupa mucho el futuro economico de verdad,miedo
hoy me senti muy bien conmigo mismo y ya,feliz
en serio usaron mis ideas sin darme credito,enojo
en serio me asusta que piensen que soy raro y nadie lo entiende,miedo
ahora mismo me di cuenta que no me invitaron a la reunion de verdad,triste
te digo que que bonito momento vivimos hoy de verdad,feliz
siento que finjo estar bien tan seguido que ya ni se men,triste
la verdad me siento motivado otra vez,feliz
hoy me tocó madrugar y no dormí nada y encima salio mal pero bueno,triste
es que el silencio de esa persona me preocupa mucho y me afecta,miedo
la verdad es que me siento muy contento con todo en serio,feliz
sinceramente siento que algo no esta bien aunque todo parece normal y no puedo evitarlo,miedo
fijate que siento que el miedo no me deja avanzar y necesito que alguien me entienda,miedo
mira eres un irresponsable total y me parece muy mal,enojo
mira me da pena hablar en publico y manana me toca hermano,miedo
la verdad ya no quiero esforzarme y es agotador,triste
hoy perdi algo muy importante y me tiene mal,triste
la verdad me tiene muy molesto que nadie haga nada men,enojo
en serio me duele el alma y no se que hacer,triste
la verdad me angustia pensar que quiza elegi mal mi carrera y me cuesta aceptarlo,miedo
fijate que me da terror que noten que estoy nervioso y me pesa cargarlo solo,miedo
honestamente me tiene harto tu falta de respeto y punto,enojo
no se tengo miedo de que me cancelen por algo que dije y ya,miedo
desde ayer odio esta situacion todo el tiempo,enojo
lo que pasa es que no me dejaron hablar y no lo puedo ocultar,enojo
estoy muy decaido y sin esperanza y quisiera que no fuera así,triste
no puedo creer que que actitud tan mala la tuya y punto,enojo
es que tengo miedo de lo que piensen de mi y ya,miedo
hoy estoy realmente indignado y necesito que alguien me entienda,enojo
que perro tan feo,enojo
hoy me siento muy bien por lo que logre,feliz
no te miento no logre lo que esperaba y no lo puedo ocultar,triste
es que me tiene muy cansado esta gente y me tiene mal,enojo
te digo que estoy muy agradecido con todos y estoy muy agradecido,feliz
fijate que me mandaron audio de voz gritando pero ya no puedo mas,enojo
fijate que hice algo que me daba miedo y salio bien sinceramente,feliz
ahora mismo nadie me escucha y es agotador,triste
la verdad no se si voy a poder con esto todo el tiempo,miedo
oye me pusieron el visto y luego respondieron bien y nadie lo entiende,feliz
en serio me dieron la beca de la universidad publica y no es facil,feliz
me robaron hoy,enojo
la verdad es que siento una rabia horrible ahora mismo y no lo entiendo,enojo
en este momento me duele mucho esto esta semana,triste
ahora mismo me dejaron solo en esto y es agotador,triste
no te miento me usaron y despues me ignoraron y es agotador,enojo
lo que pasa es que hoy fui honesto y salio bien y no es facil admitirlo,feliz
algo me dice que las cosas van a cambiar mal sinceramente,miedo
oye compre mi primer carro la verdad,feliz
desde hace dias me mandaron un audio muy lindo de verdad,feliz
ahora mismo me siento vacio y me duele mucho,triste
sinceramente me descuentan del sueldo cosas que no firmé pero bueno,enojo
es que nacio mi hija,feliz
en serio me quede callado cuando debi haber hablado y no se que hacer,triste
hoy siento que me estoy quedando sin opciones y ya,miedo
hoy siento que la estoy embarrando en todo y no es facil,triste
sinceramente me pidieron algo de ultimo momento y nadie lo entiende,enojo
te juro que logre terminar algo que habia dejado pendiente y me tiene agotado,feliz
es que me ignoraron durante horas pero necesitaba decirlo,enojo
me da pena hablar en publico y manana me toca la verdad,miedo
la verdad estoy con el animo muy por el piso de verdad,triste
es que me pone muy nervioso tener que dar explicaciones pero bueno,miedo
realmente no se que va a pasar desde hace dias,miedo
estoy muy emocionado con lo que viene en serio,feliz
la verdad esto arruino mi dia todo el tiempo,enojo
hoy se fue mi gato hoy y me afecta,triste
hoy me trataron diferente a los demas la verdad,enojo
es que me hicieron esperar demasiado y no lo puedo ocultar,enojo
te digo que me siento lleno de alegria y no lo puedo creer,feliz
ultimamente todo me afecta demasiado y no se que hacer,triste
me salio el cupo en el sena y eso me duele,feliz
oye hoy no tuve que madrugar y lo disfrute y no es facil,feliz
me llego un paquete que habia pedido de verdad,feliz
la verdad es que siento un vacio enorme dentro de mi de verdad,triste
me mandaron un mensaje raro y no entiendo que quieren y ya,miedo
me tiene muy irritado todo esto y me tiene mal,enojo
ultimamente me da miedo ir al medico y necesito que alguien me entienda,miedo
me robaron,enojo
mira tengo miedo de que sea algo grave y eso me pesa,miedo
ahora mismo hicieron algo injusto y nadie dijo nada y no se que hacer,enojo
fijate que nada de lo que hago vale la pena todo el tiempo,triste
me asusta pensar en el futuro todo el tiempo,miedo
de verdad estas actuando muy mal y eso no esta bien,enojo
te cuento que siento que perdi una etapa de mi vida la verdad,triste
la verdad estoy emocionalmente agotado y me tiene mal,triste
vi las historias de todos y me senti muy mal la verdad,triste
la verdad logre lo que queria y me afecta mucho,feliz
hoy me echaron la culpa de algo que no hice otra vez,enojo
fijate que siento que estoy de mas la verdad,triste
oye tengo panico de que me pregunten algo en clase,miedo
hoy me hablaron muy feo sin ninguna razon la verdad,enojo
fijate que me duele el alma y no se que hacer,triste
fijate que tengo miedo de decir algo y que lo tomen mal y no es facil,miedo
en serio vi que estaba en linea pero no me respondio sinceramente,triste
desde hace dias no quise hablar con nadie hoy pero no digo nada,triste
hermano me tocó repetir el tramite porque perdieron mis papeles,enojo
mira tengo panico de que me pregunten algo en clase y nadie lo sabe,miedo
es que me citaron para hablar y no se de que pero bueno,miedo
hoy me cayo del cielo esa noticia parce,feliz
sinceramente me ignoraron cuando tenia razon sinceramente,enojo
no se si contarte pero no se si actue bien y eso no me deja tranquilo y me afecta mucho,miedo
mira todo cambio de golpe de verdad,triste
ahora mismo me tiene completamente harto y me afecta mucho,enojo
fijate que nadie noto que algo me pasaba y quisiera que alguien me ayudara,triste
te digo que que buena noticia me dieron hoy,feliz
me duele mucho haber fallado en eso y quisiera que no fuera así,triste
no te miento me toco irme del barrio que queria hermano,triste
oye se burlaron de mi y no se que hacer,enojo
no se si contarte pero tengo miedo de que no me entiendan pero ya no puedo mas,miedo
me da terror que noten que estoy nervioso pero ya no puedo mas,miedo
ultimamente me eliminaron del grupo sin decir nada,enojo
me siento muy mal con lo que paso y no lo puedo superar,triste
ahora mismo tengo miedo de decepcionar a todos y me afecta mucho,miedo
sinceramente me tienes harto de verdad en serio,enojo
es que pague y no me dieron lo que ofrecieron,enojo
mi familia se fue a vivir lejos y me siento solo la verdad,triste
no te miento no quiero mandar el audio por miedo a como sueno y me cuesta mucho,miedo
sinceramente siento que cargue solo con todo todo el tiempo,triste
ahora mismo estoy temblando de nervios,miedo
me ignoraron cuando tenia toda la razon y nadie lo sabe,enojo
en serio no voy a tolerar esto mas y es agotador,enojo
hoy hice algo que me daba mucho miedo y salio bien bro,feliz
fijate que estoy con el animo muy por el piso de verdad,triste
oye me asusta mucho lo que esta pasando en el barrio hermano,miedo
me dejaron plantado y ni se disculparon y ya,enojo
sinceramente estoy muy emocionado por todo lo que paso,feliz
no puedo creer que me molesta mucho que hagas eso en serio,enojo
mira termine el curso que venia haciendo y no puedo evitarlo,feliz
ultimamente me siento inseguro y me afecta mucho,miedo
men hoy me vi bien en el espejo y me gusto,feliz
tengo miedo de cometer un error grave,miedo
realmente me siento muy triste y me afecta mucho,triste
fijate que usaron mis ideas sin darme credito,enojo
no puedo evitar que tengo una angustia enorme en este momento y no puedo calmarlo,miedo
te cuento que que descaro tan grande el de esa gente y eso me duele,enojo
no te miento me gane una chamba buenisima y eso me duele,feliz
no te miento me etiquetaron en algo que me alegro el dia y no es facil admitirlo,feliz
para serte honesto me rindo de intentarlo pero no digo nada,triste
hermano estoy con una nota hoy y nadie lo sabe,feliz
bro dijeron mentiras sobre mi en redes y no puedo evitarlo,enojo
la verdad no se que va a pasar por todo lo que pasa,miedo
sinceramente me asusta mucho la situacion actual de verdad,miedo
es que publicaron algo mio sin pedirme permiso,enojo
ultimamente lei el mensaje mal y arruine todo y trato de disimularlo,triste
lo que pasa es que me da miedo ir al medico,miedo
oye perdi mi negocio y no se como seguir de verdad,triste
desde hace dias hoy amaneci con mucha energia y es agotador,feliz
sinceramente alguien me entendio sin que yo explicara mucho,feliz
hoy llegue a tiempo a todo sinceramente,feliz
ultimamente me hicieron perder el tiempo en este momento,enojo
no te miento hoy fue mejor de lo que esperaba la verdad,feliz
oye tengo panico de decir algo y que lo malinterpreten de verdad,miedo
me perdi un momento importante y ya,triste
en serio me duele mucho haber llegado a esto,triste
me angustia pensar que quiza elegi mal mi carrera de verdad,miedo
me ignoraron durante horas y no puedo evitarlo,enojo
ahora mismo mi jefe quedo contento con mi trabajo y eso me tiene mal,feliz
la verdad es que me duele mucho lo que significa esto y me duele mucho,triste
es que me da miedo pedir ayuda otra vez,miedo
hoy me siento muy vacio aunque tenga cosas que hacer la verdad,triste
sinceramente tengo miedo de que me cancelen por algo que dije y nadie lo entiende,miedo
ultimamente me respondio el mensaje que esperaba y no se como manejarlo,feliz
te juro que me salio el primer cliente y no se que hacer,feliz
tengo miedo de que me juzguen pero no digo nada,miedo
me siento tranquilo y feliz esta semana,feliz
es que me bloqueo sin darme una explicacion y no puedo evitarlo,triste
en este momento me duele mucho esto,triste
desde hace dias hoy todo fluyo bien y no se que hacer,feliz
por fin publique lo que venia trabajando bro,feliz
ahora mismo esto me molesta demasiado y no se que hacer,enojo
la verdad perdi mi trabajo hoy y no se que hacer,triste
honestamente me da ira tu actitud y eso no esta bien,enojo
la verdad me pone ansioso salir de casa todo el tiempo,miedo
es que me dejaron plantado y ni se disculparon y no puedo evitarlo,enojo
oye me bloqueo sin darme una explicacion y trato de disimularlo,triste
te cuento que me da pavor equivocarme otra vez,miedo
es que me dieron informacion falsa de verdad,enojo
vieja me salio el negocio que queria,feliz
fijate que me interrumpieron todo el tiempo y no se que hacer,enojo
la verdad me siento inseguro ultimamente,miedo
me indigna mucho tu comportamiento en serio,enojo
fijate que me quede sin trabajo y no se que hacer y ya,triste
fijate que tengo miedo de ver lo que me respondieron y eso me tiene mal,miedo
lo que pasa es que no puedo soportar esta situacion,enojo
sinceramente pase el semestre sin perder nada y no se como manejarlo,feliz
no se si contarte pero me saco del grupo sin razon y me cuesta mucho,triste
ahora mismo no puedo dejar de preocuparme sinceramente,miedo
realmente todo esta saliendo bien y me encanta,feliz
no te miento el profesor me humillo frente a todos y no es facil admitirlo,triste
es que me llegó una carta del juzgado y no se que es,miedo
mira hicieron lo que quisieron sin preguntarme nada y nadie lo sabe,enojo
fijate que el profesor me humillo frente a todos y no es facil admitirlo,triste
la verdad es que me ofrecieron un mejor cargo y no se como manejarlo,feliz
de verdad estoy muy satisfecho con el dia de hoy,feliz
te cuento que las cosas estan saliendo como quiero,feliz
de verdad me cansas con tanta excusa y me parece muy mal,enojo
me duele mucho lo que ocurrio y no se como seguir,triste
bro me dicen que me esfuerce mas cuando ya doy todo y no puedo evitarlo,enojo
siento mucho miedo en este momento y no puedo calmarlo,miedo
de verdad ya me colmaste la paciencia sin excusas,enojo
te deseo y no lo puedo creer,feliz
en serio me echaron la culpa de lo que salio mal y eso me tiene mal,enojo
me siento muy achantado hoy y no se que hacer,triste
mira siento que todos avanzan menos yo la verdad,triste
te digo que me canse de esperar que las cosas cambien solas y ya,triste
fijate que ya no hablo con alguien que queria mucho,triste
mira me hablaron como si fuera tonto,enojo
honestamente me enoja mucho lo que dijiste y no lo voy a tolerar,enojo
hoy me paralizo cuando tengo que decidir y necesito que alguien me entienda,miedo
estoy muy angustiado con las noticias de hoy y me tiene muy nervioso,miedo
fijate que perdi mi trabajo hoy pero bueno,triste
que tipo tan feo todavía,enojo
mira eso estuvo muy mal de tu parte,enojo
lo que es cierto es que me da mucha alegria saber eso de verdad,feliz
fijate que consegui apartamento en arriendo bien precio y no puedo evitarlo,feliz
siento que todo se fue y no volvera y me duele mucho,triste
sinceramente logre terminar algo que habia dejado pendiente de verdad,feliz
ahora mismo me encanta este momento y no se que hacer,feliz
fijate que no se si voy a poder con esto y no se que hacer,miedo
me da mucho temor el futuro cercano y me tiene muy nervioso,miedo
fijate que no quiero mandar el audio por miedo a como sueno y me afecta mucho,miedo
es que estoy muy molesto con lo que hicieron y no se que hacer,enojo
hoy me escribieron solo para reclamarme y quisiera que alguien me ayudara,enojo
ultimamente me da mucha rabia,enojo
lo que pasa es que perdi tiempo en algo que no valio y necesito que alguien me entienda,enojo
te digo que siento que estoy decepcionando a todos,triste
te cuento que consegui el trabajo otra vez,feliz
lo que pasa es que no aguanto mas esta situacion y no lo entiendo,enojo
siento una inquietud constante ahora y no se que hacer,miedo
no te miento me subieron el sueldo y eso me tiene mal,feliz
lo que pasa es que me saca de quicio tu actitud y me parece muy mal,enojo
que estupidez lo que hiciste y eso no esta bien,enojo
fijate que me perdi un momento importante y ya,triste
sinceramente me interrumpieron todo el tiempo la verdad,enojo
la verdad me siento horrible otra vez,triste
estoy muy asustado por lo que viene,miedo
en serio me quitaron el like y eso me bajo el animo y nadie lo entiende,triste
para serte honesto tengo miedo de que me rechacen si digo lo que pienso pero ya no puedo mas,miedo
ya no hablo con alguien que queria mucho y me afecta,triste
es que siento una ansiedad tremenda ahora y no se que hacer,miedo
hoy estoy realmente indignado y no lo puedo ocultar,enojo
realmente estoy muy contento y no se que hacer,feliz
estoy agotado de tener que explicar como me siento y me cuesta aceptarlo,triste
sinceramente quede muy contento con el resultado,feliz
es que me siento solo aunque este rodeado de gente y me cuesta aceptarlo,triste
no puedo creer que que estupidez lo que hiciste en serio,enojo
te juro que cambiaron las reglas sin avisarme y no se como manejarlo,enojo
hoy dije algo que no quise decir y no se como explicarlo de verdad,triste
es que hoy todo el transporte me funciono perfecto pero bueno,feliz
sinceramente no hubo trafico hoy otra vez,feliz
la verdad tengo panico de que me pregunten algo en clase y nadie lo sabe,miedo
te juro que me produce rabia pensar en lo que hiciste,enojo
lo que pasa es que tengo miedo de que sea algo grave y no puedo evitarlo,miedo
desde ayer todo salio mal por todo lo que paso,triste
es que tengo panico de perder lo que tengo y no se que hacer,miedo
fijate que no entendi bien el tono y eso me tiene angustiado pero ya no puedo mas,miedo
no te miento tengo miedo de embarrarla con esa decision,miedo
ultimamente me fallaron cuando mas los necesitaba y me tiene mal,triste
me fue de maravilla en la entrevista y no es facil,feliz
me siento muy bien por lo que logre y no lo puedo creer,feliz
ultimamente estoy agotado emocionalmente y me duele mucho,triste
te cuento que me tocó repetir el tramite porque perdieron mis papeles y ya,enojo
parce eso me pone muy furioso,enojo
oye abusaron de mi confianza,enojo
mira tengo los mejores amigos otra vez,feliz
hoy me regalaron algo que queria hace mucho de verdad,feliz
de verdad que alegria tan grande la que siento y no lo puedo creer,feliz
desde hace dias me pone muy nervioso hablar en publico,miedo
hoy me siento muy afortunado de verdad,feliz
te cuento que me fui de viaje,feliz
ahora mismo tengo miedo de decir algo fuera de lugar y me cuesta mucho,miedo
eso que hiciste estuvo muy feo,enojo
es que estoy muy ido hoy no se que me pasa y ya,triste
para serte honesto nadie me eligio para su equipo y no lo digo seguido,triste
estoy re contento con todo y nadie lo entiende,feliz
sinceramente quise decir algo pero no encontre las palabras de verdad,triste
parce quedamos de una con el plan pero bueno,feliz
te juro que eso estuvo muy mal de tu parte sin excusas,enojo
en serio me da muy duro enfrentar esa conversacion hermano,miedo
es que el transporte salio tardisimo y llegue tarde por eso y nadie lo sabe,enojo
no te miento las cosas estan saliendo como quiero,feliz
te cuento que no puedo dejar de preocuparme y necesito que alguien me entienda,miedo
mira estoy con el animo muy por el piso y ya,triste
en serio me cansa tu falta de madurez de verdad,enojo
termine mi tesis y no se que hacer,feliz
ahora mismo publicaron algo mio sin pedirme permiso y me cuesta mucho,enojo
fijate que me exigen resultados sin darme las herramientas y no se que hacer,enojo
me paraliza no saber cual es el camino correcto,miedo
perdi algo muy importante y ya,triste
me sacaron la paciencia en este momento,enojo
para serte honesto usaron lo que les conte en mi contra,enojo
ahora mismo me preocupa el futuro en este momento,miedo
oye me da panico equivocarme y que no me perdonen y eso me tiene mal,miedo
es que no alcance el cupo en la universidad publica parce,triste
desde hace dias aprobe el examen,feliz
desde hace dias hable con alguien nuevo y no fue tan malo de verdad,feliz
en serio me descuentan del sueldo cosas que no firmé y ya,enojo
es que me mandaron un mensaje raro y no entiendo que quieren de verdad,miedo
de verdad que dia tan productivo tuve hoy en serio,feliz
sinceramente no aguanto mas y no se que hacer,enojo
te digo que me da alegria ver que todo funciona y estoy muy contento,feliz
hoy ya no aguanto mas esa situacion la verdad,enojo
oye me irritas con ese comportamiento sin excusas,enojo
no te miento mi mejor amigo se fue a vivir lejos y me afecta,triste
en este momento no aguanto mas,enojo
me saco del grupo sin razon de verdad,triste
oye publico algo que me dejo muy mal sinceramente,triste
mira lo que paso me subieron el sueldo y me cuesta mucho,feliz
ultimamente nada tiene sentido,triste
oye me dieron la nota que esperaba y no se como manejarlo,feliz
lo que es cierto es que hoy fue un dia increible y no lo puedo creer,feliz
mira cambiaron todo sin avisarme de verdad,enojo
ultimamente se burlaron de algo que me costo decir sinceramente,enojo
sinceramente me encanta este momento y no se que hacer,feliz
fijate que me angustia no tener todo claro a mi edad,miedo
no se si contarte pero tengo miedo de que no me entiendan y nadie lo entiende,miedo
hoy me salio redondo todo hoy hermano,feliz
en serio me salio redondo todo hoy y ya,feliz
sinceramente me respondieron con mala cara sin razon y ya,enojo
no puedo evitar que me asusta mucho la incertidumbre y me tiene muy nervioso,miedo
es que me comparan con otros y eso me molesta mucho y no puedo evitarlo,enojo
en serio me mintieron descaradamente en la cara la verdad,enojo
mira por fin publique lo que venia trabajando,feliz
te cuento que me preocupa tanto que no puedo dormir y ya,miedo
oye me quede callado cuando debi haber hablado y me cuesta mucho,triste
hablaron de algo que yo no sabia y me senti excluido pero necesitaba decirlo,triste
logre cerrar el trato que necesitaba sinceramente,feliz
no se que va a pasar por todo lo que paso,miedo
es que no estudie suficiente para esto y ya,miedo
hoy me salio la receta que estaba intentando,feliz
no se si contarte pero usaron lo que les conte en mi contra y me cuesta mucho,enojo
es que me angustia saber que todo queda guardado en internet y ya,miedo
ahora mismo me sorprendieron hoy y necesito que alguien me entienda,feliz
oye cambiaron todo sin avisarme,enojo
la verdad tengo miedo de que me juzguen y me afecta mucho,miedo
lo que pasa es que me parece terrible lo que hiciste,enojo
no puedo creer que que desconsiderado eres siempre y no lo entiendo,enojo
lo que pasa es que me interrumpieron cada vez que hable y no puedo evitarlo,enojo
sinceramente gane el concurso y ya,feliz
me da pena decirlo pero siempre me pasa lo mismo con las mismas personas sinceramente,enojo
estoy muy asustado con las noticias y eso me preocupa mucho,miedo
sinceramente tengo ansiedad por todo lo que paso,miedo
lo que pasa es que pude decir lo que sentia sin miedo sinceramente,feliz
en este momento estoy muy enojado y me afecta mucho,enojo
es que me aterra pensar en perder el control,miedo
pague y no me dieron lo que ofrecieron pero necesitaba decirlo,enojo
lo que pasa es que no se como va a terminar esto de verdad,miedo
mira lo que paso no se si ese mensaje significaba lo que creo y me tiene agotado,miedo
me tiene con los nervios destrozados y no puedo evitarlo,miedo
la verdad me tiene muy bajoneado lo que paso de verdad,triste
por fin me salio el pasaporte pero bueno,feliz
para serte honesto siento que las cosas mejoran y me tiene mal,feliz
en serio se burlaron de algo que me costo decir y nadie lo entiende,enojo
no se si contarte pero quise decir algo pero no encontre las palabras de verdad,triste
oye logre cerrar el trato que necesitaba pero ya no puedo mas,feliz
me llamaron para el trabajo en medellin y me cuesta mucho,feliz
me robaron el celular y estoy muy mal,triste
lo que pasa es que siento que estoy de mas y me tiene mal,triste
hermano hoy fue un dia muy chévere y no puedo evitarlo,feliz
me asusta mucho la situacion actual y me tiene muy nervioso,miedo
fuimos a la finca y fue muy bacano de verdad,feliz
no tengo plan b si esto falla pero bueno,miedo
fijate que tengo ansiedad de pensar en el futuro,miedo
parce me da pena hablar en publico y manana me toca la verdad,miedo
hoy tengo panico por todo lo que pasa,miedo
mira lo que paso pude mantener una conversacion sin angustiarme y no puedo evitarlo,feliz
desde hace dias todo tiene sentido ahora sinceramente,feliz
en serio estoy muy asustado con lo que puede pasar y eso me duele,miedo
me critican las decisiones sin conocer mi situacion y ya,enojo
en serio no es la primera vez y eso me tiene agotado y me pesa cargarlo solo,enojo
ahora mismo minimizaron lo que sentia y me afecta mucho,enojo
hoy me reconocieron el esfuerzo en el trabajo sinceramente,feliz
ahora mismo estoy demasiado preocupado en este momento,miedo
hermano estoy muy bacano con la noticia hermano,feliz
lo que pasa es que estoy muy apenado por lo sucedido y no se como seguir,triste
sinceramente siento que algo esta pasando y nadie me dice que y me afecta,miedo
te digo que siento que el tiempo se me acaba y no he hecho nada y me afecta,miedo
ahora mismo estoy emocionado hoy,feliz
no se si lo que estoy haciendo es lo correcto y ya,miedo
fijate que me dejaron y me afecta,triste
es que me invitaron a participar en algo importante y ya,feliz
siento que cargue solo con todo todo el tiempo,triste
es que me corrigieron el tono sin escuchar lo que dije y nadie lo entiende,enojo
es que hoy fue un parche buenisimo parce,feliz
en este momento tengo panico en este momento,miedo
oye tengo miedo de equivocarme y arrepentirme despues y me tiene pensando mucho,miedo
es que me quitaron el like y eso me bajo el animo y me tiene pensando mucho,triste
desde hace dias nadie reconocio lo que aporte y eso me tiene mal,enojo
la verdad me siento muy solo en esta ciudad la verdad,triste
de verdad estoy muy apagado y sin energia,triste
hoy me saca de quicio todo esto y eso me pesa,enojo
te cuento que me fallaron cuando mas los necesitaba y ya,triste
lo que pasa es que me da terror mostrarme como soy de verdad y nadie lo entiende,miedo
hoy no se que va a pasar con mi vida sinceramente,miedo
me critican las decisiones sin conocer mi situacion,enojo
hoy tengo mucho miedo y no se que hacer,miedo
ultimamente estoy demasiado cansado en este momento,triste
te cuento que se fue mi gato hoy y no puedo evitarlo,triste
es que ya no aguanto esta situacion otra vez,enojo
mira me siento invisible y eso me pesa,triste
te juro que logre cerrar el trato que necesitaba de verdad,feliz
fijate que me echaron del trabajo,triste
ahora mismo minimizaron lo que sentia y quisiera que alguien me ayudara,enojo
todo me hace enojar en este momento,enojo
desde hace dias hoy llore sin saber por que y me tiene mal,triste
no te miento no se si ese mensaje significaba lo que creo y nadie lo entiende,miedo
ahora mismo no quise hablar con nadie hoy todo el tiempo,triste
fijate que hoy fue exactamente lo que necesitaba men,feliz
te digo que me asusta mucho lo que podria pasar y me tiene muy nervioso,miedo
oye mi familia se fue a vivir lejos y me siento solo la verdad,triste
desde hace dias me corrigieron el tono sin escuchar lo que dije y no lo digo seguido,enojo
ultimamente ya no tengo ganas por todo lo que paso,triste
es que me echaron la culpa de lo que salio mal y trato de disimularlo,enojo
me cansas con tanta excusa en serio,enojo
me tiene indignado lo que paso de verdad,enojo
la verdad ya no aguanto esta situacion y necesito que alguien me entienda,enojo
que dia tan especial fue hoy para todos,feliz
ahora mismo estoy demasiado cansado y me duele mucho,triste
no puedo evitar que siento panico cuando pienso en eso y no puedo calmarlo,miedo
no se me invitaron a participar en algo importante y ya,feliz
hoy me siento muy desconectado de todo y de todos bro,triste
te cuento que hicieron lo que quisieron sin preguntarme nada de verdad,enojo
la verdad me siento sin energia desde hace dias,triste
hermano me tienen muy mamado con esa vuelta y me cuesta mucho,enojo
ahora mismo me prometieron que no volveria a pasar,enojo
en serio sonrei todo el tiempo pero por dentro lloraba y quisiera que alguien me ayudara,triste
me duele mucho lo que esta pasando y me duele mucho,triste
en serio estoy esperando una respuesta y me tiene nervioso y no lo puedo ocultar,miedo
te cuento que me dejo mi novio y estoy muy mal de verdad,triste
lo que pasa es que me entristece mucho esta situacion y no lo puedo superar,triste
hoy no estudie suficiente para esto y me afecta,miedo
fijate que la incertidumbre me tiene paralizado de verdad,miedo
desde hace dias me siento muy bien conmigo mismo sinceramente,feliz
definitivamente me siento increible hoy,feliz
sinceramente me pidieron algo de ultimo momento y no es facil admitirlo,enojo
la verdad siento que perdi una etapa de mi vida y me tiene mal,triste
sinceramente me hablaron muy mal otra vez,enojo
vi algo que me dejo muy intranquilo y no se que hacer,miedo
hoy me fue bien en el icfes de verdad,feliz
no puedo creer que me frustras mucho con eso y me parece muy mal,enojo
la verdad es que mi grupo de trabajo funciono muy bien y no es facil admitirlo,feliz
me da pena decirlo pero me dejo de seguir en redes sociales y quisiera que alguien me ayudara,triste
te cuento que me case hoy y me tiene mal,feliz
en serio me usaron cuando les convenia y despues nada y me cuesta mucho,enojo
es que me robaron el celular y estoy muy mal y nadie lo sabe,triste
la verdad me graduo este sabado y no puedo evitarlo,feliz
estoy muy bajo de animo hoy y no se como seguir,triste
fijate que por fin me salio el pasaporte,feliz
hoy me da miedo decepcionarme a mi mismo y me cuesta aceptarlo,miedo
hoy estoy lleno de felicidad ahora mismo,feliz
oye me siento en paz y me tiene mal,feliz
fijate que me aprobo el credito el banco y me cuesta mucho,feliz
hoy no puedo creer que hayan hecho eso la verdad,enojo
la verdad estoy muy bravo con lo que paso la verdad,enojo
ahora mismo gane el concurso y no se que hacer,feliz
hoy me siento sin energia en este momento,triste
es que me fue de maravilla en la entrevista y eso me duele,feliz
hoy se fue mi gato hoy y nadie lo sabe,triste
no te miento tuve que dejar mis estudios y ya,triste
es que me interrumpieron todo el tiempo y necesito que alguien me entienda,enojo
no te miento me tocó pagar una multa que no era justa y eso me duele,enojo
en serio me hablaron muy feo sin ninguna razon la verdad,enojo
ahora mismo tengo miedo de mandar ese mensaje y que lo tomen mal y me afecta mucho,miedo
me da pena decirlo pero me angustia no saber como interpretar eso y me cuesta mucho,miedo
lo que pasa es que me mandaron buenas noticias por whatsapp y no lo digo seguido,feliz
fijate que me echaron la culpa de lo que salio mal y no es facil admitirlo,enojo
desde hace dias estoy muy ilusionado con lo que viene y no puedo evitarlo,feliz
me encanta este momento,feliz
es que nadie me dio una respuesta clara y no puedo evitarlo,enojo
en serio estoy muy feliz con los resultados y estoy muy agradecido,feliz
parce estoy muy asustado con lo que puede pasar hermano,miedo
mira me cambiaron el turno sin avisarme y me cuesta mucho,enojo
me invitaron a algo importante pero bueno,feliz
definitivamente esto es injusto en este momento,enojo
me da pena decirlo pero me interrumpieron cada vez que hable y me cuesta mucho,enojo
me canse de esperar que las cosas cambien solas y me cuesta aceptarlo,triste
manana es el dia y no estoy listo y no se que hacer,miedo
mira no estudie suficiente para esto la verdad,miedo
fijate que me quede sin trabajo y no se que hacer parce,triste
no te miento nacio mi hijo,feliz
la verdad estoy muy molesto con lo que hicieron de verdad,enojo
en serio estoy muy contento con lo que paso,feliz
ultimamente estoy muy preocupado por todo lo que pasa,miedo
quede muy contento con el resultado parce,feliz
lo que pasa es que me invitaron a participar en un proyecto y no es facil admitirlo,feliz
sinceramente me pidieron algo de ultimo momento y no puedo evitarlo,enojo
hoy no es la primera vez y eso me tiene agotado y eso me tiene mal,enojo
parce me tienen hasta la coronilla,enojo
hoy siento que estoy de mas y no puedo evitarlo,triste
ahora mismo perdi una oportunidad importante y ya,triste
desde hace dias mi pareja me sorprendio y ya,feliz
ultimamente vi que me sacaron de un grupo y no dije nada y no es facil,triste
hoy mi familia se fue a vivir lejos y me siento solo y eso me duele,triste
lo que pasa es que estoy muy deprimido en este momento,triste
parce quedamos de una con el plan y ya,feliz
ultimamente me siento decepcionado otra vez,triste
mira me toco vender el carro que tanto queria y no se que hacer,triste
para serte honesto ya no tengo fuerzas para nada todo el tiempo,triste
es que extraño como era todo antes,triste
te juro que me invitaron a participar en algo importante,feliz
la verdad es que me da terror no saber que va a pasar y no puedo calmarlo,miedo
en serio hoy fue un parche buenisimo pero bueno,feliz
me da pena decirlo pero pude mantener una conversacion sin angustiarme y nadie lo entiende,feliz
ahora mismo todo salio excelente ultimamente,feliz
hoy fue un dia increible de verdad pero bueno,feliz
es que siento que algo malo va a pasar y necesito que alguien me entienda,miedo
de verdad estoy muy feliz y emocionado y estoy muy agradecido,feliz
mira me dijeron que si y despues que no y nadie lo sabe,enojo
es que me etiquetaron en algo que me alegro el dia,feliz
te digo que me siento muy orgulloso de lo logrado y estoy muy agradecido,feliz
bro no se si lo que estoy haciendo es lo correcto y no puedo evitarlo,miedo
en serio me tiene muy angustiado esa situacion,miedo
oye me cancelaron la cita sin avisar pero bueno,enojo
nacio mi hijo la verdad,feliz
no puedo evitar que me asusta mucho pensar en el futuro de verdad,miedo
en serio que bonito momento vivimos hoy y es lo mejor que me paso,feliz
en este momento todo esta mejorando otra vez,feliz
lo que pasa es que pase el semestre sin perder nada y eso me tiene mal,feliz
ahora mismo me dieron la nota que esperaba pero necesitaba decirlo,feliz
lo que pasa es que me subieron el sueldo y quisiera que alguien me ayudara,feliz
estoy muy feliz con el camino que tome,feliz
oye me ignoraron durante horas la verdad,enojo
sinceramente me da miedo no estar preparado,miedo
me dieron la beca pero no digo nada,feliz
definitivamente todo me afecta demasiado por todo lo que paso,triste
no se si contarte pero siento que no soy tan inteligente como los demas y no lo digo seguido,triste
hoy me encontre plata en un bolsillo que no sabia y no se que hacer,feliz
en este momento siento demasiado temor y no puedo dormir,miedo
no se si contarte pero me subieron el sueldo y me tiene agotado,feliz
mira me da miedo ir al medico y no lo puedo ocultar,miedo
la verdad me da mucha rabia desde hace dias,enojo
en serio me robaron el celular y estoy muy mal y me tiene mal,triste
definitivamente esto arruino mi dia y estoy cansado,enojo
ahora mismo estoy agotado emocionalmente,triste
te cuento que me preocupa no poder lograrlo la verdad,miedo
ultimamente siento que algo se rompio dentro de mi y necesito que alguien me entienda,triste
fijate que me puse a pensar en lo peor y no puedo parar de verdad,miedo
es que me frustras mucho con eso y me parece muy mal,enojo
mira tengo miedo de que me quiten el trabajo pero bueno,miedo
es que tengo panico de no saber como actuar en esa situacion y me cuesta mucho,miedo
no se me respondieron que si al proyecto y no puedo evitarlo,feliz
es que dijeron mentiras sobre mi en redes la verdad,enojo
ultimamente me trataron como si no existiera de verdad,enojo
hoy me pidieron que fuera a recursos humanos parce,miedo
te cuento que me siento en paz de verdad,feliz
te juro que el profesor me felicito por el trabajo pero necesitaba decirlo,feliz
me contactaron por mi trabajo y quede feliz la verdad,feliz
sinceramente me asusta mucho no saber que hacer y no puedo calmarlo,miedo
me da pena decirlo pero tuve que fingir que estaba bien toda la noche y no lo digo seguido,triste
mira lo que paso no entendi bien el tono y eso me tiene angustiado y me pesa cargarlo solo,miedo
en serio me dejaron solo en esto y me afecta mucho,triste
ultimamente estoy demasiado cansado,triste
de verdad que manera tan irresponsable de actuar y punto,enojo
es que no tengo plan b si esto falla y me afecta,miedo
hoy me eliminó de sus contactos sin decir nada pero necesitaba decirlo,triste
esto arruino mi dia en este momento,enojo
sinceramente se burlaron de algo que me costo decir,enojo
sinceramente me independice por fin pero bueno,feliz
mira me tiene muy triste esta vuelta,triste
te juro que me corrigieron el tono sin escuchar lo que dije y me pesa cargarlo solo,enojo
mira lo que paso nadie noto que algo me pasaba sinceramente,triste
la verdad estoy realmente indignado la verdad,enojo
es que me da terror mostrarme como soy de verdad y trato de disimularlo,miedo
en serio estoy muy apenado y no se que decir,triste
gane el concurso y ya,feliz
hoy mi abuela ya no esta y nadie lo sabe,triste
la verdad sali del pais por primera vez la verdad,feliz
la verdad me hicieron fila tres horas y no me atendieron,enojo
fijate que me tiene muy bajoneado lo que paso parce,triste
sinceramente me siento muy triste por todo lo que paso,triste
me exigen resultados sin darme las herramientas pero bueno,enojo
sinceramente siento que se me acaba el tiempo,miedo
ahora mismo me cancelaron a ultimo momento y no lo puedo ocultar,enojo
sabes que me pone de buen humor todo hoy en serio,feliz
oye que irresponsable eres con todo y me parece muy mal,enojo
estoy muy feliz con el resultado de verdad,feliz
es que me puse muy feliz con eso parce pero bueno,feliz
mira me tiene muy triste esta vuelta parce,triste
oye me trataron muy mal sin razon y no puedo evitarlo,enojo
hoy me cuesta aceptar que eso ya termino,triste
no se si voy a poder con lo que viene y ya,miedo
en serio me dijeron que exageraba y no puedo evitarlo,enojo
hoy tuve que dejar mis estudios de verdad,triste
todo me pone mal desde hace dias,triste
la verdad es que siento un miedo enorme que no puedo controlar,miedo
desde hace dias me excluyeron de la decision sin explicacion y me tiene agotado,enojo
no puedo evitar que siento mucha ansiedad por lo desconocido y eso me preocupa mucho,miedo
vieja me descuentan del sueldo cosas que no firmé y no es facil,enojo
siento que el tiempo paso y yo no hice nada y no se que hacer,triste
ultimamente tengo ansiedad de pensar en todo lo que falta pero bueno,miedo
hoy dije algo que no quise decir y no se como explicarlo,triste
desde hace dias siento que no soy tan inteligente como los demas de verdad,triste
de verdad me cansa tu falta de madurez y no lo entiendo,enojo
en serio me tiene con los nervios destrozados pero bueno,miedo
men me canse de esperar que las cosas cambien solas bro,triste
en serio no me merecia este trato,enojo
fijate que estoy con las personas que amo pero no digo nada,feliz
me da una ira terrible de verdad,enojo
en serio me gane una chamba buenisima,feliz
honestamente eres una persona muy egoista,enojo
hoy estoy demasiado angustiado para pensar y ya,miedo
mira logre ahorrar lo que necesitaba de verdad,feliz
desde ayer me da mucha rabia otra vez,enojo
parce me siento muy achantado hoy pero bueno,triste
desde hace dias siento que las cosas mejoran y necesito que alguien me entienda,feliz
me tratan diferente por ser joven la verdad,enojo
que falta de respeto tan grande y ya me canse,enojo
te juro que me siento solo aunque este rodeado de gente de verdad,triste
te cuento que me toca salir tarde y me da miedo en la calle y no puedo evitarlo,miedo
la verdad es que estoy muy feliz con mi vida sin duda,feliz
en serio no hubo trafico hoy y es agotador,feliz
sabes que que bonito momento vivimos hoy y estoy muy contento,feliz
hoy me dijeron que cambie como si estuviera mal ser yo y no puedo evitarlo,triste
honestamente ya no aguanto mas todo el tiempo,enojo
lo que pasa es que pase el dia en cama de verdad,triste
dijeron cosas que no son verdad sobre mi de verdad,enojo
fijate que me dijeron que exageraba y nadie lo entiende,enojo
mira estoy muy ilusionado con lo que viene pero no digo nada,feliz
la verdad estoy agotado emocionalmente desde hace dias,triste
me ignoraron cuando tenia toda la razon pero bueno,enojo
fijate que me pone muy nervioso tener que dar explicaciones y no se que hacer,miedo
me decepciona mucho tu actitud y me parece muy mal,enojo
bro cumpli la meta que me habia puesto,feliz
te juro que no aguanto mas esta situacion y ya me canse,enojo
no te miento las cosas ya no son como antes de verdad,triste
oye me tiene muy triste esta vuelta y no puedo evitarlo,triste
es que me cayo del cielo esa noticia y ya,feliz
bro desactive mis redes porque me hacian sentir mal men,triste
hoy siento que perdi una etapa de mi vida y nadie lo sabe,triste
sinceramente hoy me senti comodo siendo yo mismo pero necesitaba decirlo,feliz
de verdad estoy muy apagado sin poder sonreir y quisiera que no fuera así,triste
honestamente me tienes harto de verdad y punto,enojo
me da mucho miedo la situacion actual y no puedo calmarlo,miedo
vieja hicimos sancocho en familia y fue muy rico pero bueno,feliz
fijate que llevo dias aguantando esto y ya no puedo pero necesitaba decirlo,enojo
ultimamente siento que no soy suficiente pero bueno,triste
me dieron la beca de la universidad publica de verdad,feliz
lo que pasa es que todo tiene sentido ahora y eso me pesa,feliz
la verdad me bloquearon sin darme ninguna explicacion y no es facil,enojo
es que ya me colmaste la paciencia de verdad,enojo
hoy logre ahorrar lo que necesitaba y me afecta,feliz
lo que pasa es que me ignoraron cuando trate de explicarme y no lo digo seguido,enojo
hoy hoy me senti muy a gusto con todo la verdad,feliz
oye no me dejaron hablar y eso me pesa,enojo
siento el corazon muy apesadumbrado de verdad,triste
la verdad me paralizo cuando tengo que decidir y no lo puedo ocultar,miedo
no se si lo que estoy haciendo es lo correcto men,miedo
la verdad no me puedo sacar esta sensacion de encima y ya,miedo
en serio siento que finjo estar bien tan seguido que ya ni se la verdad,triste
no puedo creer que hayan hecho eso y ya,enojo
tengo miedo de que me cancelen por algo que dije,miedo
hoy me hicieron fila tres horas y no me atendieron hermano,enojo
fijate que mi grupo hizo el trabajo sin contar conmigo y trato de disimularlo,triste
fijate que me da pena hablar en publico y manana me toca y ya,miedo
ahora mismo hoy no tengo que trabajar y necesito que alguien me entienda,feliz
estoy muy nervioso y asustado por todo y no puedo calmarlo,miedo
ahora mismo me da demasiada rabia desde hace dias,enojo
no me reconozco ultimamente,triste
oye me ignoraron durante horas y me afecta,enojo
me siento muy dichoso en este momento,feliz
mira lo que paso cargue con toda la responsabilidad del grupo y eso me tiene mal,enojo
la verdad es que lei el mensaje mal y arruine todo y no es facil admitirlo,triste
te digo que estoy muy nervioso por lo que puede pasar y no se que hacer,miedo
te cuento que ya no hablo con mi parcero de toda la vida y eso me duele,triste
oye me da ansiedad abrir ese chat y trato de disimularlo,miedo
en serio no me merecia este trato y necesito que alguien me entienda,enojo
definitivamente hoy fue un gran dia otra vez,feliz
ultimamente tengo miedo de hablar esta semana,miedo
vieja me tiene muy apagado esta situacion y me tiene mal,triste
mira tengo miedo de que me juzguen todo el tiempo,miedo
te juro que me tratan diferente por ser joven la verdad,enojo
mi mejor amigo se fue para otro pais la verdad,triste
me da susto pedir el favor porque me da pena y me tiene mal,miedo
te cuento que hoy me senti muy a gusto con todo de verdad,feliz
es que me produce mucho enojo esto y eso no esta bien,enojo
ultimamente me di cuenta que no me invitaron a la reunion y trato de disimularlo,triste
te cuento que me usaron y despues me ignoraron y me tiene mal,enojo
en serio me puse muy feliz con eso parce y no se que hacer,feliz
fijate que manana tengo una prueba importante y estoy nervioso y ya,miedo
me exigen resultados sin darme las herramientas y me cuesta aceptarlo,enojo
en serio eres la persona mas egoista que conozco y ya me canse,enojo
sinceramente estoy muy triste con lo que me paso y quisiera que no fuera así,triste
ultimamente tengo miedo de que sea algo grave y eso me pesa,miedo
la verdad siento que me quede atras la verdad,triste
desde hace dias por fin lo logre y me afecta mucho,feliz
hoy ya me canse de esto y me afecta mucho,enojo
la verdad es que no entiendo como puedes actuar asi y eso no esta bien,enojo
te cuento que no se si voy a poder con lo que viene sinceramente,miedo
me paraliza la idea de tener que hablar en grupo y no es facil admitirlo,miedo
en este momento no aguanto mas esta semana,enojo
es que tengo miedo de decir algo y que lo tomen mal y ya,miedo
la verdad me tiene con los nervios destrozados,miedo
me da susto pedir el favor porque me da pena,miedo
me da mucho miedo el futuro de verdad,miedo
no puedo creer que hayan hecho eso y nadie lo entiende,enojo
oye me siento completo y eso me pesa,feliz
me molesta mucho que hagas eso y me parece muy mal,enojo
me toco dejar los estudios por plata hermano,triste
sinceramente tengo miedo de no tener a nadie conmigo,miedo
para serte honesto me saca de quicio todo esto y necesito que alguien me entienda,enojo
no se si contarte pero me bloqueo sin darme una explicacion y no lo digo seguido,triste
ultimamente tengo panico y no puedo dormir,miedo
en este momento estoy temblando de nervios ultimamente,miedo
ultimamente esto arruino mi dia por todo lo que paso,enojo
te juro que me salio el primer cliente,feliz
la verdad todo tiene sentido ahora y necesito que alguien me entienda,feliz
mira me trataron como si yo fuera el problema y no puedo evitarlo,enojo
no puedo evitar que siento una inquietud constante ahora y eso me preocupa mucho,miedo
siento que estoy decepcionando a todos y no puedo evitarlo,triste
es que hoy me senti comodo siendo yo mismo sinceramente,feliz
hoy fue exactamente lo que necesitaba y me afecta,feliz
consegui el trabajo y ya,feliz
ultimamente me graduo este mes y necesito que alguien me entienda,feliz
siento que se me acaba el tiempo y ya,miedo
ahora mismo tengo miedo de haber arruinado algo sin saberlo y me pesa cargarlo solo,miedo
no te miento me dieron informacion falsa de verdad,enojo
fijate que pude expresarme sin que me juzgaran y no puedo evitarlo,feliz
parce me dejo mi novia y estoy muy bajoneado y no es facil,triste
la verdad ya nada es igual de verdad,triste
sinceramente estoy realmente frustrado otra vez,enojo
honestamente esto arruino mi dia y eso empeora todo,enojo
mira me saca de quicio todo esto todo el tiempo,enojo
oye me mandaron un mensaje raro y no entiendo que quieren y me tiene mal,miedo
ultimamente tengo ansiedad desde hace dias,miedo
parce me tienen hasta la coronilla y eso me duele,enojo
fijate que me puse muy feliz con eso parce y me cuesta mucho,feliz
definitivamente todo salio excelente ultimamente,feliz
te cuento que me tiene muy preocupado lo que esta pasando y no es facil,miedo
hoy hoy fue un dia muy gris y es agotador,triste
mira me asusta pensar en el futuro la verdad,miedo
te juro que desactive mis redes porque me hacian sentir mal y me tiene pensando mucho,triste
te juro que me saca de mis casillas esto y eso no esta bien,enojo
la verdad me tienen hasta la coronilla de verdad,enojo
hoy me toco vender el carro que tanto queria,triste
sinceramente todo me fastidia,enojo
en serio me cambiaron el turno sin avisarme hermano,enojo
estoy muy bacano con la noticia y me cuesta mucho,feliz
la verdad es que siento un vacio que no puedo llenar y no se como seguir,triste
oye entregue el proyecto a tiempo y trato de disimularlo,feliz
me tiene muy intranquilo todo esto,miedo
fijate que perdi mi trabajo hoy,triste
ultimamente me fallaron cuando mas los necesitaba pero no digo nada,triste
es que me tiene muy angustiado esa situacion,miedo
me alegra mucho el resultado final y estoy muy contento,feliz
me dicen que deberia estar agradecido por poco y me afecta,enojo
ultimamente mi grupo hizo el trabajo sin contar conmigo sinceramente,triste
desde ayer me siento muy feliz y no se que hacer,feliz
sinceramente me tiene muy bravo la falta de respeto,enojo
ultimamente me encanta este momento y no se que hacer,feliz
me da miedo no estar preparado y eso me preocupa mucho,miedo
me usaron cuando les convenia y despues nada y me tiene mal,enojo
te juro que me siento solo aunque este rodeado de gente,triste
en serio me eliminó de sus contactos sin decir nada,triste
me da terror lo que pueda pasar despues de verdad,miedo
es que no te soporto mas y ya me canse,enojo
la verdad hoy me fue de pelos la verdad,feliz
te cuento que me tiene muy cansado esta gente y no se que hacer,enojo
es que mi equipo gano hoy y estoy feliz y ya,feliz
me rechazaron y duela mucho y eso me pesa,triste
me asusta mucho lo que podria pasar y no puedo calmarlo,miedo
publicaron algo mio sin pedirme permiso pero necesitaba decirlo,enojo
hoy me pone muy nervioso hablar en publico y no lo puedo ocultar,miedo
ahora mismo no hubo trafico hoy y es agotador,feliz
oye me da terror decepcionar a alguien que confio en mi y me afecta mucho,miedo
no te miento minimizaron lo que sentia y no se que hacer,enojo
desde hace dias todo me pesa demasiado y no se que hacer,triste
para serte honesto estoy al limite de mi paciencia la verdad,enojo
ultimamente no soporto esta situacion,enojo
en serio la vida esta siendo buena conmigo de verdad,feliz
ahora mismo sonrei todo el tiempo pero por dentro lloraba y me pesa cargarlo solo,triste
encontre lo que buscaba y es agotador,feliz
que bonita sorpresa me llevé hoy y no lo puedo creer,feliz
hoy tengo ansiedad de pensar en todo lo que falta y no puedo evitarlo,miedo
sinceramente me siento excelente y eso me alegra,feliz
la verdad que mal tipo y no lo puedo creer,enojo
sinceramente logre lo que queria y eso me pesa,feliz
es que me asusta mucho lo que esta pasando en el barrio y no puedo evitarlo,miedo
sinceramente siento que las cosas nunca mejoran y me duele mucho,triste
siento que perdi algo muy importante de verdad,triste
te cuento que me da susto pedir el favor porque me da pena parce,miedo
la verdad me salio rico lo que cocine sinceramente,feliz
oye me escribieron para disculparse y me alegro y quisiera que alguien me ayudara,feliz
estoy realmente frustrado por todo lo que paso,enojo
tengo miedo de responder mal y arruinar todo,miedo
te cuento que saque mi licencia de conducir sinceramente,feliz
fijate que hicimos sancocho en familia y fue muy rico hermano,feliz
sinceramente me dijeron que exageraba y me pesa cargarlo solo,enojo
ultimamente ya me canse de esto otra vez,enojo
es que me da miedo decepcionarme a mi mismo,miedo
men me angustia saber que todo queda guardado en internet la verdad,miedo
no te miento me gane una chamba buenisima y me cuesta mucho,feliz
ahora mismo me duele mucho esto todo el tiempo,triste
es que me cayo del cielo esa noticia,feliz
hoy siento que voy a fallar manana,miedo
te digo que estoy muy triste y no quiero nada de verdad,triste
ultimamente me borraron un comentario que tenia toda la razon,enojo
la verdad se llevaron el credito de lo que yo hice y es agotador,enojo
todo me da miedo todo el tiempo,miedo
lo que es cierto es que me siento muy bien con todo y estoy muy contento,feliz
no se usaron mis ideas sin darme credito y me afecta,enojo
hoy no se que va a pasar con mi vida pero no digo nada,miedo
en serio siento que la estoy embarrando en todo,triste
sinceramente no aguanto mas otra vez,enojo
no se si contarte pero me echaron la culpa de lo que salio mal y no se como manejarlo,enojo
sinceramente hoy fue mejor de lo que esperaba y me tiene mal,feliz
la verdad es que pude mantener una conversacion sin angustiarme sinceramente,feliz
mi abuelo ya no esta y no puedo evitarlo,triste
ya no somos lo que eramos y eso me entristece de verdad,triste
desde ayer me sacaron la paciencia todo el tiempo,enojo
siento que todo el mundo sigue y yo me quede quieto y no es facil,triste
ultimamente todo esta saliendo bien desde hace dias,feliz
ahora mismo esto me molesta mucho de verdad,enojo
mira mi abuelo ya no esta,triste
sinceramente vi algo que me dejo muy intranquilo pero bueno,miedo
ahora mismo me sacaron la paciencia desde hace dias,enojo
la verdad tengo miedo de que sea algo grave la verdad,miedo
siento el alma muy pesada hoy y quisiera que no fuera así,triste
te juro que por fin me contestaron y me pesa cargarlo solo,feliz
sinceramente me encontre con un amigo que no veia hace tiempo,feliz
la verdad me tratan diferente por ser joven,enojo
la verdad me dicen que deberia estar agradecido por poco,enojo
ayer no hice la tarea,miedo
no se si contarte pero vi que estaba en linea pero no me respondio y no puedo evitarlo,triste
la verdad es que estoy muy triste con lo que me paso y quisiera que no fuera así,triste
vieja me tiene muy intranquilo todo esto hermano,miedo
no te miento cumpli mi meta del año y nadie lo sabe,feliz
me cambiaron las condiciones a ultimo momento de verdad,enojo
mira esto me parece una falta de respeto total y ya,enojo
definitivamente quiero estar solo ultimamente,triste
sinceramente estoy realmente indignado de verdad,enojo
es que siento que no soy suficiente la verdad,triste
es que estoy muy ido hoy no se que me pasa y nadie lo sabe,triste
hoy por fin me compre lo que queria pero bueno,feliz
me da pena decirlo pero me pusieron en evidencia en un grupo pero ya no puedo mas,enojo
oye vi algo que me dejo muy intranquilo la verdad,miedo
fijate que tengo miedo de que me vaya mal en las parciales y ya,miedo
men me comparo mucho con los demas y me hace mal la verdad,triste
me citaron a una reunión sin decirme de qué se trata,miedo
fuimos a la finca y fue muy bacano,feliz
fijate que me da pena hablar en publico y manana me toca parce,miedo
no te miento me dejo en visto y no respondio y no es facil admitirlo,triste
siento que algo se rompio dentro de mi y me afecta mucho,triste
es que me quede callado cuando debi haber hablado pero ya no puedo mas,triste
no te lo voy a perdonar tan facil,enojo
me da miedo no estar preparado y no puedo calmarlo,miedo
hoy siento que si me equivoco no hay vuelta atras,miedo
desde ayer siento demasiado temor en este momento,miedo
no te miento me cuesta aceptar que eso ya termino,triste
ultimamente siento demasiado temor y no puedo dormir,miedo
en serio tengo miedo de que mi respuesta suene agresiva y eso me tiene mal,miedo
fijate que pude mantener una conversacion sin angustiarme y trato de disimularlo,feliz
la verdad estoy muy preocupado y eso me preocupa,miedo
la verdad es que mi grupo hizo el trabajo sin contar conmigo y no se como manejarlo,triste
hoy me da muy duro enfrentar esa conversacion,miedo
lo que pasa es que estoy muy triste y no se que hacer y me duele mucho,triste
la verdad todo salio mal esta semana,triste
hoy me siento increible en este momento,feliz
lo que pasa es que me irritas con ese comportamiento y no lo entiendo,enojo
mira me rechazaron y duela mucho y eso me pesa,triste
es que me toco vender el carro que tanto queria parce,triste
bro siento que todos avanzan menos yo y ya,triste
ahora mismo me dejaron hacer todo el trabajo solo y ya,enojo
estoy agotado de tener que explicar como me siento y no es facil,triste
desde hace dias tengo miedo de que me rechacen si digo lo que pienso,miedo
mira que me robaron hoy todavía,enojo
oye no puedo mas con esta situacion y eso no esta bien,enojo
hable con alguien nuevo y no fue tan malo pero necesitaba decirlo,feliz
hoy cargue con toda la responsabilidad del grupo y no es facil admitirlo,enojo
la verdad me echaron sin explicacion,triste
sinceramente hoy me fue de pelos,feliz
es que me molesta tu actitud de siempre,enojo
ultimamente me encanta este momento otra vez,feliz
te digo que me salio la receta que estaba intentando,feliz
mira me pusieron obstaculos que no tenian sentido,enojo
mira lo que paso me ofrecieron un mejor cargo pero ya no puedo mas,feliz
ahora mismo me dieron la nota que esperaba y trato de disimularlo,feliz
lo que pasa es que me hablaron muy mal y me afecta mucho,enojo
te cuento que me mintieron en mi cara otra vez,enojo
la verdad me citaron para hablar y no se de que y no puedo evitarlo,miedo
en serio me siento realizado y no se que hacer,feliz
hoy estoy muy mamado de todo pero bueno,triste
desde hace dias tengo miedo de decir algo fuera de lugar y eso me tiene mal,miedo
no te miento aprobe todas las materias este semestre y me cuesta mucho,feliz
hoy me senti muy bien conmigo mismo men,feliz
sinceramente que descaro tan grande el de esa gente pero bueno,enojo
te digo que siento que si me equivoco no hay vuelta atras la verdad,miedo
la verdad es que que buena suerte la mia hoy,feliz
en este momento ya no tengo ganas todo el tiempo,triste
me descuentan del sueldo cosas que no firmé la verdad,enojo
hoy fue maravilloso esta semana,feliz
parce no tenemos para el arriendo este mes,triste
me entristece mucho pensar en eso,triste
la verdad siento que no tengo control de nada y me tiene mal,miedo
oye estoy con el animo muy por el piso,triste
men me invitaron a participar en algo importante,feliz
desde hace dias no supe si era una broma o algo serio y me cuesta mucho,triste
en serio me enfurece que actuen asi sinceramente,enojo
te digo que subi una foto y me arrepenti de haberla subido y no puedo evitarlo,triste
mira ya no aguanto esta situacion y no puedo evitarlo,enojo
es que estoy muy asustado sin saber que hacer y eso me preocupa mucho,miedo
la verdad por fin termine el proyecto sinceramente,feliz
sinceramente que estupidez lo que hiciste y no lo entiendo,enojo
me da pena decirlo pero nadie reconocio lo que aporte y no lo digo seguido,enojo
no puedo evitar que estoy muy nervioso con todo lo que pasa y me tiene muy nervioso,miedo
lo que pasa es que me ignoraron completamente de verdad,enojo
me descargó la culpa de algo que no fue mi error,enojo
parce extraño mucho a las personas que ya no estan y me tiene mal,triste
ultimamente tengo ansiedad otra vez,miedo
en serio me llamaron de la empresa y no dijeron para que la verdad,miedo
la verdad es que me siento muy pleno y contento,feliz
desde ayer odio esta situacion esta semana,enojo
me pusieron en evidencia en un grupo y me pesa cargarlo solo,enojo
la verdad es que siento una preocupacion muy grande,miedo
sinceramente que impotencia siento ahora sin excusas,enojo
te digo que me siento lleno de alegria y estoy muy agradecido,feliz
fijate que pase el semestre sin perder nada sinceramente,feliz
me da pena decirlo pero mi grupo hizo el trabajo sin contar conmigo y no lo digo seguido,triste
te digo que me angustia saber que todo queda guardado en internet y me afecta,miedo
me siento muy decaido en este momento y no lo puedo superar,triste
en serio me dieron acceso a la oportunidad que queria,feliz
no te miento tengo un presentimiento muy malo,miedo
men me canse de ser el que siempre aguanta pero bueno,triste
mira me trataron muy mal sin razon y me afecta mucho,enojo
hoy todo me afecta demasiado todo el tiempo,triste
mira no alcance el cupo en la universidad publica parce,triste
hoy que descaro tan grande el de esa gente pero bueno,enojo
es que me enferma tu comportamiento,enojo
ultimamente ya no esta la persona que queria y me afecta mucho,triste
hermano que descaro tan grande el de esa gente parce,enojo
no supe leer la situacion y meti la pata y trato de disimularlo,triste
hoy tengo un mal presentimiento desde ayer,miedo
en serio publicaron algo mio sin pedirme permiso y me cuesta mucho,enojo
de verdad estoy muy bajoneado con todo y me duele mucho,triste
mi abuelo ya no esta y nadie lo sabe,triste
quede muy contento con el resultado pero bueno,feliz
desde ayer estoy agradecido por todo,feliz
me da pena decirlo pero publico algo que me dejo muy mal y me afecta mucho,triste
es que me siento muy solo en esta ciudad y ya,triste
lo que pasa es que me reconocieron el esfuerzo en el trabajo sinceramente,feliz
es que me siento muy vacio aunque tenga cosas que hacer y me cuesta aceptarlo,triste
te juro que me interrumpieron cada vez que hable y no se como manejarlo,enojo
no me reconozco ultimamente de verdad,triste
hoy estoy con el animo muy por el piso y eso me duele,triste
no puedo creer que eso estuvo muy mal de tu parte y me parece muy mal,enojo
fijate que me escribieron solo para reclamarme pero ya no puedo mas,enojo
mira lo que paso cargue con toda la responsabilidad del grupo y trato de disimularlo,enojo
oye no se si ese mensaje significaba lo que creo y me afecta mucho,miedo
fallecio alguien cercano y ya,triste
estoy lleno de felicidad ahora mismo en serio,feliz
lo que pasa es que tengo una entrevista y me muero del susto y no lo puedo ocultar,miedo
te cuento que tengo miedo de que me quiten el trabajo la verdad,miedo
hoy se fue mi gato hoy pero necesitaba decirlo,triste
estoy muy preocupado todo el tiempo,miedo
en serio me salio redondo todo hoy hermano,feliz
la verdad ya no hablo con alguien que queria mucho,triste
sinceramente me hicieron perder un dia entero y me tiene mal,enojo
es que tengo miedo de que me alejen si se dan cuenta como soy y me afecta mucho,miedo
ultimamente por fin termine el proyecto sinceramente,feliz
todo cambio de golpe pero bueno,triste
lo que pasa es que siento que no soy tan inteligente como los demas pero ya no puedo mas,triste
en serio consegui apartamento en arriendo bien precio y no se que hacer,feliz
estoy agotado emocionalmente otra vez,triste
sinceramente siento una inquietud constante ahora y me tiene muy nervioso,miedo
oye encontre algo que habia perdido hace tiempo y me cuesta aceptarlo,feliz
ahora mismo me eliminó de sus contactos sin decir nada y me cuesta mucho,triste
te juro que me saco del grupo sin razon y eso me tiene mal,triste
es que no me puedo quitar esa preocupacion de encima y no puedo evitarlo,miedo
es que siento que cargue solo con todo otra vez,triste
me robaron y ya,enojo
estoy realmente indignado todo el tiempo,enojo
fijate que consegui apartamento en arriendo bien precio y ya,feliz
hoy tengo miedo de que me vaya mal en las parciales la verdad,miedo
lo que pasa es que me tiene completamente harto y es agotador,enojo
hoy vi que me sacaron de un grupo y no dije nada y no puedo evitarlo,triste
hoy hicimos sancocho en familia y fue muy rico la verdad,feliz
no te miento me invitaron a participar en un proyecto,feliz
desde hace dias nadie entendio como me sentia otra vez,triste
es que siento que no tengo proposito y me afecta,triste
de verdad siento una pena muy grande por eso,triste
fijate que me llegó una carta del juzgado y no se que es y me cuesta mucho,miedo
hoy no se si voy a poder sostenerme solo bro,miedo
me respondio el mensaje que esperaba y me afecta mucho,feliz
perdi mi trabajo hoy,triste
hoy tengo ansiedad todo el tiempo,miedo
en serio borre todas mis fotos porque no me gustaba nada pero bueno,triste
me enfurece tu actitud y eso no esta bien,enojo
me fue de maravilla en la entrevista pero bueno,feliz
oye eso estuvo muy mal de tu parte y eso no esta bien,enojo
la verdad me tienen hasta la coronilla,enojo
hoy no puedo dejar de preocuparme y no puedo evitarlo,miedo
lo que es cierto es que me alegra ver que todo salio bien y es lo mejor que me paso,feliz
lo que pasa es que no supe como responder y ahora me arrepiento y no es facil admitirlo,triste
hoy eso me pone muy furioso parce,enojo
oye me preocupa tanto que no puedo dormir todo el tiempo,miedo
hoy estoy muy contento con lo logrado y estoy muy agradecido,feliz
la verdad es que cargue con toda la responsabilidad del grupo y no se como manejarlo,enojo
hoy me quedé sin trabajo,triste
me siento vulnerable,miedo
es que ya no quiero hablar de eso porque nadie entiende de verdad,triste
hoy estoy muy emocionado con esto y estoy muy contento,feliz
es que me asusta pensar en el futuro y me afecta mucho,miedo
la verdad nada me salio bien hoy pero no digo nada,enojo
fijate que tengo panico de no saber como actuar en esa situacion y trato de disimularlo,miedo
ultimamente me dieron la beca sinceramente,feliz
oye logre ahorrar lo que necesitaba,feliz
hoy me dieron la visa y nadie lo sabe,feliz
desde ayer me preocupa el futuro en este momento,miedo
fijate que me tiene con los nervios destrozados de verdad,miedo
ahora mismo ya no tengo ganas todo el tiempo,triste
en serio me toco irme del barrio que queria la verdad,triste
siento una tristeza muy grande ahora y quisiera que no fuera así,triste
te cuento que me cobraron de mas y no me quieren devolver y no se que hacer,enojo
mira me faltaron el respeto,enojo
mira extraño mucho a las personas que ya no estan,triste
la verdad me case hoy pero bueno,feliz
es que me gane una chamba buenisima y eso me duele,feliz
mira el silencio de esa persona me preocupa mucho y ya,miedo
honestamente me produce mucho enojo esto,enojo
mira hoy amaneci con toda la actitud y no se que hacer,feliz
ultimamente no tengo ganas de nada por todo lo que paso,triste
hoy estoy pasando un gran momento en este momento,feliz
ahora mismo me rindo de intentarlo otra vez,triste
no entendi el tono del mensaje y me confundi y me afecta mucho,triste
bro hoy todo el transporte me funciono perfecto pero bueno,feliz
te juro que me quitaron el like y eso me bajo el animo la verdad,triste
fijate que me da terror decepcionar a alguien que confio en mi y no es facil admitirlo,miedo
no te miento el transporte salio tardisimo y llegue tarde por eso,enojo
oye me enoja mucho lo que dijiste y no lo voy a tolerar,enojo
oye todo tiene sentido ahora de verdad,feliz
es que el partido de colombia salio bien de verdad,feliz
sinceramente me dicen que me esfuerce mas cuando ya doy todo pero bueno,enojo
fijate que me tienen hasta la coronilla y me tiene mal,enojo
lo que pasa es que me irritas con ese comportamiento y punto,enojo
no entiendo como la gente puede ser asi y nadie lo entiende,enojo
sinceramente cambiaron las reglas sin avisarme y me pesa cargarlo solo,enojo
sinceramente siento que algo no esta bien aunque todo parece normal y me afecta,miedo
no te miento ya nada es igual de verdad,triste
me tiene muy intranquilo todo esto y me cuesta mucho,miedo
parce me tiene muy cansado esta gente,enojo
lo que pasa es que me da terror mostrarme como soy de verdad y me pesa cargarlo solo,miedo
fijate que sali del pais por primera vez y no puedo evitarlo,feliz
es que todo esta mal organizado,enojo
parce me salio el negocio que queria y eso me duele,feliz
siento que voy a fallar manana y ya,miedo
la verdad es que hoy fui honesto y salio bien y me afecta mucho,feliz
hoy estoy muy asustado con lo que puede pasar de verdad,miedo
en este momento esto me molesta demasiado por todo lo que paso,enojo
hoy manana es el dia y no estoy listo pero necesitaba decirlo,miedo
hoy me perdi un momento importante,triste
es que tengo miedo de lo que piensen de mi y me afecta mucho,miedo
es que me preocupa tanto que no puedo dormir la verdad,miedo
desde ayer recibi buenas noticias en este momento,feliz
es que cumpli la meta que me habia puesto y ya,feliz
honestamente que actitud tan mala la tuya,enojo
sinceramente siento una preocupacion muy grande y me tiene muy nervioso,miedo
te digo que me da terror pensar que no hay salida y no puedo calmarlo,miedo
sinceramente tengo miedo de que se den cuenta que no entiendo y eso me tiene mal,miedo
la verdad es que me tienes agotado con tus cosas de verdad,enojo
hoy me siento muy pleno con lo que estoy haciendo men,feliz
mira estoy muy molesto con lo que hicieron,enojo
realmente tengo panico y no se que hacer,miedo
te digo que me reportaron sin motivo y me bloquearon la cuenta bro,enojo
en serio siento una tristeza que no me abandona de verdad,triste
que buen momento para estar feliz y no lo puedo creer,feliz
realmente estoy disfrutando mucho y eso me alegra,feliz
hoy tengo miedo de que me quiten el trabajo de verdad,miedo
la verdad es que siento un temor muy grande ahora mismo y eso me preocupa mucho,miedo
no se si contarte pero me respondieron con mala actitud sin razon,enojo
oye todo me pesa demasiado y eso me pesa,triste
realmente no tengo ganas de nada otra vez,triste
ultimamente hoy fue un gran dia todo el tiempo,feliz
te cuento que tengo un mal presentimiento desde ayer y me tiene mal,miedo
desde ayer me siento nervioso ultimamente,miedo
mira termine mi tesis,feliz
ahora mismo estoy muy contento todo el tiempo,feliz
en serio estoy muy ido hoy no se que me pasa de verdad,triste
me dejaron esperando sin explicacion sinceramente,enojo
es que me comi algo rico y me alegro el dia y no puedo evitarlo,feliz
hoy me siento muy triste esta semana,triste
no te miento me respondio el mensaje que esperaba y no lo digo seguido,feliz
no puedo creer que me enferma tu comportamiento y punto,enojo
hoy que bonito momento vivimos hoy y estoy muy contento,feliz
ahora mismo mi grupo hizo el trabajo sin contar conmigo y no puedo evitarlo,triste
sinceramente nada me salio bien hoy la verdad,enojo
siento que no soy suficiente y nadie lo entiende,triste
fijate que me usaron cuando les convenia y despues nada parce,enojo
sinceramente siento un miedo enorme que no puedo controlar y me tiene muy nervioso,miedo
fijate que quedamos de una con el plan y eso me duele,feliz
ultimamente me mandaron audio de voz gritando y no se como manejarlo,enojo
ahora mismo me echaron la culpa de lo que salio mal y nadie lo entiende,enojo
desde hace dias nada me salio bien hoy y no puedo evitarlo,enojo
en serio vi que estaba en linea pero no me respondio y no puedo evitarlo,triste
realmente me siento decepcionado,triste
la verdad es que me duele el corazon con lo que paso y no lo puedo superar,triste
la verdad hoy todo el transporte me funciono perfecto y me afecta,feliz
la verdad tengo ansiedad de aparecer en camara y me afecta,miedo
desde ayer estoy agotado emocionalmente desde hace dias,triste
es que hoy me senti comodo siendo yo mismo y quisiera que alguien me ayudara,feliz
te cuento que no pude ir a la graduacion la verdad,triste
te cuento que me prometieron algo y no lo cumplieron sinceramente,enojo
la verdad me dicen que exagero cuando digo como me siento la verdad,enojo
sinceramente me siento muy bien conmigo mismo y me tiene mal,feliz
es que me dijeron que cambie como si estuviera mal ser yo y quisiera que alguien me ayudara,triste
en serio dije algo que no quise decir y no se como explicarlo y quisiera que alguien me ayudara,triste
no se si contarte pero no supe leer la situacion y meti la pata y me pesa cargarlo solo,triste
de verdad que maravilloso es sentirse asi y es lo mejor que me paso,feliz
no te miento me hablaron muy mal todo el tiempo,enojo
me aterra no saber como va a terminar y no puedo calmarlo,miedo
hoy tengo miedo de embarrarla con esa decision y ya,miedo
lo que pasa es que me indigna mucho tu comportamiento,enojo
no se si contarte pero tengo miedo de que me rechacen si digo lo que pienso y no puedo evitarlo,miedo
en serio estoy muy asustado con lo que puede pasar parce,miedo
en este momento quiero estar solo ultimamente,triste
me siento muy bien y muy contento y estoy muy agradecido,feliz
la verdad todo me genera ansiedad ultimamente y me tiene mal,miedo
definitivamente me sacaron la paciencia por todo lo que paso,enojo
fijate que hoy fue mejor de lo que esperaba y no puedo evitarlo,feliz
es que me cobraron de mas sin avisar y no se que hacer,enojo
hoy me siento motivado por todo lo que paso,feliz
ultimamente todo esta fluyendo muy bien la verdad,feliz
el transporte salio tardisimo y llegue tarde por eso pero bueno,enojo
fijate que por fin me contestaron y no se que hacer,feliz
hoy estoy muy enojado,enojo
lo que pasa es que tengo miedo de que me rechacen si digo lo que pienso y me afecta mucho,miedo
te juro que me quitaron el like y eso me bajo el animo y me cuesta aceptarlo,triste
oye tengo una entrevista y me muero del susto y es agotador,miedo
fijate que las cosas ya no son como antes y me afecta,triste
oye no se puede confiar en ti,enojo
lo que pasa es que me decepciona mucho tu actitud y eso no esta bien,enojo
lo que pasa es que estoy rodeado de gente y me siento solo y no se que hacer,triste
ultimamente ya me canse de esto en este momento,enojo
oye no puedo creer lo que hicieron y necesito que alguien me entienda,enojo
que irresponsable eres con todo y no lo voy a tolerar,enojo
realmente estoy muy preocupado esta semana,miedo
estoy lleno de felicidad ahora mismo y no lo puedo creer,feliz
te juro que me produce mucho enojo esto de verdad,enojo
lo que pasa es que estoy al limite de mi paciencia todo el tiempo,enojo
es que me aterra quedarme sin opciones,miedo
mira las cosas estan saliendo como quiero la verdad,feliz
hoy me cambiaron las condiciones a ultimo momento y nadie lo sabe,enojo
que descaro tan grande el de esa gente de verdad,enojo
ayer no me gusto tu trabajo y no lo puedo creer,enojo
para serte honesto me da pavor equivocarme y me afecta mucho,miedo
fijate que todo esta mal organizado y ya,enojo
sinceramente la vida esta siendo buena conmigo y es agotador,feliz
es que lei el mensaje mal y arruine todo pero necesitaba decirlo,triste
hoy estoy cansado mentalmente y no se que hacer,triste
fijate que no logre lo que esperaba todo el tiempo,triste
en serio hoy todo fluyo bien otra vez,feliz
te cuento que ya no hablo con mi parcero de toda la vida pero bueno,triste
te digo que capturaron una conversacion privada y la compartieron pero bueno,enojo
lo que pasa es que me da pavor equivocarme y me afecta mucho,miedo
siento un temor muy grande ahora mismo y eso me preocupa mucho,miedo
la verdad me salio el traslado que pedi y eso me duele,feliz
no te miento me dejo mi novio y estoy muy mal,triste
la verdad es que me siento lleno de alegria sin duda,feliz
hermano me tiene muy angustiado esa situacion y nadie lo sabe,miedo
estoy muy nervioso por lo que puede pasar y no puedo calmarlo,miedo
en serio estoy demasiado angustiado para pensar y me tiene mal,miedo
la verdad es que me duele mucho lo que esta pasando,triste
la verdad me pusieron a hacer el trabajo de todos y no puedo evitarlo,enojo
me di cuenta que nadie me busca si yo no busco,triste
mira lo que paso me quede callado cuando debi haber hablado sinceramente,triste
ultimamente me comparan con otros y eso me molesta mucho de verdad,enojo
hoy me siento muy feliz y no se que hacer,feliz
parce me pusieron a hacer el trabajo de todos y no puedo evitarlo,enojo
siento un vacio que no puedo llenar,triste
mira me tiene muy cansado esta gente,enojo
fijate que me mandaron un audio muy lindo y trato de disimularlo,feliz
en serio que dia tan especial fue hoy para mi sin duda,feliz
en serio tengo miedo de llegar a cierta edad sin haber logrado nada y ya,miedo
desde hace dias no se si estoy listo para esto,miedo
desde ayer no se que va a pasar desde hace dias,miedo
resulta que tengo que entregar algo mañana y no empece y no sé qué hacer,miedo
estoy muy asustado con la situacion y no se que hacer,miedo
la verdad me siento nervioso ultimamente,miedo
ultimamente me corrigieron el tono sin escuchar lo que dije sinceramente,enojo
te juro que me saca de quicio tu actitud en serio,enojo
hoy no alcance el cupo en la universidad publica hermano,triste
sinceramente me di cuenta que no me invitaron a la reunion y trato de disimularlo,triste
te cuento que extraño mucho a las personas que ya no estan parce,triste
no se que va a pasar,miedo
ahora mismo todo salio perfecto en este momento,feliz
definitivamente todo me fastidia por todo lo que paso,enojo
para serte honesto prometieron y no cumplieron y no lo puedo ocultar,enojo
sinceramente estoy muy asustado por lo que viene,miedo
parce me puse muy feliz con eso y ya,feliz
oye me citaron a declarar y estoy muy nervioso de verdad,miedo
sinceramente estoy al limite de mi paciencia otra vez,enojo
la verdad es que que bonito dia fue este para todos sin duda,feliz
de verdad me siento muy orgulloso de lo logrado y estoy muy agradecido,feliz
tengo miedo de equivocarme y arrepentirme despues men,miedo
estoy muy bajoneado con todo de verdad,triste
en serio hoy el clima estuvo perfecto y no es facil,feliz
no te miento me enfurece que actuen asi y no se que hacer,enojo
ahora mismo estoy cansado mentalmente esta semana,triste
fijate que fallecio alguien cercano y nadie lo sabe,triste
vieja perdi mi negocio y no se como seguir,triste
vieja me asusta mucho lo que esta pasando en el barrio y me cuesta mucho,miedo
me bloqueo sin darme una explicacion y no lo digo seguido,triste
me siento muy feliz con mi familia y no lo puedo creer,feliz
realmente me siento excelente con todo lo que paso,feliz
oye me hablaron muy feo sin ninguna razon de verdad,enojo
resulta que no quiero que me hables mas y no sé qué hacer,enojo
ultimamente me da ansiedad publicar algo y que lo juzguen y nadie lo entiende,miedo
me siento muy afortunado y es lo mejor que me paso,feliz
mira me da terror enfrentar esto solo y necesito que alguien me entienda,miedo
en serio llevo dias aguantando esto y ya no puedo y no se que hacer,enojo
sinceramente estoy muy apesadumbrado con las noticias y no se como seguir,triste
me siento derrotado esta semana,triste
realmente esto arruino mi dia en este momento,enojo
es que estoy muy nervioso con esta situacion y me tiene muy nervioso,miedo
la verdad todo cambio de golpe y no se que hacer,triste
mira siento que me estoy quedando sin opciones y me afecta,miedo
fijate que tengo miedo de caerle mal sin querer y nadie lo entiende,miedo
desde ayer me siento inseguro y no puedo dormir,miedo
en este momento me siento destruido otra vez,triste
me dieron la beca de la universidad publica y me tiene mal,feliz
en serio capturaron una conversacion privada y la compartieron la verdad,enojo
bro encontre algo que habia perdido hace tiempo y ya,feliz
para serte honesto hicieron como si yo no existiera en la reunion y eso me tiene mal,enojo
para serte honesto me hablaron muy mal la verdad,enojo
la verdad es que me da mucho miedo el futuro,miedo
la verdad es que me da mucho miedo enfrentar esta situacion y no puedo calmarlo,miedo
tengo miedo de haber arruinado algo sin saberlo y me tiene agotado,miedo
te digo que me da miedo no estar preparado de verdad,miedo
la verdad si esto no funciona no se que voy a hacer,miedo
te cuento que me trataron como si yo fuera el problema y no se que hacer,enojo
no te miento me tocó repetir el tramite porque perdieron mis papeles,enojo
en serio ya no aguanto mas y estoy cansado,enojo
me da mucha rabia lo que hiciste y me parece muy mal,enojo
para serte honesto no entendi el tono del mensaje y me confundi y no se como manejarlo,triste
es que me aterra quedar mal frente a todos,miedo
ahora mismo me echaron la culpa de lo que salio mal sinceramente,enojo
para serte honesto me preocupa tanto que no puedo dormir otra vez,miedo
desde hace dias me mandaron un audio muy lindo y no es facil admitirlo,feliz
en serio termine la semana sin ningun problema y quisiera que alguien me ayudara,feliz
hoy compre mi primera casa y me afecta,feliz
ahora mismo me reconocieron el esfuerzo en el trabajo,feliz
fijate que mañana presento y no he empezado nada,miedo
mira se aprovecharon de la buena fe mia,enojo
hoy me dieron el trabajo que queria y me afecta,feliz
no te miento me preocupa no poder pagar el arriendo el otro mes hermano,miedo
hoy odio esta situacion,enojo
ultimamente ya les dije mil veces y no cambia nada de verdad,enojo
tengo ansiedad de aparecer en camara de verdad,miedo
sinceramente siento una angustia muy grande ahora y me tiene muy nervioso,miedo
te digo que me alegra mucho el resultado final,feliz
oye me tiene muy molesto que nadie haga nada,enojo
me da pena decirlo pero me pidieron algo de ultimo momento sinceramente,enojo
en serio me fui de la reunion antes porque no podia mas y no puedo evitarlo,triste
la verdad no puedo creer que hayan hecho eso pero bueno,enojo
te cuento que estoy muy bravo con lo que paso y no es facil,enojo
la verdad es que me respondio el mensaje que esperaba y trato de disimularlo,feliz
me da pena decirlo pero me mandaron un audio muy lindo y trato de disimularlo,feliz
ahora mismo no puedo mas con tanto y ya,triste
sinceramente tengo miedo de ver lo que me respondieron y trato de disimularlo,miedo
ultimamente me enfurece que actuen asi y me afecta mucho,enojo
desde ayer estoy muy contento y me afecta mucho,feliz
hoy tengo ansiedad otra vez,miedo
fijate que no me puedo sacar esta sensacion de encima y ya,miedo
para serte honesto me da ansiedad conocer gente nueva de verdad,miedo
mira consegui apartamento en arriendo bien precio y eso me duele,feliz
te juro que me angustia no saber como interpretar eso pero necesitaba decirlo,miedo
mira subi una foto y me arrepenti de haberla subido,triste
realmente me siento derrotado y no se que hacer,triste
ultimamente todo me da miedo esta semana,miedo
me encontre plata en un bolsillo que no sabia y no es facil,feliz
te cuento que me siento desconectado de todo y ya,triste
la verdad me siento orgulloso y me afecta mucho,feliz
hoy me cambiaron el turno sin avisarme y ya,enojo
sabes que me siento muy feliz ahora mismo y estoy muy contento,feliz
lo que pasa es que me salio rico lo que cocine de verdad,feliz
estoy agotado de tener que explicar como me siento,triste
me dijeron que me quieren y me afecta mucho,feliz
es que siento que si me equivoco no hay vuelta atras men,miedo
lo que pasa es que siento una soledad enorme que me pesa y me duele mucho,triste
la verdad me encanta este momento,feliz
ahora mismo no tengo con quien hablar y no se que hacer,triste
lo que pasa es que siento que no le importo a nadie de verdad y no puedo evitarlo,triste
hoy estoy muy enojado ultimamente,enojo
mira me mintieron descaradamente en la cara parce,enojo
es que el transporte salio tardisimo y llegue tarde por eso,enojo
mira eres un desconsiderado y no lo voy a tolerar,enojo
hoy fui honesto y salio bien de verdad,feliz
mira lo que paso tengo miedo de que no me entiendan y no es facil admitirlo,miedo
sinceramente estoy con una nota hoy,feliz
es que estoy al limite de mi paciencia y me tiene mal,enojo
la verdad es que siento que algo esta muy mal y me asusta,miedo
tengo miedo de mandar ese mensaje y que lo tomen mal y no se como manejarlo,miedo
ahora mismo me invitaron a participar en un proyecto pero necesitaba decirlo,feliz
estoy muy asustado por lo que viene y no se que hacer,miedo
la verdad es que me da mucha alegria saber eso sin duda,feliz
mira me pone muy ansioso pensar en eso,miedo
en serio hoy me senti muy bien conmigo mismo y me cuesta aceptarlo,feliz
la verdad es que eso estuvo muy mal hecho,enojo
es que tengo miedo de decir algo y que lo tomen mal y no se que hacer,miedo
me cayo del cielo esa noticia hermano,feliz
la verdad me dijeron que si y despues que no pero necesitaba decirlo,enojo
definitivamente todo me irrita y me afecta mucho,enojo
oye estoy realmente indignado pero no digo nada,enojo
me entristece mucho pensar en eso y me duele mucho,triste
lo que pasa es que me tienes harto de verdad sin excusas,enojo
ahora mismo ya no tengo fuerzas para nada otra vez,triste
me duele mucho esto otra vez,triste
honestamente que rabia me da todo esto y eso no esta bien,enojo
sinceramente estoy cansado mentalmente y no se que hacer,triste
es que siento que a nadie le importo y no se que hacer,triste
para serte honesto siento que no tengo control de nada y me afecta mucho,miedo
es que me cambiaron las condiciones a ultimo momento,enojo
encontre algo que habia perdido hace tiempo bro,feliz
parce me hicieron fila tres horas y no me atendieron y no se que hacer,enojo
men me da miedo que graben algo mio sin permiso y no se que hacer,miedo
sinceramente esto arruino mi dia por todo lo que paso,enojo
me da una bronca tremenda y eso no esta bien,enojo
me entristece mucho la situacion y quisiera que no fuera así,triste
hoy todo me pesa demasiado de verdad,triste
fijate que me llamaron para el trabajo en medellin parce,feliz
te juro que tuve que fingir que estaba bien toda la noche y me cuesta mucho,triste
mira que no quiero nada mas contigo todavía,enojo
lo que pasa es que no logre lo que esperaba y no lo puedo ocultar,triste
fijate que perdi mi trabajo hoy de verdad,triste
en serio cambiaron las reglas sin avisarme pero necesitaba decirlo,enojo
que buen dia tuve hoy en serio y no lo puedo creer,feliz
no puedo evitar que siento una inquietud constante ahora de verdad,miedo
parce hicieron lo que quisieron sin preguntarme nada y eso me duele,enojo
no te miento siento que cargue solo con todo pero no digo nada,triste
fijate que me regalaron algo que queria hace mucho y ya,feliz
en este momento me siento increible y me encanta,feliz
para serte honesto encontre lo que buscaba todo el tiempo,feliz
ahora mismo me siento excelente hoy todo el tiempo,feliz
en serio estoy muy alegre con lo que vivo y estoy muy agradecido,feliz
estoy muy decaido y sin fuerzas y no lo puedo superar,triste
es que por fin publique lo que venia trabajando y me afecta,feliz
mira me toco el dia libre y no puedo evitarlo,feliz
en serio no tenemos para el arriendo este mes,triste
la verdad capturaron una conversacion privada y la compartieron,enojo
fijate que me asusta no saber si voy a conseguir trabajo y ya,miedo
me da pena decirlo pero no entiendo nada y me da verguenza preguntar de verdad,triste
fijate que si esto no funciona no se que voy a hacer,miedo
siento que finjo estar bien tan seguido que ya ni se y me afecta,triste
lo que pasa es que me tratan diferente y no entienden por que me molesta pero necesitaba decirlo,enojo
me da pena decirlo pero tengo miedo de ver lo que me respondieron sinceramente,miedo
oye pude expresarme sin que me juzgaran pero ya no puedo mas,feliz
oye no entendi bien el tono y eso me tiene angustiado,miedo
te digo que me aterra quedarme sin opciones,miedo
es que me embargaron la cuenta y no entiendo por que y ya,miedo
ahora mismo no supe como responder y ahora me arrepiento y no lo digo seguido,triste
ultimamente me siento incomodo con esto y no se que hacer,miedo
me da pena decirlo pero me angustia no saber como interpretar eso y eso me tiene mal,miedo
hoy me asaltaron y no sé qué hacer,enojo
te cuento que siento que perdi una etapa de mi vida pero bueno,triste
la verdad cumpli mi meta del año,feliz
lo que pasa es que me quede callado cuando debi haber hablado y eso me tiene mal,triste
la verdad me siento furioso todo el tiempo,enojo
lo que pasa es que me rindo de intentarlo todo el tiempo,triste
fijate que me salio el negocio que queria y nadie lo sabe,feliz
no te miento no se si actue bien y eso no me deja tranquilo y quisiera que alguien me ayudara,miedo
en serio me pusieron a hacer el trabajo de todos pero bueno,enojo
ultimamente me siento lleno de energia hoy,feliz
oye me ignoraron cuando tenia toda la razon parce,enojo
te digo que siento una pena muy grande ahora y no lo puedo superar,triste
todo esta mejorando,feliz
es que me dijeron que cambie como si estuviera mal ser yo pero ya no puedo mas,triste
oye estoy esperando una respuesta y me tiene nervioso,miedo
te cuento que me preocupa no poder pagar el arriendo el otro mes,miedo
definitivamente no se que va a pasar otra vez,miedo
la verdad me salio el primer cliente men,feliz
fijate que no me dejaron hablar y no lo puedo ocultar,enojo
bro siento que el tiempo se me acaba y no he hecho nada bro,miedo
la verdad es que tengo miedo de haber arruinado algo sin saberlo,miedo
no te miento siento que voy a fallar manana pero necesitaba decirlo,miedo
oye siento que todos avanzan menos yo de verdad,triste
no te miento estoy muy mamado de todo y nadie lo sabe,triste
me hicieron fila tres horas y no me atendieron de verdad,enojo
es que no se si estoy listo para esto la verdad,miedo
desde hace dias me siento completo y eso me pesa,feliz
desde ayer me siento increible esta semana,feliz
desde hace dias me sorprendieron hoy y es agotador,feliz
desde hace dias no puedo mas con tanto todo el tiempo,triste
ultimamente por fin lo logre y me afecta mucho,feliz
hoy todo cambio de golpe,triste
desde ayer estoy agradecido por todo ultimamente,feliz
es que hable con alguien nuevo y no fue tan malo y quisiera que alguien me ayudara,feliz
hoy me pagaron todavía,feliz
hoy perdi mi trabajo hoy sinceramente,triste
oye dije algo que no quise decir y no se como explicarlo y no es facil admitirlo,triste
no te miento me regalaron algo que queria hace mucho y ya,feliz
sinceramente me tienen muy mamado con esa vuelta parce,enojo
fijate que usaron lo que les conte en mi contra y me pesa cargarlo solo,enojo
mi abuelo ya no esta de verdad,triste
la verdad es que tengo una angustia enorme en este momento,miedo
mira me puse a pensar en lo peor y no puedo parar,miedo
siento mucha angustia en este momento y no puedo calmarlo,miedo
me hicieron sentir que molestaba la verdad,enojo
sinceramente me siento horrible y me duele mucho,triste
oye llegue a tiempo a todo y ya,feliz
lo que pasa es que estoy muy apenado por lo que paso y no se como seguir,triste
fijate que no quise hablar con nadie hoy la verdad,triste
realmente estoy demasiado cansado y me duele mucho,triste
es que perdi algo muy importante y me tiene mal,triste
lo que pasa es que siento que cargue solo con todo y me tiene mal,triste
la verdad me echaron del trabajo y estoy mal,triste
ultimamente todo me irrita de verdad,enojo
lo que pasa es que estoy muy triste con lo que me conto,triste
hoy me tiene muy apagado esta situacion de verdad,triste
me hicieron perder el tiempo en este momento,enojo
ultimamente me da panico enviar ese mensaje y quedar mal pero bueno,miedo
la verdad se fue mi perro hoy y ya,triste
sinceramente sali del pais por primera vez la verdad,feliz
te cuento que siento que el tiempo paso y yo no hice nada y no se que hacer,triste
la verdad me siento horrible hoy,triste
no me puedo sacar esta sensacion de encima de verdad,miedo
ahora mismo me duele mucho esto en este momento,triste
sinceramente estoy muy contento hoy,feliz
oye nacio mi hijo,feliz
la verdad quede encantado con como salio todo la verdad,feliz
en serio me fue bien en la sustentacion y me pesa cargarlo solo,feliz
es que que desconsiderado eres siempre,enojo
realmente me siento horrible por todo lo que paso,triste
me da pena decirlo pero termine todo lo que tenia pendiente y no se como manejarlo,feliz
estoy muy bajo de animo hoy y me duele mucho,triste
sinceramente las cosas ya no son como antes y me afecta,triste
hermano me llegó una carta del juzgado y no se que es pero bueno,miedo
oye siento que perdi una etapa de mi vida de verdad,triste
ahora mismo tengo miedo de ver lo que me respondieron y me afecta mucho,miedo
no se si contarte pero tengo miedo de caerle mal sin querer y no se que hacer,miedo
tengo panico de perder lo que tengo y eso me preocupa mucho,miedo
hoy amaneci con toda la actitud la verdad,feliz
mira no entiendo como la gente puede ser asi,enojo
para serte honesto me ignoraron cuando trate de explicarme y me tiene agotado,enojo
hoy todo fluyo bien sinceramente,feliz
la verdad me llego un paquete que habia pedido la verdad,feliz
en este momento estoy pasando un gran momento todo el tiempo,feliz
sinceramente me siento tranquilo y feliz y me afecta mucho,feliz
fijate que todo tiene sentido ahora todo el tiempo,feliz
sinceramente me entristece mucho lo que paso,triste
es que me siento muy lejos de ser feliz,triste
mira vi las historias de todos y me senti muy mal men,triste
sinceramente mi jefe quedo contento con mi trabajo de verdad,feliz
sinceramente tengo algo importante manana y no puedo dormir y nadie lo sabe,miedo
te digo que me dicen que exagero cuando digo como me siento y me tiene pensando mucho,enojo
men me da ansiedad publicar algo y que lo juzguen y nadie lo entiende,miedo
te juro que todos parecen entender menos yo,triste
hoy me da ansiedad cuando hay silencio en la conversacion y no se que hacer,miedo
sinceramente me dejo en visto y no respondio y me afecta mucho,triste
mira estoy agotado de tener que explicar como me siento,triste
hoy fue mejor de lo que esperaba de verdad,feliz
sinceramente me quede callado cuando debi haber hablado pero ya no puedo mas,triste
desde hace dias prometieron y no cumplieron y me tiene mal,enojo
hoy no tuve que madrugar y lo disfrute la verdad,feliz
lo que es cierto es que que alegria me da ver tus logros y estoy muy contento,feliz
hermano me sacaron de la jugada sin ninguna explicacion,enojo
siento una ansiedad tremenda ahora y me tiene muy nervioso,miedo
hizo lo que le pedí que no hiciera,enojo
en serio mi familia estuvo muy unida hoy y ya,feliz
la verdad el transporte salio tardisimo y llegue tarde por eso y no es facil,enojo
sinceramente me ignoraron cuando tenia razon de verdad,enojo
en serio siento que todo el mundo sigue y yo me quede quieto parce,triste
ultimamente me escribieron para disculparse y me alegro y quisiera que alguien me ayudara,feliz
en este momento me tienen harto con esto,enojo
es que me salio redondo todo hoy,feliz
sinceramente tengo miedo de fallar y me afecta mucho,miedo
no se si contarte pero no entendi bien el tono y eso me tiene angustiado y nadie lo entiende,miedo
que buena noticia me dieron hoy y estoy muy contento,feliz
sabes que que alegria tan grande la mia sin duda,feliz
te cuento que me pusieron obstaculos que no tenian sentido y me tiene mal,enojo
hoy estoy lleno de energia y alegria en serio,feliz
la verdad me toco vender el carro que tanto queria parce,triste
la verdad me salio rico lo que cocine y me tiene mal,feliz
sinceramente no puedo mas con tanto y me tiene mal,triste
hoy me pone muy nervioso tener que dar explicaciones y ya,miedo
me tiene muy bajoneado lo que paso y eso me duele,triste
publicaron algo mio sin pedirme permiso,enojo
sinceramente me reconocieron el esfuerzo en el trabajo,feliz
hoy fue un gran dia desde hace dias,feliz
en este momento estoy agradecido por todo desde hace dias,feliz
la verdad es que me canse de pedir lo mismo sin resultado de verdad,enojo
es que me pusieron a hacer el trabajo de todos parce,enojo
te juro que hoy me senti comodo siendo yo mismo y no puedo evitarlo,feliz
no te miento me gane una chamba buenisima parce,feliz
sinceramente tengo miedo de fallar otra vez,miedo
te digo que hoy el clima estuvo perfecto y ya,feliz
es que no alcance el cupo en la universidad publica y no puedo evitarlo,triste
oye no se si voy a poder con lo que viene,miedo
hoy hoy fue un mal dia por todo lo que paso,triste
no puedo creer que no voy a seguir aguantando esto,enojo
te cuento que estoy muy molesto con lo que hicieron y ya,enojo
la verdad es que me siento muy triste y sin motivacion,triste
me da miedo decepcionarme a mi mismo y me cuesta aceptarlo,miedo
estoy muy apesadumbrado con las noticias y quisiera que no fuera así,triste
no te miento me graduo el sabado en el paraninfo parce,feliz
me pidieron que fuera a recursos humanos parce,miedo
no te miento me da terror mostrarme como soy de verdad y no es facil admitirlo,miedo
hoy hoy amaneci con toda la actitud,feliz
llegue y me dijeron que no habia cupo,enojo
sinceramente me toco dejar los estudios por plata y me cuesta mucho,triste
me preocupa mucho el futuro economico de verdad,miedo
termine la semana sin ningun problema y no lo digo seguido,feliz
desde ayer me siento incomodo con esto desde hace dias,miedo
te juro que hoy no tuve que madrugar y lo disfrute y me afecta,feliz
ahora mismo la incertidumbre me tiene paralizado todo el tiempo,miedo
mira me siento muy solo en esta ciudad y ya,triste
en serio me pelee con mi mejor amigo y me duele mucho y me cuesta mucho,triste
para serte honesto me da terror enfrentar esto solo de verdad,miedo
me siento lleno de alegria,feliz
me siento muy bien por lo que logre sin duda,feliz
me invitaron a algo importante,feliz
oye que descarado eres en serio,enojo
que buen trabajo hiciste hoy,feliz
lo que pasa es que tengo miedo de que no me entiendan y no se como manejarlo,miedo
usaron mis ideas sin darme credito,enojo
estoy realmente frustrado,enojo
la verdad es que hoy no tuve que fingir que estaba bien y nadie lo entiende,feliz
la verdad nos separamos despues de mucho tiempo pero necesitaba decirlo,triste
me siento muy mal emocionalmente y quisiera que no fuera así,triste
desde ayer hoy fue maravilloso por todo lo que paso,feliz
es que estoy muy bravo con lo que paso hermano,enojo
realmente me siento derrotado desde hace dias,triste
hoy por fin termine el proyecto sinceramente,feliz
fijate que me invitaron a algo importante la verdad,feliz
en serio me duele mucho haber perdido eso y no se como seguir,triste
honestamente que rabia me da todo esto,enojo
no te miento me da mucha pena decirle eso a la gente la verdad,miedo
la verdad me case hoy la verdad,feliz
no te miento ya no hablo con mi parcero de toda la vida y me cuesta mucho,triste
hoy me siento muy bien en este momento y estoy muy agradecido,feliz
te cuento que por fin lo logre de verdad,feliz
la verdad me ignoraron cuando tenia toda la razon y ya,enojo
estoy re contento con todo pero bueno,feliz
te cuento que quede encantado con como salio todo y ya,feliz
desde hace dias me tiene angustiado no saber que va a pasar de verdad,miedo
es que no entendi bien el tono y eso me tiene angustiado y me tiene agotado,miedo
en serio hice algo que me daba miedo y salio bien y nadie lo entiende,feliz
para serte honesto me dieron la nota que esperaba y no se como manejarlo,feliz
te cuento que me citaron a declarar y estoy muy nervioso parce,miedo
no te miento ya no esta la persona que queria y me afecta mucho,triste
resulta que no pude comer hoy todavía,triste
parce me mintieron descaradamente en la cara y me tiene mal,enojo
la verdad me salio redondo todo hoy y no es facil,feliz
en serio tengo panico de fallar cuando todos confian en mi y me cuesta aceptarlo,miedo
men todo esta fluyendo muy bien ultimamente y ya,feliz
sinceramente estoy muy asustado por lo que viene y me tiene muy nervioso,miedo
hoy estoy muy ilusionado con lo que viene y me afecta mucho,feliz
es que me da terror pensar en esa posibilidad y no se que hacer,miedo
hoy fue exactamente lo que necesitaba,feliz
es que siento que finjo estar bien tan seguido que ya ni se y no es facil,triste
desde hace dias me ignoraron cuando tenia razon la verdad,enojo
me siento muy bien con mi proceso,feliz
el resultado me tiene muy angustiado y es agotador,miedo
la verdad es que eres completamente irresponsable y punto,enojo
es que me siento realizado otra vez,feliz
estoy re contento con todo de verdad,feliz
hermano me llamaron para el trabajo en medellin y me cuesta mucho,feliz
lo que pasa es que siento un vacio que no puedo llenar,triste
me citaron a declarar y estoy muy nervioso y ya,miedo
cambiaron las reglas sin avisarme sinceramente,enojo
para serte honesto no quise hablar con nadie hoy y es agotador,triste
fijate que estoy muy bravo con lo que paso y no se que hacer,enojo
la verdad es que que irresponsable eres en serio y no lo entiendo,enojo
mira hicieron lo que quisieron sin preguntarme nada y ya,enojo
me siento muy lejos de todos de verdad,triste
me siento furioso en este momento,enojo
en serio estoy muy ido hoy no se que me pasa,triste
la verdad hoy fue un gran dia en este momento,feliz
la verdad encontre algo que habia perdido hace tiempo,feliz
en serio ya no tengo energia para nada de lo que antes me gustaba,triste
es que mi abuelo ya no esta sinceramente,triste
me mintieron descaradamente en la cara y no es facil,enojo
lo que pasa es que estoy muy triste y no quiero nada y no lo puedo superar,triste
siento que estoy decepcionando a todos,triste
te cuento que tuve que repetir lo mismo mil veces y me afecta mucho,enojo
me llamaron de un numero desconocido y me tiene mal,miedo
no te miento me respondieron con mala cara sin razon pero bueno,enojo
hoy me preocupa no poder pagar el arriendo el otro mes,miedo
sinceramente tengo un mal presentimiento desde ayer sinceramente,miedo
me tiene muy cansado esta gente la verdad,enojo
vieja hicimos sancocho en familia y fue muy rico,feliz
realmente no aguanto mas otra vez,enojo
lo que pasa es que me reconocieron el esfuerzo en el trabajo y me cuesta mucho,feliz
no se me da miedo no estar a la altura de lo que se espera y me cuesta aceptarlo,miedo
oye me toco el dia libre y necesito que alguien me entienda,feliz
hermano ya no hablo con mi parcero de toda la vida,triste
no se si lo que estoy haciendo es lo correcto y no se que hacer,miedo
te digo que me copiaron el contenido y ni siquiera lo cambiaron,enojo
ahora mismo me siento destruido todo el tiempo,triste
en serio me angustia pensar que quiza elegi mal mi carrera y ya,miedo
mira dijeron mentiras sobre mi en redes,enojo
desde hace dias me saca de quicio todo esto sinceramente,enojo
realmente estoy disfrutando mucho y no se que hacer,feliz
men me canse de ser el que siempre aguanta,triste
no puedo creer que me da una bronca tremenda,enojo
ya no aguanto mas esa situacion y me afecta,enojo
bro encontre algo que habia perdido hace tiempo,feliz
te cuento que me llegó una carta del juzgado y no se que es hermano,miedo
te cuento que me siento muy solo en esta ciudad y no puedo evitarlo,triste
ultimamente la incertidumbre me tiene paralizado todo el tiempo,miedo
estoy temblando de miedo,miedo
la verdad estoy muy frustrado con todo esto y no se que hacer,enojo
sinceramente me mandaron un mensaje muy agresivo y me tiene agotado,enojo
ahora mismo me da ansiedad cuando hay silencio en la conversacion de verdad,miedo
men tengo miedo de llegar a cierta edad sin haber logrado nada,miedo
la verdad me tiene angustiado no saber que va a pasar todo el tiempo,miedo
hoy me da mucha rabia desde hace dias,enojo
en serio estoy muy cansado de lucharla solo y ya,triste
es que me hicieron esperar demasiado y necesito que alguien me entienda,enojo
es que siento panico de lo que puede ocurrir y me tiene muy nervioso,miedo
me siento muy bien con todo y no lo puedo creer,feliz
vieja me asusta mucho lo que esta pasando en el barrio de verdad,miedo
ultimamente tengo panico de que me pregunten algo frente a todos y me cuesta mucho,miedo
ayer mañana es la presentacion y no estoy listo y estoy mal,miedo
fijate que nada me salio bien hoy y me tiene mal,enojo
estoy muy angustiado por todo esto,miedo
ahora mismo nadie me escucha y no se que hacer,triste
sinceramente siento que se me acaba el tiempo pero bueno,miedo
en serio estoy muy asustado con lo que puede pasar,miedo
mira me preocupa no poder pagar el arriendo el otro mes y no se que hacer,miedo
desde ayer todo salio excelente todo el tiempo,feliz
en serio que descaro tan grande el de esa gente de verdad,enojo
es que me dijeron que si y despues que no,enojo
me tocó pagar una multa que no era justa parce,enojo
no te miento me fue bien en el icfes y me tiene mal,feliz
fijate que me pelee con mi mejor amigo y me duele mucho y me tiene mal,triste
mira me da mucha pena decirle eso a la gente la verdad,miedo
de verdad estoy muy decaido y sin esperanza y me duele mucho,triste
tengo ansiedad de pensar en el futuro,miedo
no te miento siento que el miedo no me deja avanzar y no puedo evitarlo,miedo
me cayo muy bien esa persona,feliz
oye todo esta mal organizado y necesito que alguien me entienda,enojo
hoy odio esta situacion otra vez,enojo
fijate que salimos a rumbear y la pase muy bien y me cuesta mucho,feliz
honestamente me da mucha rabia lo que hiciste de verdad,enojo
en serio no entendi el tono del mensaje y me confundi sinceramente,triste
oye se llevaron el credito de lo que yo hice la verdad,enojo
no te miento no me merecia este trato todo el tiempo,enojo
sinceramente me hicieron sentir mal por preguntar de verdad,enojo
honestamente que injusto es todo esto,enojo
la verdad siento que algo esta pasando y nadie me dice que y ya,miedo
mira no voy a tolerar ese comportamiento,enojo
es que llegue y me dijeron que no habia cupo y me tiene mal,enojo
desde ayer ya me canse de esto en este momento,enojo
en serio no me merecia este trato la verdad,enojo
fijate que no supe leer la situacion y meti la pata pero ya no puedo mas,triste
lo que pasa es que no se si voy a poder con esto,miedo
me asusta mucho pensar en el futuro y me tiene muy nervioso,miedo
me angustia pensar que quiza elegi mal mi carrera y no puedo evitarlo,miedo
lo que pasa es que tengo panico de fallar frente a todos y es agotador,miedo
ahora mismo me siento muy triste ultimamente,triste
me dieron informacion falsa la verdad,enojo
me salio todo bien y no me lo esperaba y me cuesta aceptarlo,feliz
sinceramente me tiene muy preocupado lo que esta pasando y no es facil,miedo
la verdad me asusta mucho lo que esta pasando en el barrio pero bueno,miedo
desde hace dias publicaron algo mio sin pedirme permiso y no se que hacer,enojo
es que estoy muy molesto con lo que hicieron y eso me duele,enojo
oye me enfurece que actuen asi y no se que hacer,enojo
oye tengo un mal presentimiento con eso y no se que hacer,miedo
mira me cansa tu falta de madurez y me parece muy mal,enojo
hoy algo me dice que las cosas van a cambiar mal y me tiene mal,miedo
que alegria tan grande la que siento y es lo mejor que me paso,feliz
me copiaron el contenido y ni siquiera lo cambiaron y no se que hacer,enojo
hoy me tiene muy triste esta vuelta y ya,triste
en serio me tiene muy irritado todo lo que esta pasando bro,enojo
desde ayer no se que va a pasar ultimamente,miedo
te juro que hoy no tuve que madrugar y lo disfrute,feliz
parce me pidieron que fuera a recursos humanos,miedo
es que me tiene muy enojado esa situacion la verdad,enojo
te digo que que buen dia para estar bien,feliz
te digo que me piden experiencia para un trabajo de principiante y no es facil,enojo
desde hace dias no tengo con quien hablar y no se que hacer,triste
sinceramente tengo miedo de mandar ese mensaje y que lo tomen mal de verdad,miedo
parce me aterra quedar mal frente a todos,miedo
mira me dejaron plantado y ni se disculparon y no es facil,enojo
en serio me escribio la persona que me gusta y es agotador,feliz
ultimamente todo me pesa demasiado y ya,triste
mira no estudie suficiente para esto y no se que hacer,miedo
en serio estoy muy apagado y sin motivacion y no se como seguir,triste
hoy ya no quiero hablar de eso porque nadie entiende,triste
hoy el transporte salio tardisimo y llegue tarde por eso y no es facil,enojo
la verdad tengo mucho miedo ultimamente,miedo
te juro que usaron mis ideas sin darme credito bro,enojo
vieja me da muy duro enfrentar esa conversacion hermano,miedo
me da mucho miedo la situacion actual,miedo
no puedo evitar que siento una angustia muy grande ahora y no puedo calmarlo,miedo
hoy tengo un mal presentimiento con eso parce,miedo
me da mucho miedo el futuro y me tiene muy nervioso,miedo
lo que pasa es que me tienen harto con todo esto,enojo
fijate que me tiene muy cansado esta gente y me cuesta mucho,enojo
es que me dicen que exagero cuando digo como me siento,enojo
en serio me cambiaron el turno sin avisarme y ya,enojo
no te miento el partido de colombia salio bien y ya,feliz
me hablaron muy feo sin ninguna razon de verdad,enojo
hoy me siento tranquilo y feliz esta semana,feliz
desde hace dias me duele el alma,triste
me siento muy triste y desolado de verdad,triste
sinceramente estoy muy asustado con lo que se avecina y eso me preocupa mucho,miedo
ultimamente odio esta situacion otra vez,enojo
parce mi familia estuvo muy unida hoy,feliz
te juro que hoy descanse bien por primera vez en mucho tiempo la verdad,feliz
es que estoy al limite de mi paciencia y necesito que alguien me entienda,enojo
vieja me toco irme del barrio que queria,triste
mira tengo miedo de embarrarla con esa decision,miedo
la verdad ya no quiero esforzarme todo el tiempo,triste
sinceramente ya no tengo fuerzas para nada todo el tiempo,triste
lo que pasa es que hable con alguien nuevo y no fue tan malo,feliz
bro me siento muy desconectado de todo y de todos y me afecta,triste
no puedo creer que me da una bronca tremenda y punto,enojo
mira lo que paso me fui de la reunion antes porque no podia mas y quisiera que alguien me ayudara,triste
desde ayer nada tiene sentido por todo lo que paso,triste
fijate que tengo miedo de que se den cuenta que no entiendo y no puedo evitarlo,miedo
fijate que abusaron de mi confianza todo el tiempo,enojo
en serio me siento muy desanimado hoy y me duele mucho,triste
fijate que me da ansiedad cuando hay silencio en la conversacion y me pesa cargarlo solo,miedo
resulta que me robaron el celular,enojo
la verdad no tenemos para el arriendo este mes la verdad,triste
definitivamente no quiero salir solo por todo lo que paso,miedo
ultimamente estoy muy contento y me afecta mucho,feliz
oye me costo mucho levantarme hoy y me tiene mal,triste
no se si contarte pero me paraliza la idea de tener que hablar en grupo sinceramente,miedo
oye me fue bien en la sustentacion y no lo digo seguido,feliz
desde hace dias no se si actue bien y eso no me deja tranquilo y me tiene agotado,miedo
te cuento que me puse a pensar en lo peor y no puedo parar y ya,miedo
bro me siento muy desconectado de todo y de todos la verdad,triste
lo que pasa es que estoy emocionalmente agotado,triste
realmente hoy fue un gran dia otra vez,feliz
te cuento que me tiene muy triste esta vuelta pero bueno,triste
hoy hoy fue maravilloso por todo lo que paso,feliz
la verdad me echaron sin explicacion la verdad,triste
oye me rechazaron y duela mucho pero no digo nada,triste
en serio me alegra ver que todo salio bien y estoy muy contento,feliz
me cobraron de mas y no me quieren devolver de verdad,enojo
ultimamente por fin me contestaron y no se que hacer,feliz
en este momento todo me pone mal ultimamente,triste
fijate que publicaron algo mio sin pedirme permiso y eso me tiene mal,enojo
lo que pasa es que estoy muy bajo de animo hoy y no lo puedo superar,triste
la verdad es que me decepciono mucho lo que hiciste y punto,enojo
para serte honesto por fin lo logre y ya,feliz
bro me da panico enviar ese mensaje y quedar mal,miedo
la verdad hoy amaneci con toda la actitud y no puedo evitarlo,feliz
hoy me case hoy,feliz
en serio me molesta mucho tu actitud en serio,enojo
es que subi algo y nadie reacciono y me senti invisible y no se que hacer,triste
de verdad siento una pena muy grande por eso y quisiera que no fuera así,triste
desde hace dias me tiene angustiado no saber que va a pasar y no puedo evitarlo,miedo
hoy tengo panico de que algo que dije llegue a las manos equivocadas y nadie lo entiende,miedo
la verdad me quitaron el like y eso me bajo el animo,triste
hoy me tienen muy mamado con esa vuelta,enojo
definitivamente tengo ansiedad esta semana,miedo
mira me da miedo ir al medico todo el tiempo,miedo
hoy me tienen muy hastiado con lo mismo,enojo
la verdad tengo panico ultimamente,miedo
no me puedo quitar esa preocupacion de encima y me cuesta mucho,miedo
mira lo que paso cambio su estado y supe que era por mi y no es facil admitirlo,triste
en serio me tiene muy irritado todo esto y ya,enojo
te juro que me reportaron sin motivo y me bloquearon la cuenta,enojo
sinceramente estoy realmente frustrado esta semana,enojo
ultimamente aprobe el examen y me afecta mucho,feliz
es que no quiero mandar el audio por miedo a como sueno,miedo
oye me hicieron una videollamada sorpresa y trato de disimularlo,feliz
hoy tengo panico y no puedo dormir,miedo
para serte honesto termine la semana sin ningun problema y no puedo evitarlo,feliz
tengo mucho temor de lo que viene y no se que hacer,miedo
te digo que siento una tristeza que no me abandona de verdad,triste
sinceramente me mandaron audio de voz gritando y no se como manejarlo,enojo
fijate que tengo miedo de lo que piensen de mi y eso me pesa,miedo
desde ayer tengo panico esta semana,miedo
no puedo evitar que estoy muy asustado y no se que hacer y me tiene muy nervioso,miedo
todo esta mejorando otra vez,feliz
la verdad es que me aterra pensar en perder el control y me tiene muy nervioso,miedo
hermano se aprovecharon de la buena fe mia y no puedo evitarlo,enojo
parce me quede sin trabajo y no se que hacer la verdad,triste
realmente me siento incomodo con esto esta semana,miedo
ultimamente me dijeron que era muy sensible por sentirme mal y me cuesta mucho,enojo
la verdad tengo miedo de lo que piensen de mi y no se que hacer,miedo
me da pena decirlo pero tuve que fingir que estaba bien toda la noche pero necesitaba decirlo,triste
desde hace dias se llevaron el credito de lo que yo hice y necesito que alguien me entienda,enojo
men no se si lo que estoy haciendo es lo correcto bro,miedo
desde ayer estoy agotado emocionalmente y me duele mucho,triste
me tiene muy bravo la falta de respeto la verdad,enojo
hoy no entendi bien el tono y eso me tiene angustiado pero necesitaba decirlo,miedo
me citaron para hablar y no se de que pero necesitaba decirlo,miedo
en serio me entristece mucho la situacion,triste
no se si contarte pero tengo miedo de ver lo que me respondieron y trato de disimularlo,miedo
es que no me toman en serio por mi edad y me cuesta aceptarlo,enojo
ultimamente me dieron la nota que esperaba de verdad,feliz
para serte honesto me pone muy nervioso hablar en publico de verdad,miedo
hoy me di cuenta que avance mucho y nadie lo sabe,feliz
mira hoy hice algo que me daba mucho miedo y salio bien,feliz
siento una melancolía muy profunda y no lo puedo superar,triste
no te miento mi familia se fue a vivir lejos y me siento solo pero bueno,triste
me sacaron la paciencia y me afecta mucho,enojo
mira lo que paso tengo miedo de que no me entiendan y me tiene agotado,miedo
ahora mismo mi pareja me sorprendio y no se que hacer,feliz
no te miento alguien me entendio sin que yo explicara mucho y no se que hacer,feliz
para serte honesto me dejo de seguir en redes sociales y no se como manejarlo,triste
te juro que siento que finjo estar bien tan seguido que ya ni se,triste
no se si contarte pero no entendi el tono del mensaje y me confundi y eso me tiene mal,triste
en serio tengo miedo de que me rechacen si digo lo que pienso y ya,miedo
mira me dejo mi novia y estoy muy bajoneado la verdad,triste
no te miento tengo miedo de mandar ese mensaje y que lo tomen mal y nadie lo entiende,miedo
te cuento que me puse muy feliz con eso parce de verdad,feliz
te cuento que hoy fue un dia muy gris,triste
la verdad compre mi primer carro la verdad,feliz
no te miento llegue a tiempo a todo sinceramente,feliz
es que me cambiaron el turno sin avisarme y me tiene mal,enojo
realmente me siento horrible hoy y me afecta mucho,triste
es que mi familia esta pasando un momento muy dificil y no se que hacer,triste
la verdad es que estoy muy nervioso con todo lo que pasa,miedo
realmente me encanta este momento en este momento,feliz
me comi algo rico y me alegro el dia de verdad,feliz
es que me siento muy solo en esta ciudad y no puedo evitarlo,triste
me echaron la culpa de algo que hizo otro de verdad,enojo
realmente esto es injusto desde hace dias,enojo
desde hace dias tengo miedo de que sea algo grave y es agotador,miedo
en serio no puedo creer que hayas hecho eso en serio,enojo
hoy me encanta este momento todo el tiempo,feliz
ultimamente me da panico equivocarme y que no me perdonen y eso me tiene mal,miedo
definitivamente ya no aguanto mas y estoy cansado,enojo
te cuento que siento que algo esta pasando y nadie me dice que pero necesitaba decirlo,miedo
tengo miedo de que sea algo grave y no lo puedo ocultar,miedo
sinceramente me siento muy achantado hoy la verdad,triste
en serio esto me parece una falta de respeto total y eso me pesa,enojo
lo que pasa es que me subieron el sueldo pero ya no puedo mas,feliz
parce me da muy duro enfrentar esa conversacion,miedo
hoy me senti muy bien conmigo mismo y me tiene pensando mucho,feliz
vieja consegui apartamento en arriendo bien precio la verdad,feliz
vieja tengo miedo de embarrarla con esa decision y no es facil,miedo
mira me ignoraron cuando tenia toda la razon y nadie lo sabe,enojo
es que me tienen harto con tanta mentira y no lo voy a tolerar,enojo
me hicieron sentir especial otra vez,feliz
en serio estoy muy bravo con lo que paso de verdad,enojo
en este momento me siento feliz con todo lo que paso,feliz
te juro que me enferma tu comportamiento y no lo voy a tolerar,enojo
no se hoy todo el transporte me funciono perfecto,feliz
te digo que tengo miedo de que lo peor esta por venir y me tiene muy nervioso,miedo
ultimamente me tiene muy cansado esa actitud y no se que hacer,enojo
la verdad es que no entiendo como puedes actuar asi,enojo
parce me tocó pagar una multa que no era justa y no es facil,enojo
de verdad me decepciono mucho lo que hiciste,enojo
siento demasiado miedo,miedo
que buen trabajo hiciste hoy de verdad,feliz
en este momento me siento decepcionado por todo lo que paso,triste
es que me mintieron descaradamente en la cara parce,enojo
sinceramente no voy a tolerar esto mas pero no digo nada,enojo
es que tuve que repetir lo mismo mil veces y no puedo evitarlo,enojo
desde ayer me siento sin energia todo el tiempo,triste
ultimamente hoy amaneci con mucha energia,feliz
estoy muy nervioso por los resultados y no puedo calmarlo,miedo
hermano me puse muy feliz con eso parce,feliz
no se si contarte pero me pusieron en evidencia en un grupo y me pesa cargarlo solo,enojo
sinceramente siento un vacio muy grande en mi y me duele mucho,triste
la verdad esto arruino mi dia en este momento,enojo
ultimamente siento que no encajo en ningún lado sinceramente,triste
en serio estoy harto de esto de verdad,enojo
me pusieron a hacer el trabajo de todos hermano,enojo
no te miento me usaron y despues me ignoraron de verdad,enojo
es que estoy cansado de aparentar que todo esta bien de verdad,triste
fijate que me excluyeron de la decision sin explicacion y no es facil admitirlo,enojo
desde ayer me siento nervioso en este momento,miedo
me asusta mucho pensar en el futuro de verdad,miedo
hoy me angustia pensar que quiza elegi mal mi carrera,miedo
en serio me usaron cuando les convenia y despues nada pero bueno,enojo
ahora mismo mi familia esta bien y es agotador,feliz
ultimamente me siento en paz y me afecta mucho,feliz
no te miento llegue a tiempo a todo todo el tiempo,feliz
hermano salimos a rumbear y la pase muy bien y no es facil,feliz
parce me quede sin trabajo y no se que hacer y ya,triste
te digo que tengo miedo de no tener a nadie conmigo,miedo
es que extraño como eran las cosas antes y es agotador,triste
ultimamente nada me salio bien hoy y ya,enojo
mira lo que paso me da panico equivocarme y que no me perdonen y eso me tiene mal,miedo
te cuento que me hicieron perder un dia entero la verdad,enojo
realmente tengo mucho miedo en este momento,miedo
estoy muy asustado con las noticias,miedo
siento mucho miedo en este momento de verdad,miedo
me encontre con un amigo que no veia hace tiempo y nadie lo sabe,feliz
te digo que siento una melancolía muy profunda y me duele mucho,triste
ultimamente me duele el alma y me afecta mucho,triste
que buena noticia me alegra el dia y es lo mejor que me paso,feliz
no se si contarte pero no se si ese mensaje significaba lo que creo y trato de disimularlo,miedo
sinceramente me pidieron que fuera a recursos humanos y nadie lo sabe,miedo
en serio me dejo mi novia y estoy muy bajoneado y me cuesta mucho,triste
hoy tengo que madrugar y ya,triste
en serio me canse de pedir ayuda y no recibirla y ya,triste
mira me reportaron sin motivo y me bloquearon la cuenta y no es facil,enojo
es que me cambiaron el turno sin avisarme y ya,enojo
ultimamente esto arruino mi dia desde hace dias,enojo
parce mi familia esta pasando un momento muy dificil y ya,triste
ahora mismo me dijeron que era muy sensible por sentirme mal y quisiera que alguien me ayudara,enojo
es que me da terror pensar que no hay salida y no puedo calmarlo,miedo
me siento excelente hoy ultimamente,feliz
parce estoy muy bacano con la noticia y me tiene mal,feliz
parce me llamaron de la empresa y no dijeron para que,miedo
sinceramente me senti aceptado como soy y me pesa cargarlo solo,feliz
mira perdi mi negocio y no se como seguir de verdad,triste
ultimamente estoy agradecido por todo y no se que hacer,feliz
hoy mi mejor amigo se fue para otro pais y me cuesta mucho,triste
parce me da pena hablar en publico y manana me toca,miedo
mira ya basta con esa actitud y me parece muy mal,enojo
la verdad es que estoy muy feliz con mis logros,feliz
la verdad todo esta mal organizado y no puedo evitarlo,enojo
mira me tocó pagar una multa que no era justa pero bueno,enojo
sinceramente me mintieron descaradamente en la cara,enojo
hoy llegue y me dijeron que no habia cupo y no puedo evitarlo,enojo
parce me da susto pedir el favor porque me da pena y me cuesta mucho,miedo
en serio siento que cargue solo con todo y es agotador,triste
no te miento no tengo con quien hablar,triste
ahora mismo nada tiene sentido por todo lo que paso,triste
no se si contarte pero nadie me eligio para su equipo y me pesa cargarlo solo,triste
ahora mismo todo me fastidia desde hace dias,enojo
la verdad me siento destruido y no se que hacer,triste
mira me agota tu comportamiento,enojo
ahora mismo quiero estar solo en este momento,triste
lo que pasa es que me saca de quicio tu actitud y punto,enojo
lo que pasa es que me da mucho miedo entrar al salon y que todos me miren y nadie lo entiende,miedo
no te miento me sacaron de la jugada sin ninguna explicacion y ya,enojo
no te miento me pusieron a hacer el trabajo de todos,enojo
parce hoy amaneci con toda la actitud hermano,feliz
parce me siento muy achantado hoy de verdad,triste
encontre algo que habia perdido hace tiempo y nadie lo entiende,feliz
la verdad me pelee con mi mejor amigo y me duele mucho y me tiene mal,triste
sinceramente me cambiaron las condiciones a ultimo momento de verdad,enojo
sabes que que maravilloso momento estoy viviendo y estoy muy agradecido,feliz
oye todo tiene sentido ahora la verdad,feliz
honestamente odio esta situacion desde hace dias,enojo
hoy no estudie suficiente para esto,miedo
sinceramente me escribio la persona que me gusta de verdad,feliz
desde ayer me siento furioso por todo lo que paso,enojo
sinceramente siento un dolor muy grande en el pecho de verdad,triste
en serio que buen dia tuve hoy en serio,feliz
me salio el primer cliente y me tiene pensando mucho,feliz
ultimamente me siento sin energia en este momento,triste
para serte honesto me pidieron algo de ultimo momento pero ya no puedo mas,enojo
me da pena decirlo pero me respondio el mensaje que esperaba pero necesitaba decirlo,feliz
me quitaron el like y eso me bajo el animo y ya,triste
ahora mismo quiero estar solo y me afecta mucho,triste
hoy subi algo y nadie reacciono y me senti invisible y no puedo evitarlo,triste
la verdad me tiene muy angustiado esa situacion y eso me duele,miedo
hoy me siento incomodo con esto desde hace dias,miedo
mira subi algo y nadie reacciono y me senti invisible pero bueno,triste
estoy muy enojado y no se que hacer,enojo
hoy me cancelaron la cita sin avisar y ya,enojo
no tolero mas esta situacion y no lo voy a tolerar,enojo
fijate que me tienen hasta la coronilla y eso me duele,enojo
en serio que alegria tan grande la que siento y es lo mejor que me paso,feliz
en serio pude decir lo que sentia sin miedo y no puedo evitarlo,feliz
fijate que tengo miedo de responder mal y arruinar todo pero bueno,miedo
mira el partido de colombia salio bien y me tiene mal,feliz
sinceramente no supe leer la situacion y meti la pata pero ya no puedo mas,triste
sinceramente ya no quiero hablar de eso porque nadie entiende de verdad,triste
ultimamente todo esta saliendo bien en este momento,feliz
la verdad me enfurece que actuen asi y necesito que alguien me entienda,enojo
es que mi abuelo ya no esta,triste
en serio me salio redondo todo hoy y eso me duele,feliz
mira me descuentan del sueldo cosas que no firmé y no se que hacer,enojo
desde ayer recibi buenas noticias y me afecta mucho,feliz
ultimamente cambio su estado y supe que era por mi y me afecta mucho,triste
la verdad me aceptaron en la universidad pero no digo nada,feliz
tengo mucho miedo de lo desconocido y no puedo calmarlo,miedo
oye me gane una chamba buenisima y no puedo evitarlo,feliz
hoy esto arruino mi dia y eso empeora todo,enojo
te cuento que hoy no tengo que trabajar y no lo puedo ocultar,feliz
me hablaron muy mal y me tiene mal,enojo
me cobraron mas de lo que decia el precio y no se que hacer,enojo
me tiene muy intranquilo todo esto parce,miedo
me tiene muy bajoneado lo que paso y me tiene mal,triste
me siento muy desanimado hoy de verdad,triste
fijate que me da ansiedad abrir ese chat y trato de disimularlo,miedo
en serio me siento muy dichoso en este momento,feliz
en este momento tengo miedo de fallar desde hace dias,miedo
me siento vacio esta semana,triste
te juro que tengo miedo de tomar una decision y que salga mal bro,miedo
hoy hoy hice algo que me daba mucho miedo y salio bien y ya,feliz
es que siento un miedo enorme que no puedo controlar de verdad,miedo
hermano ya no hablo con mi parcero de toda la vida y ya,triste
en serio estoy muy contento con los avances y no lo puedo creer,feliz
mira me salio rico lo que cocine y me afecta mucho,feliz
la verdad estoy muy preocupado y me afecta mucho,miedo
sinceramente dije algo que no quise decir y no se como explicarlo y me pesa cargarlo solo,triste
no te miento estrene mi apartamento,feliz
te juro que publicaron algo mio sin pedirme permiso y me afecta mucho,enojo
te juro que me decepciona mucho tu actitud y no lo entiendo,enojo
la verdad me pone muy ansioso pensar en eso,miedo
es que estoy al limite de mi paciencia sinceramente,enojo
me independice por fin pero necesitaba decirlo,feliz
te cuento que me siento muy bien conmigo mismo otra vez,feliz
es que me prometieron algo y no lo cumplieron sinceramente,enojo
en serio extraño mucho a las personas que ya no estan y eso me duele,triste
me da pena decirlo pero publicaron algo mio sin pedirme permiso y no lo digo seguido,enojo
hoy me copiaron el trabajo y lo publicaron como propio,enojo
sinceramente me tiene muy irritado todo esto y nadie lo sabe,enojo
hoy mi abuela ya no esta y no puedo evitarlo,triste
te juro que me escribieron para disculparse y me alegro y no se que hacer,feliz
en este momento me siento nervioso otra vez,miedo
oye me preocupa tanto que no puedo dormir la verdad,miedo
siento que las cosas nunca mejoran y no lo puedo superar,triste
oye eso me parece una irresponsabilidad total de verdad,enojo
hoy me perdi un momento importante y no se que hacer,triste
la verdad no logre lo que esperaba y me tiene mal,triste
sinceramente logre lo que queria de verdad,feliz
ahora mismo me dijeron que era muy sensible por sentirme mal y me tiene agotado,enojo
la verdad esto me molesta mucho en este momento,enojo
lo que pasa es que encontre lo que buscaba otra vez,feliz
te digo que hoy me senti muy bien conmigo mismo y me tiene pensando mucho,feliz
desde hace dias publicaron algo mio sin pedirme permiso y me cuesta mucho,enojo
la verdad mi equipo gano hoy y estoy feliz,feliz
la verdad todo esta empeorando ultimamente,triste
te cuento que estoy con una nota hoy,feliz
no te miento tengo los mejores amigos y me afecta mucho,feliz
te cuento que hoy descanse muy bien la verdad,feliz
hoy me dieron la beca de la universidad publica pero bueno,feliz
fijate que tengo miedo de ver lo que me respondieron pero ya no puedo mas,miedo
me trataron como si yo fuera el problema,enojo
vieja quede encantado con como salio todo,feliz
te juro que no voy a permitir que me hagas eso,enojo
lo que pasa es que dije algo que no quise decir y no se como explicarlo,triste
la verdad es que pude mantener una conversacion sin angustiarme y no se que hacer,feliz
la verdad me hicieron repetir el tramite tres veces y me tiene mal,enojo
todo cambio de golpe sinceramente,triste
siento una ansiedad horrible en este momento,miedo
es que estoy que no me la creo y no se que hacer,feliz
lo que pasa es que mi grupo de trabajo funciono muy bien sinceramente,feliz
te digo que que bonito dia fue este para todos sin duda,feliz
no es la primera vez y eso me tiene agotado,enojo
siento que perdi algo muy importante,triste
en serio tengo miedo de que me cancelen por algo que dije y nadie lo entiende,miedo
hoy ya no somos lo que eramos y eso me entristece de verdad,triste
mira hicieron lo que quisieron sin preguntarme nada,enojo
es que siento que algo no esta bien aunque todo parece normal y no se que hacer,miedo
no puedo evitar que estoy muy nervioso y asustado,miedo
ahora mismo me da ansiedad conocer gente nueva otra vez,miedo
en serio no quise hablar con nadie hoy,triste
me dieron una sorpresa muy bonita hoy,feliz
en serio pude decir lo que sentia sin miedo y eso me tiene mal,feliz
ultimamente siento demasiado temor por todo lo que pasa,miedo
mira me llegó una carta del juzgado y no se que es la verdad,miedo
es que me citaron a declarar y estoy muy nervioso pero bueno,miedo
te digo que tengo miedo de que me cancelen por algo que dije de verdad,miedo
me tratan diferente por ser joven bro,enojo
aprobe todas las materias este semestre parce,feliz
la verdad todo salio perfecto en este momento,feliz
ultimamente me dicen que exagero cuando digo como me siento,enojo
ultimamente todo me afecta demasiado,triste
ahora mismo nada tiene sentido esta semana,triste
me da pena decirlo pero no supe leer la situacion y meti la pata y no se que hacer,triste
hoy todo esta mejorando y no se que hacer,feliz
en serio me preocupa no poder lograrlo y necesito que alguien me entienda,miedo
mira me usaron cuando les convenia y despues nada y no se que hacer,enojo
definitivamente me hicieron perder el tiempo de verdad,enojo
siento panico cada vez que pienso en eso de verdad,miedo
mira lo que paso me da panico equivocarme y que no me perdonen y me pesa cargarlo solo,miedo
ya me colmaste la paciencia de verdad,enojo
sinceramente tengo miedo de que todo se derrumbe y no puedo calmarlo,miedo
mira me aterra quedar mal frente a todos y no es facil,miedo
hoy estoy apostando todo a esto y nadie lo sabe,miedo
en serio que dia tan bueno fue hoy sin duda,feliz
mira me dejaron plantado y ni se disculparon y nadie lo sabe,enojo
desde hace dias me da mucho miedo entrar al salon y que todos me miren pero necesitaba decirlo,miedo
fijate que tengo miedo de decir algo y que lo tomen mal,miedo
desde ayer siento demasiado temor todo el tiempo,miedo
ahora mismo estoy emocionado y me encanta,feliz
hermano me siento muy achantado hoy y nadie lo sabe,triste
sabes que me siento muy bien en este momento y es lo mejor que me paso,feliz
sinceramente me pone muy nervioso tener que dar explicaciones y no puedo evitarlo,miedo
en serio dijeron mentiras sobre mi en redes men,enojo
hoy no tengo plan b si esto falla sinceramente,miedo
estoy muy triste con lo que paso y no lo puedo superar,triste
no te miento la vida esta siendo buena conmigo y me tiene mal,feliz
desde ayer tengo panico y me afecta mucho,miedo
te juro que no me toman en serio por mi edad y me afecta,enojo
es que me tocó repetir el tramite porque perdieron mis papeles y nadie lo sabe,enojo
hoy me descuentan del sueldo cosas que no firmé la verdad,enojo
desde hace dias no tuve ganas de comer y es agotador,triste
definitivamente no soporto esta situacion otra vez,enojo
mira me cayo muy bien esa persona pero bueno,feliz
la verdad me rechazaron y duela mucho y me afecta mucho,triste
en este momento estoy muy emocionado y me afecta mucho,feliz
no me merecia este trato y no lo puedo ocultar,enojo
te cuento que hoy fue un dia muy chévere y ya,feliz
sinceramente me tiene completamente harto y es agotador,enojo
sinceramente nadie reconocio lo que aporte y me afecta mucho,enojo
hoy me da ansiedad ver cuanta gente vio mi historia y ya,miedo
te cuento que se aprovecharon de la buena fe mia y me cuesta mucho,enojo
lo que pasa es que todo lo que construi se cayo y no se que hacer,triste
definitivamente me siento muy feliz todo el tiempo,feliz
siento una preocupacion muy grande de verdad,miedo
te cuento que me tocó madrugar y no dormí nada y encima salio mal y nadie lo sabe,triste
ultimamente odio esta situacion todo el tiempo,enojo
para serte honesto siento que no le importo a nadie de verdad y trato de disimularlo,triste
te digo que estoy muy bajo de animo hoy y quisiera que no fuera así,triste
hoy hoy llore sin saber por que de verdad,triste
la verdad me siento muy feliz esta semana,feliz
quede encantado con como salio todo y no se que hacer,feliz
para serte honesto perdi tiempo en algo que no valio y no se que hacer,enojo
hoy salimos a rumbear y la pase muy bien la verdad,feliz
me cobraron de mas sin avisar y necesito que alguien me entienda,enojo
te juro que tuve que fingir que estaba bien toda la noche y me afecta mucho,triste
es que me mintieron descaradamente en la cara y ya,enojo
resulta que no hice la tarea y ya,miedo
te digo que me llego un paquete que habia pedido y ya,feliz
ayer me robaron la moto y no sé qué hacer,enojo
para serte honesto no se si actue bien y eso no me deja tranquilo y no puedo evitarlo,miedo
la verdad me siento motivado hoy,feliz
mira lo que paso me dejo de seguir en redes sociales,triste
desde ayer todo salio mal y no se que hacer,triste
ultimamente hoy fue exactamente lo que necesitaba de verdad,feliz
ultimamente tengo una entrevista y me muero del susto de verdad,miedo
sinceramente no supe si era una broma o algo serio y no se que hacer,triste
lo que pasa es que termino mi carrera todo el tiempo,feliz
ahora mismo me dieron la beca y ya,feliz
me cansas con tanta excusa y no lo entiendo,enojo
oye me tiene muy irritado todo esto y no puedo evitarlo,enojo
no te miento tengo miedo de que me rechacen si digo lo que pienso y no puedo evitarlo,miedo
ahora mismo me trataron muy mal sin razon otra vez,enojo
hoy me mandaron audio de voz gritando y me cuesta mucho,enojo
te cuento que tengo algo importante manana y no puedo dormir,miedo
es que me tocó madrugar y no dormí nada y encima salio mal y no puedo evitarlo,triste
no aguanto mas otra vez,enojo
ayer me robaron el celular y ya,enojo
ahora mismo alguien me entendio sin que yo explicara mucho y no se como manejarlo,feliz
en serio tengo miedo de ver lo que me respondieron pero necesitaba decirlo,miedo
sinceramente siento que no soy tan inteligente como los demas pero ya no puedo mas,triste
mira me tienen muy mamado con esa vuelta,enojo
eres un egoista de primera y ya me canse,enojo
hoy me invitaron a participar en algo importante y no es facil,feliz
hoy tengo miedo de que me alejen si se dan cuenta como soy,miedo
me da muy duro enfrentar esa conversacion y eso me duele,miedo
tuve que fingir que estaba bien toda la noche y me pesa cargarlo solo,triste
sinceramente siento mucho miedo en este momento y no puedo calmarlo,miedo
en este momento me preocupa el futuro y no se que hacer,miedo
la verdad hoy fue un mal dia todo el tiempo,triste
mira me cobraron mas de lo que decia el precio hermano,enojo
tengo un mal presentimiento con eso la verdad,miedo
desde ayer estoy harto de todo por todo lo que paso,enojo
esto arruino mi dia,enojo
hoy se rieron de como me exprese y nadie lo entiende,enojo
mira todo el mundo sigue y yo estoy quieto y no puedo evitarlo,triste
es que me tiene muy cansado esta gente y me cuesta mucho,enojo
es que me escribio la persona que me gusta sinceramente,feliz
lo que pasa es que termine todo lo que tenia pendiente y no se como manejarlo,feliz
para serte honesto me mandaron buenas noticias por whatsapp y me pesa cargarlo solo,feliz
realmente odio esta situacion y estoy cansado,enojo
me siento muy bien emocionalmente y es lo mejor que me paso,feliz
sinceramente no voy a permitir que me hagas eso y me parece muy mal,enojo
hoy tengo que entregar algo mañana y no empece todavía,miedo
desde ayer me siento furioso en este momento,enojo
es que manana es el dia y no estoy listo la verdad,miedo
hoy hoy fue un gran dia,feliz
es que tengo ansiedad de pensar en todo lo que falta,miedo
la verdad es que no puedo mas con esta situacion,enojo
sinceramente tengo miedo de que me alejen si se dan cuenta como soy pero ya no puedo mas,miedo
en este momento no se que va a pasar en este momento,miedo
sinceramente tengo miedo de que no me entiendan y me tiene agotado,miedo
desde hace dias me da terror que noten que estoy nervioso pero ya no puedo mas,miedo
no tuve ganas de comer y es agotador,triste
hoy me da demasiada rabia y eso empeora todo,enojo
no se hoy me vi bien en el espejo y me gusto bro,feliz
la verdad me hicieron sentir especial y necesito que alguien me entienda,feliz
que buena racha estoy teniendo y es lo mejor que me paso,feliz
sinceramente hoy fue maravilloso en este momento,feliz
lo que pasa es que no puedo mas con tanto,triste
te digo que me bloquearon sin darme ninguna explicacion y no puedo evitarlo,enojo
tengo miedo de equivocarme y arrepentirme despues,miedo
te cuento que me tiene muy intranquilo todo esto y ya,miedo
es que me tiene muy irritado todo lo que esta pasando y me tiene pensando mucho,enojo
estoy muy angustiado con las posibilidades y me tiene muy nervioso,miedo
en serio me sacaron de la jugada sin ninguna explicacion,enojo
fijate que me puse a pensar en lo peor y no puedo parar y me tiene mal,miedo
fijate que estoy rodeado de gente y me siento solo y no se que hacer,triste
en serio que buenas noticias me llegaron hoy,feliz
la verdad siento que perdi una etapa de mi vida y me afecta,triste
desde hace dias me salio rico lo que cocine y me afecta mucho,feliz
hoy publicaron algo mio sin pedirme permiso y no es facil,enojo
vieja me tiene muy apagado esta situacion de verdad,triste
fijate que me faltaron el respeto y no se que hacer,enojo
abusaron de mi confianza sinceramente,enojo
fijate que me usaron cuando les convenia y despues nada,enojo
oye me pagan mal y me exigen demasiado y no es facil,enojo
mira siento que todo el mundo sigue y yo me quede quieto,triste
oye me reportaron sin motivo y me bloquearon la cuenta de verdad,enojo
ahora mismo me preocupa el futuro ultimamente,miedo
te digo que me duele mucho haber perdido eso y quisiera que no fuera así,triste
fijate que hoy no tengo que trabajar y eso me pesa,feliz
en serio tengo miedo de que me alejen si se dan cuenta como soy y no se que hacer,miedo
en serio me paraliza no saber cual es el camino correcto,miedo
sinceramente tuve que dejar mis estudios sinceramente,triste
mi familia esta bien todo el tiempo,feliz
de verdad eres un irresponsable total y punto,enojo
oye ya les dije mil veces y no cambia nada y no es facil admitirlo,enojo
desde ayer ya no quiero hablar desde hace dias,triste
es que hicieron lo que quisieron sin preguntarme nada y no se que hacer,enojo
para serte honesto nadie hace las cosas bien aqui y necesito que alguien me entienda,enojo
fijate que algo me dice que las cosas van a cambiar mal y me afecta,miedo
sinceramente me mandaron de una oficina a otra sin solucion pero bueno,enojo
vieja mi familia se fue a vivir lejos y me siento solo y nadie lo sabe,triste
la verdad siento que a nadie le importo todo el tiempo,triste
te cuento que me llegó una carta del juzgado y no se que es,miedo
te cuento que me graduo este sabado y ya,feliz
fijate que se llevaron el credito de lo que yo hice y es agotador,enojo
la verdad me da miedo no estar a la altura de lo que se espera y no puedo evitarlo,miedo
sinceramente me excluyeron de la decision sin explicacion y me cuesta mucho,enojo
oye me ignoraron completamente pero no digo nada,enojo
la verdad hoy me senti muy bien conmigo mismo de verdad,feliz
te digo que estoy muy feliz con el resultado y no lo puedo creer,feliz
sinceramente nadie me escucha y necesito que alguien me entienda,triste
estoy muy nervioso y asustado y no puedo calmarlo,miedo
es que siento que a nadie le importo y es agotador,triste
la verdad me tocó repetir el tramite porque perdieron mis papeles y me cuesta mucho,enojo
no puede ser,enojo
te digo que tengo panico de enfrentar esto solo,miedo
no supe leer la situacion y meti la pata y nadie lo entiende,triste
bro me paraliza no saber cual es el camino correcto,miedo
no te miento estoy emocionalmente agotado y no puedo evitarlo,triste
te digo que me siento muy bien con mi proceso y me afecta,feliz
fijate que hoy todo el transporte me funciono perfecto,feliz
es que me aterra quedar mal frente a todos de verdad,miedo
te cuento que que perro tan feo y no lo puedo creer,enojo
sinceramente pude mantener una conversacion sin angustiarme pero necesitaba decirlo,feliz
tuve que dejar mis estudios y ya,triste
ultimamente no se que quiero hacer con mi vida,miedo
oye tengo panico de que me pregunten algo frente a todos y quisiera que alguien me ayudara,miedo
sinceramente me dieron informacion falsa pero bueno,enojo
de verdad estoy muy apenado y sin palabras y me duele mucho,triste
que descaro tan grande el de esa gente y me tiene mal,enojo
vieja estoy muy nervioso con esa vuelta y nadie lo sabe,miedo
hoy me siento excelente hoy desde hace dias,feliz
llegue a tiempo a todo y ya,feliz
fijate que me preocupa haber dicho algo sin darme cuenta y no lo digo seguido,miedo
la verdad estoy muy enojado por todo lo que paso,enojo
la verdad es que me da mucho temor el futuro cercano y no puedo calmarlo,miedo
ahora mismo estoy agotado emocionalmente otra vez,triste
ahora mismo me encanta este momento y me afecta mucho,feliz
es que me frustras mucho con eso y ya me canse,enojo
lo que pasa es que me paraliza la idea de tener que hablar en grupo y no se como manejarlo,miedo
en serio se burlaron de mi y no se que hacer,enojo
no te miento nos separamos despues de mucho tiempo de verdad,triste
hoy estoy muy preocupado y me afecta mucho,miedo
te cuento que ya no aguanto esta situacion la verdad,enojo
la verdad es que perdi la materia que mas me esforcé y no puedo evitarlo,triste
es que me escribieron solo para reclamarme y me pesa cargarlo solo,enojo
estoy muy asustado sin saber que hacer y no puedo calmarlo,miedo
desde ayer estoy muy emocionado esta semana,feliz
en serio tengo miedo de que me quiten el trabajo,miedo
la verdad perdi mi negocio y no se como seguir y ya,triste
me siento muy solo en esta ciudad la verdad,triste
desde hace dias no se si ese mensaje significaba lo que creo de verdad,miedo
definitivamente ya me canse de esto en este momento,enojo
en serio siento que todo se fue y no volvera,triste
hoy estoy demasiado preocupado por todo lo que paso,miedo
es que me ofrecieron un mejor cargo y me pesa cargarlo solo,feliz
fijate que no se como decirlo sin que se enojen y me afecta mucho,miedo
me duele el corazon con lo que paso,triste
no te miento me ofrecieron un mejor cargo y no se que hacer,feliz
todo lo que construi se cayo y ya,triste
no te miento hicimos una reunioncita y quedo muy buena y no es facil,feliz
oye estoy muy molesto con lo que hicieron y ya,enojo
en serio todo esta fluyendo muy bien ultimamente y no se que hacer,feliz
la verdad es que siento una tristeza muy grande ahora y quisiera que no fuera así,triste
desde hace dias me echaron la culpa de lo que salio mal y trato de disimularlo,enojo
mira defendi mi proyecto y quede bien y me tiene mal,feliz
no entiendo como la gente puede ser asi y ya,enojo
fijate que hice algo que me daba miedo y salio bien y nadie lo entiende,feliz
no puedo evitar que estoy muy asustado y no se que hacer y no se que hacer,miedo
ultimamente siento que finjo estar bien tan seguido que ya ni se,triste
sinceramente me copiaron el trabajo y lo publicaron como propio y trato de disimularlo,enojo
es que siento que todos avanzan menos yo y no es facil,triste
definitivamente todo me fastidia todo el tiempo,enojo
lo que pasa es que hoy fue un dia muy gris otra vez,triste
es que tengo panico de no saber como actuar en esa situacion y no se como manejarlo,miedo
oye me da terror que noten que estoy nervioso y no puedo evitarlo,miedo
desde ayer estoy muy contento y no se que hacer,feliz
es que me aterra pensar en perder el control y no puedo calmarlo,miedo
mira lo que paso publico algo que me dejo muy mal sinceramente,triste
en este momento me siento lleno de energia de verdad,feliz
hoy me tiene muy angustiado esa situacion parce,miedo
hoy me toco dejar los estudios por plata parce,triste
oye me dieron la visa la verdad,feliz
fijate que mi familia esta bien y me tiene mal,feliz
fijate que me fue bien en la sustentacion pero necesitaba decirlo,feliz
hoy me hicieron perder el tiempo y estoy cansado,enojo
es que consegui el trabajo y eso me pesa,feliz
no te miento perdi mi negocio y no se como seguir de verdad,triste
manana es el dia y no estoy listo pero bueno,miedo
siento que no tengo proposito y me afecta,triste
sinceramente tengo panico de enfrentar esto solo de verdad,miedo
es que tengo miedo de equivocarme y arrepentirme despues pero bueno,miedo
hoy me tiene muy cansado esta gente y ya,enojo
te juro que me tienen harto con tanta mentira y no lo voy a tolerar,enojo
en serio me da miedo decepcionarme a mi mismo la verdad,miedo
estoy muy agradecido por este momento,feliz
te cuento que estrene mi apartamento,feliz
lo que pasa es que se llevaron el credito de lo que yo hice sinceramente,enojo
siento que algo muy importante se perdio de verdad,triste
hoy hoy no tengo que trabajar y no lo puedo ocultar,feliz
hoy tengo panico de fallar cuando todos confian en mi y no puedo evitarlo,miedo
es que me da muy duro enfrentar esa conversacion pero bueno,miedo
sinceramente me reportaron sin motivo y me bloquearon la cuenta,enojo
te cuento que me toco dejar los estudios por plata parce,triste
te cuento que estoy muy nervioso con esa vuelta,miedo
para serte honesto extraño como eran las cosas antes y no se que hacer,triste
ultimamente no se que va a pasar en este momento,miedo
en este momento estoy harto de todo desde hace dias,enojo
te cuento que me graduo el sabado en el paraninfo pero bueno,feliz
sinceramente me duele mucho haberlo perdido,triste
la verdad me canse de ser el que siempre aguanta,triste
eso me pone muy furioso parce y ya,enojo
fijate que me tiene muy triste esta vuelta parce,triste
hoy no quiero que me hables mas,enojo
ultimamente estoy muy enojado en este momento,enojo
te cuento que mi mejor amigo se fue para otro pais y eso me duele,triste
no se si contarte pero hoy no tuve que fingir que estaba bien y no se que hacer,feliz
desde hace dias hicieron como si yo no existiera en la reunion y me pesa cargarlo solo,enojo
oye no puedo creer lo que hicieron,enojo
me siento vulnerable desde hace dias,miedo
definitivamente me siento orgulloso en este momento,feliz
la verdad recibi buenas noticias todo el tiempo,feliz
desde hace dias minimizaron lo que sentia y no es facil admitirlo,enojo
me alegra mucho tu compania y estoy muy contento,feliz
en este momento siento mucha presion esta semana,miedo
mira me mandaron un mensaje raro y no entiendo que quieren sinceramente,miedo
ahora mismo me da miedo ir al medico y eso me pesa,miedo
sinceramente me duele el alma y es agotador,triste
mira me pone muy nervioso hablar en publico y me tiene mal,miedo
te juro que me borraron un comentario que tenia toda la razon,enojo
ultimamente mi familia esta bien y no lo puedo ocultar,feliz
realmente me siento destruido desde hace dias,triste
sinceramente me citaron para hablar y no se de que y me tiene mal,miedo
no se para donde voy y eso me asusta y me pone triste bro,triste
fijate que me siento muy lejos de todos pero necesitaba decirlo,triste
sinceramente me paraliza la idea de tener que hablar en grupo y no se que hacer,miedo
estoy muy contento con lo que paso en serio,feliz
hoy esto es injusto por todo lo que paso,enojo
es que no se si lo que estoy haciendo es lo correcto y no es facil,miedo
mira lo que paso me escribieron para disculparse y me alegro y eso me tiene mal,feliz
la verdad tengo mucho miedo en este momento,miedo
la verdad me dejo mi novio y estoy muy mal,triste
parce me cambiaron el turno sin avisarme,enojo
estoy muy feliz con el resultado,feliz
es que todos parecen entender menos yo y me afecta mucho,triste
desde ayer estoy muy contento,feliz
sinceramente me echaron la culpa de lo que salio mal y no es facil admitirlo,enojo
mira me tiene con los nervios destrozados de verdad,miedo
men usaron mis ideas sin darme credito y ya,enojo
mira mi familia se fue a vivir lejos y me siento solo hermano,triste
la verdad es que no voy a tolerar esto mas y me parece muy mal,enojo
hoy vi algo que me dejo muy intranquilo de verdad,miedo
la verdad tengo ansiedad de pensar en todo lo que falta y me cuesta aceptarlo,miedo
que bonito dia fue este para todos,feliz
hermano me tienen hasta la coronilla la verdad,enojo
se aprovecharon de la buena fe mia y me cuesta mucho,enojo
no se si estoy listo para esto y no puedo evitarlo,miedo
me tiene muy enojado esa situacion y no es facil,enojo
sinceramente no puedo creer lo que hiciste en serio,enojo
fijate que me cobraron de mas sin avisar y me tiene mal,enojo
fijate que mi familia esta bien y me afecta mucho,feliz
lo que pasa es que me aceptaron en la universidad y es agotador,feliz
la verdad es que estoy muy asustado con las noticias y me tiene muy nervioso,miedo
hoy no hice la tarea y estoy mal,miedo
para serte honesto me eliminó de sus contactos sin decir nada y no se como manejarlo,triste
sinceramente siento que nada tiene sentido ahora y no se como seguir,triste
para serte honesto cambiaron las reglas sin avisarme y nadie lo entiende,enojo
sinceramente no quise hablar con nadie hoy y no puedo evitarlo,triste
hoy hoy me vi bien en el espejo y me gusto y me cuesta aceptarlo,feliz
la verdad termine el curso que venia haciendo,feliz
realmente me siento destruido y me duele mucho,triste
ultimamente aprobe el examen otra vez,feliz
me despidieron del trabajo,triste
sinceramente estoy muy frustrado con todo esto y me cuesta aceptarlo,enojo
te cuento que me preocupa no poder pagar el arriendo el otro mes y no puedo evitarlo,miedo
hoy me tienen muy mamado con esa vuelta la verdad,enojo
hicieron como si yo no existiera en la reunion y no lo digo seguido,enojo
ultimamente me salio el primer cliente,feliz
parce me graduo el sabado en el paraninfo,feliz
no te miento me da terror enfrentar esto solo y no lo puedo ocultar,miedo
es que tengo ansiedad de pensar en todo lo que falta y ya,miedo
honestamente me enfurece tu actitud,enojo
te juro que ya basta con esa actitud sin excusas,enojo
me tiene muy intranquilo todo esto de verdad,miedo
es que estoy que no me la creo la verdad,feliz
en serio me da demasiada rabia en este momento,enojo
oye no puedo creer tanta irresponsabilidad en serio,enojo
lo que es cierto es que que buena noticia me dieron hoy y es lo mejor que me paso,feliz
sinceramente me costo mucho levantarme hoy,triste
ahora mismo estoy esperando una respuesta y me tiene nervioso y es agotador,miedo
me eliminó de sus contactos sin decir nada y no lo digo seguido,triste
en serio estoy muy feliz con mi vida y no lo puedo creer,feliz
oye entregue el proyecto a tiempo y no se que hacer,feliz
la verdad es que siento que nada tiene sentido ahora y no se como seguir,triste
sinceramente tengo un presentimiento muy malo,miedo
es que estrene mi apartamento y me afecta,feliz
te cuento que mi novia me engañó con una mujer y no sé qué hacer,enojo
es que siento que algo malo va a pasar y me tiene muy nervioso,miedo
te juro que me angustia no saber si estoy en el camino correcto,miedo
desde ayer estoy demasiado molesto por todo lo que paso,enojo
termine el curso que venia haciendo la verdad,feliz
en serio me da pavor equivocarme y no se que hacer,miedo
parce me llamaron para el trabajo en medellin hermano,feliz
te digo que me siento muy contento con la vida,feliz
ahora mismo por fin lo logre y me tiene mal,feliz
hoy consegui apartamento en arriendo bien precio,feliz
sinceramente estoy emocionalmente agotado y me tiene mal,triste
la verdad me siento re bien parce,feliz
tengo mucho temor de lo que viene y me tiene muy nervioso,miedo
mira no te lo voy a perdonar tan facil y me parece muy mal,enojo
parce me hablaron muy feo sin ninguna razon la verdad,enojo
es que se burlaron de mi y no lo puedo ocultar,enojo
me da pena decirlo pero tengo panico de no saber como actuar en esa situacion y no lo digo seguido,miedo
me trataron diferente a los demas y me tiene mal,enojo
no sé si puedo,miedo
oye me siento muy lejos de ser feliz de verdad,triste
realmente me siento destruido esta semana,triste
bro me comparan con otros y eso me molesta mucho y nadie lo entiende,enojo
ahora mismo me tienen harto con esto en este momento,enojo
me perdi un momento importante de verdad,triste
es que se fue mi perro hoy de verdad,triste
hoy quede encantado con como salio todo,feliz
me siento horrible hoy desde hace dias,triste
estoy muy triste y no se que hacer y no lo puedo superar,triste
mira tengo miedo de que todo cambie y es agotador,miedo
te cuento que siento que el tiempo paso y yo no hice nada de verdad,triste
desde hace dias hice algo que me daba miedo y salio bien y me afecta mucho,feliz
lo que pasa es que tengo miedo de tomar la decision equivocada y me afecta mucho,miedo
la verdad me siento increible y me encanta,feliz
sinceramente todo salio mal desde hace dias,triste
te cuento que ya nada es igual sinceramente,triste
tengo que decirle algo importante y no encuentro cómo empezar,miedo
desde hace dias me trataron muy mal sin razon,enojo
la verdad me saca de quicio todo esto y me afecta mucho,enojo
en serio tengo panico de que me pregunten algo frente a todos y no lo digo seguido,miedo
es que me pagan mal y me exigen demasiado men,enojo
la verdad me dijeron que si y despues que no y nadie lo sabe,enojo
hoy me da miedo ir al medico y eso me pesa,miedo
vieja por fin me salio el pasaporte parce,feliz
hoy hoy fue un gran dia en este momento,feliz
lo que pasa es que siento que voy por buen camino y me tiene mal,feliz
es que ya no hablo con mi parcero de toda la vida y ya,triste
oye tuve que repetir lo mismo mil veces y necesito que alguien me entienda,enojo
tengo ansiedad de pensar en todo lo que falta y me cuesta aceptarlo,miedo
la verdad llegue a los seguidores que queria,feliz
hoy tengo ansiedad y no puedo dormir,miedo
lo que pasa es que me respondieron con mala actitud sin razon y no se que hacer,enojo
encontre algo que habia perdido hace tiempo y me tiene pensando mucho,feliz
no te miento quede muy contento con el resultado pero bueno,feliz
desde hace dias me asusta que piensen que soy raro y me tiene agotado,miedo
fijate que me mintieron en mi cara y ya,enojo
la verdad perdi algo muy importante y ya,triste
mira me preocupa tanto que no puedo dormir y no puedo evitarlo,miedo
no puedo creer que me tienes harto de verdad,enojo
la verdad me hicieron perder el tiempo por todo lo que paso,enojo
la verdad me ignoraron durante horas la verdad,enojo
ahora mismo me preocupa el futuro otra vez,miedo
te cuento que fuimos a la finca y fue muy bacano parce,feliz
mira me borraron un comentario que tenia toda la razon y me tiene pensando mucho,enojo
lo que pasa es que vi que estaba en linea pero no me respondio y me tiene agotado,triste
es que me tocó pagar una multa que no era justa parce,enojo
me siento muy bien con mi proceso la verdad,feliz
hoy no me puedo sacar esta sensacion de encima de verdad,miedo
me duele mucho lo que significa esto,triste
en serio me da miedo que graben algo mio sin permiso bro,miedo
sinceramente tengo panico de enfrentar esto solo y me tiene muy nervioso,miedo
en este momento estoy realmente frustrado y no se que hacer,enojo
la verdad llegue y me dijeron que no habia cupo la verdad,enojo
ahora mismo siento que las cosas mejoran y es agotador,feliz
es que me paraliza la idea de tener que hablar en grupo y eso me tiene mal,miedo
hoy logre ahorrar lo que necesitaba la verdad,feliz
en serio me graduo el sabado en el paraninfo,feliz
hoy me siento completo pero no digo nada,feliz
me faltaron el respeto delante de todos y nadie lo sabe,enojo
te cuento que me dieron la beca otra vez,feliz
hoy tengo miedo de que sea algo grave sinceramente,miedo
fijate que extraño mucho a las personas que ya no estan parce,triste
en serio me dieron una sorpresa muy bonita hoy y no puedo evitarlo,feliz
mi pareja me sorprendio y no lo puedo ocultar,feliz
ahora mismo nadie reconocio lo que aporte de verdad,enojo
realmente me siento motivado y me encanta,feliz
me prometieron el trabajo y al final le dieron a otro,enojo
es que hoy fue exactamente lo que necesitaba la verdad,feliz
te digo que que bonito dia fue este para todos,feliz
te cuento que me tiene angustiado no saber que va a pasar pero no digo nada,miedo
sinceramente me tiene muy molesto que nadie haga nada de verdad,enojo
te cuento que extraño como era todo antes,triste
te cuento que me da mucha pena decirle eso a la gente hermano,miedo
te cuento que salimos a rumbear y la pase muy bien,feliz
no te miento me fallaron cuando mas los necesitaba de verdad,triste
sinceramente siento que perdi algo muy importante,triste
te cuento que logre lo que queria sinceramente,feliz
no te miento tengo miedo de tomar la decision equivocada y me afecta mucho,miedo
fijate que me pidieron que fuera a una reunion sin decirme de que de verdad,miedo
desde hace dias perdi la materia que mas me esforcé y no se como manejarlo,triste
realmente siento mucha presion todo el tiempo,miedo
la verdad me siento muy triste y me afecta mucho,triste
en serio nadie noto que algo me pasaba y no se como manejarlo,triste
definitivamente todo me pone mal esta semana,triste
que fastidio me da esta situacion en serio,enojo
la verdad me hicieron perder un dia entero y ya,enojo
estoy muy triste con lo que resulto,triste
la verdad me critican las decisiones sin conocer mi situacion y ya,enojo
vieja me cayo muy bien esa persona,feliz
te digo que estoy muy angustiado con las posibilidades de verdad,miedo
la verdad estoy agotado de tener que explicar como me siento de verdad,triste
la verdad es que estoy muy feliz con mi vida,feliz
es que me da pena hablar en publico y manana me toca parce,miedo
la verdad me dieron acceso a la oportunidad que queria bro,feliz
es que estoy muy molesto con lo que hicieron de verdad,enojo
realmente todo me afecta demasiado en este momento,triste
es que me angustia pensar que quiza elegi mal mi carrera men,miedo
vi que me sacaron de un grupo y no dije nada y ya,triste
te cuento que estoy muy cansado de lucharla solo,triste
desde ayer me sacaron la paciencia,enojo
no te miento me hicieron esperar demasiado sinceramente,enojo
en serio me siento muy solo y abandonado y no se como seguir,triste
mira lo que paso me reconocieron el esfuerzo en el trabajo y quisiera que alguien me ayudara,feliz
me decepciono mucho lo que hiciste,enojo
la verdad me graduo este mes la verdad,feliz
parce hicieron lo que quisieron sin preguntarme nada y me cuesta mucho,enojo
no te miento no me dejaron hablar la verdad,enojo
me tiene muy preocupado lo que esta pasando,miedo
tengo miedo de embarrarla con esa decision parce,miedo
sinceramente nadie entendio como me sentia sinceramente,triste
oye no voy a tolerar esto mas en serio,enojo
oye hoy fue un dia muy chévere y me tiene mal,feliz
mi familia esta bien y ya,feliz
no te miento me trataron como si no existiera,enojo
la verdad es que me respondio el mensaje que esperaba y no puedo evitarlo,feliz
me graduo el sabado en el paraninfo y me tiene mal,feliz
hoy todo salio perfecto esta semana,feliz
extraño mucho a las personas que ya no estan y nadie lo sabe,triste
la verdad es que no entendi bien el tono y eso me tiene angustiado y no se que hacer,miedo
en serio tengo miedo de que me cancelen por algo que dije bro,miedo
la verdad me exigen resultados sin darme las herramientas,enojo
en este momento estoy muy contento desde hace dias,feliz
no te miento me dieron el viernes libre y no es facil admitirlo,feliz
ahora mismo me dijeron que exageraba y no puedo evitarlo,enojo
ahora mismo tengo panico y no puedo dormir,miedo
mira me tienen muy mamado con esa vuelta la verdad,enojo
sinceramente todo el mundo sigue y yo estoy quieto y nadie lo sabe,triste
desde ayer hoy fue un gran dia y me afecta mucho,feliz
no te miento pague y no me dieron lo que ofrecieron,enojo
hoy estoy demasiado preocupado en este momento,miedo
definitivamente odio esta situacion desde hace dias,enojo
es que me da una ira terrible sin excusas,enojo
en serio me siento muy achantado hoy,triste
te cuento que me pone ansioso salir de casa de verdad,miedo
me siento muy agradecido con la vida hoy,feliz
es que nadie me dio una respuesta clara y me afecta,enojo
en serio me da ansiedad conocer gente nueva y no lo puedo ocultar,miedo
en serio siento una tristeza profunda que no pasa de verdad,triste
siento mucha ansiedad por lo desconocido de verdad,miedo
ahora mismo me siento vulnerable ultimamente,miedo
es que estoy muy preocupado y con miedo y me tiene muy nervioso,miedo
siento mucha presion otra vez,miedo
te cuento que perdi mi trabajo hoy,triste
no te miento me toco vender el carro que tanto queria y no es facil,triste
mira por fin termine el proyecto y ya,feliz
la verdad me tiene muy intranquilo todo esto y no es facil,miedo
parce me prometieron el trabajo y al final le dieron a otro de verdad,enojo
mira todo el mundo sigue y yo estoy quieto y no se que hacer,triste
estoy muy decaido y sin esperanza y me duele mucho,triste
consegui apartamento en arriendo bien precio y me cuesta mucho,feliz
sinceramente nadie hace las cosas bien aqui y es agotador,enojo
mira me trataron como si yo fuera el problema,enojo
se fue mi gato hoy y no puedo evitarlo,triste
tengo miedo de que las cosas cambien de repente y nadie lo entiende,miedo
no se si contarte pero siempre me pasa lo mismo con las mismas personas y me pesa cargarlo solo,enojo
es que me enoja mucho lo que dijiste,enojo
me tiene muy angustiado esa situacion de verdad,miedo
te juro que me da ansiedad cuando hay silencio en la conversacion y nadie lo entiende,miedo
mira aprobe el examen sinceramente,feliz
te digo que estoy emocionado con las noticias y es lo mejor que me paso,feliz
fijate que extraño como era todo antes de verdad,triste
ahora mismo me siento increible por todo lo que paso,feliz
siento una angustia que no me deja dormir y no puedo calmarlo,miedo
la verdad esto arruino mi dia otra vez,enojo
no te miento me angustia no saber como interpretar eso pero necesitaba decirlo,miedo
me tiene muy bravo la falta de respeto men,enojo
es que me da terror que noten que estoy nervioso de verdad,miedo
me dijeron que exageraba y trato de disimularlo,enojo
ultimamente tengo mucho miedo todo el tiempo,miedo
la verdad el partido de colombia salio bien de verdad,feliz
es que me trataron diferente a los demas,enojo
mira me hablaron muy mal y es agotador,enojo
lo que pasa es que me reconocieron el esfuerzo en el trabajo y me pesa cargarlo solo,feliz
te digo que me borraron un comentario que tenia toda la razon la verdad,enojo
oye tengo miedo de que se den cuenta que no entiendo y no se que hacer,miedo
desde ayer me siento horrible hoy por todo lo que paso,triste
ahora mismo me siento nervioso por todo lo que paso,miedo
fijate que me pagan mal y me exigen demasiado bro,enojo
parce me cambiaron el turno sin avisarme y nadie lo sabe,enojo
algo cambio de repente y no entiendo por que y no puedo evitarlo,miedo
no te miento todo tiene sentido ahora y no se que hacer,feliz
hoy me siento muy triste,triste
te cuento que siento que todo el mundo sigue y yo me quede quieto,triste
sabes que me alegra muchisimo lo que paso en serio,feliz
sinceramente tengo miedo de fallar y no se que hacer,miedo
tengo miedo de lo que no puedo ver,miedo
encontre algo que habia perdido hace tiempo,feliz
hoy tengo miedo de embarrarla con esa decision pero bueno,miedo
desde hace dias me da ansiedad conocer gente nueva y no se que hacer,miedo
lo que pasa es que me saca de mis casillas esto,enojo
te digo que me da miedo decepcionarme a mi mismo,miedo
oye se rieron de como me exprese y me cuesta mucho,enojo
en serio me da pena que se den cuenta que no entendi,miedo
sinceramente me robaron el celular y estoy muy mal y no se que hacer,triste
mira me tiene muy preocupado lo que esta pasando y no se que hacer,miedo
eres una persona muy egoista sin excusas,enojo
es que me mandaron un audio muy lindo y me pesa cargarlo solo,feliz
me pidieron que fuera a una reunion sin decirme de que y no puedo evitarlo,miedo
fijate que me siento muy solo en esta ciudad,triste
mira borre todas mis fotos porque no me gustaba nada y me afecta,triste
lo que pasa es que todo esta mal organizado la verdad,enojo
desde hace dias hoy no tuve que fingir que estaba bien y no lo digo seguido,feliz
lo que pasa es que me asusta que piensen que soy raro pero necesitaba decirlo,miedo
el transporte salio tardisimo y llegue tarde por eso parce,enojo
ahora mismo me siento excelente hoy,feliz
en serio se burlaron de mi la verdad,enojo
cada vez que suena el teléfono me pongo tenso,miedo
lo que pasa es que me interrumpieron cada vez que hable y quisiera que alguien me ayudara,enojo
ultimamente tengo panico de fallar cuando todos confian en mi,miedo
tengo un mal presentimiento desde ayer,miedo
sinceramente me entristece mucho esta situacion,triste
para serte honesto no se que va a pasar con mi vida y eso me pesa,miedo
estoy muy frustrado con todo esto y no es facil,enojo
no te miento me descuentan del sueldo cosas que no firmé hermano,enojo
no te miento nos separamos despues de mucho tiempo y no se que hacer,triste
en serio me llego un paquete que habia pedido de verdad,feliz
en serio todo el mundo parece tener todo claro menos yo pero bueno,triste
fijate que nadie reconocio lo que aporte y eso me tiene mal,enojo
mira me paraliza no saber cual es el camino correcto men,miedo
oye tengo panico de fallar frente a todos pero no digo nada,miedo
no te miento no se si estoy listo para esto y es agotador,miedo
la verdad es que me interrumpieron cada vez que hable y me cuesta mucho,enojo
que tipo tan feo y no lo puedo creer,enojo
hermano me da susto pedir el favor porque me da pena y me cuesta mucho,miedo
me asusta mucho lo que esta pasando en el barrio y no puedo evitarlo,miedo
me preocupa mucho el futuro economico la verdad,miedo
oye me tiene muy bravo la falta de respeto y no se que hacer,enojo
oye mi abuelo ya no esta y no puedo evitarlo,triste
desde ayer estoy realmente frustrado,enojo
en serio me rechazaron y duela mucho y no lo puedo ocultar,triste
me siento muy afortunado y estoy muy contento,feliz
sinceramente me tiene muy intranquilo todo esto hermano,miedo
no te miento me usaron cuando les convenia y despues nada y ya,enojo
desde hace dias tengo miedo de que todo cambie de verdad,miedo
la verdad no me gusto tu trabajo,enojo
sinceramente eres muy desconsiderado con los demas en serio,enojo
es que estoy muy cansado de lucharla solo de verdad,triste
me bloqueo sin darme una explicacion y quisiera que alguien me ayudara,triste
sinceramente me da pena hablar en publico y manana me toca,miedo
no te miento tengo un mal presentimiento con eso,miedo
la verdad quede muy contento con el resultado y me tiene mal,feliz
hoy tengo miedo de que me alejen si se dan cuenta como soy sinceramente,miedo
en serio estoy muy bacano con la noticia,feliz
la verdad es que que fastidio eres en serio de verdad,enojo
oye me dejaron solo en esto pero no digo nada,triste
fijate que quede muy contento con el resultado pero bueno,feliz
me da terror pensar en esa posibilidad y me tiene muy nervioso,miedo
me da ansiedad ver cuanta gente vio mi historia de verdad,miedo
ultimamente mi familia esta bien la verdad,feliz
te juro que termine todo lo que tenia pendiente y me tiene agotado,feliz
ahora mismo todo me fastidia otra vez,enojo
no se si contarte pero hicieron como si yo no existiera en la reunion y no puedo evitarlo,enojo
mira tengo algo importante manana y no puedo dormir y nadie lo sabe,miedo
ultimamente me paraliza no saber cual es el camino correcto y ya,miedo
te cuento que me asusta mucho lo que esta pasando en el barrio y no se que hacer,miedo
fijate que me da pavor equivocarme de verdad,miedo
te digo que estoy re contento con todo y no es facil,feliz
no tengo plan b si esto falla y no se que hacer,miedo
te juro que no supe si era una broma o algo serio,triste
en serio me tiene harto esta situacion y me parece muy mal,enojo
fijate que me dijeron que era muy sensible por sentirme mal y no es facil admitirlo,enojo
que mal te portas siempre en serio,enojo
ahora mismo me siento muy triste y me afecta mucho,triste
es que hoy fue un dia muy chévere y ya,feliz
mira me eliminaron del grupo sin decir nada la verdad,enojo
en serio tengo miedo de lo que piensen de mi y no lo puedo ocultar,miedo
la verdad es que que buena experiencia fue esa y no lo puedo creer,feliz
te cuento que tuve que dejar mis estudios y no se que hacer,triste
que dia tan especial fue hoy de verdad,feliz
mira todo me genera ansiedad ultimamente y me tiene mal,miedo
desde ayer estoy realmente frustrado en este momento,enojo
sinceramente me fue bien en el icfes y eso me duele,feliz
ultimamente todo me irrita todo el tiempo,enojo
realmente ya no tengo ganas y me duele mucho,triste
lo que pasa es que estoy demasiado angustiado para pensar de verdad,miedo
te cuento que siento que fracase de verdad,triste
te digo que tengo miedo de equivocarme y arrepentirme despues pero bueno,miedo
te digo que que experiencia tan maravillosa fue,feliz
para serte honesto hoy descanse muy bien de verdad,feliz
mira me cambiaron el turno sin avisarme de verdad,enojo
ahora mismo odio esta situacion y estoy cansado,enojo
es que hoy descanse bien por primera vez en mucho tiempo y no puedo evitarlo,feliz
ya no aguanto esta situacion pero no digo nada,enojo
sinceramente estoy muy contento con todo lo que paso,feliz
es que siento que algo esta pasando y nadie me dice que de verdad,miedo
parce me tocó pagar una multa que no era justa de verdad,enojo
sinceramente no se que quiero hacer con mi vida de verdad,miedo
hoy no tengo ganas de nada todo el tiempo,triste
de verdad me entristece mucho pensar en eso y me duele mucho,triste
extraño como era todo antes,triste
mira estoy con una nota hoy,feliz
ahora mismo no puedo dejar de preocuparme y es agotador,miedo
me pidieron algo de ultimo momento y no puedo evitarlo,enojo
oye me usaron y despues me ignoraron y me afecta mucho,enojo
hoy me siento desconectado de todo y no puedo evitarlo,triste
en serio que manera tan irresponsable de actuar,enojo
no te miento me cambiaron el turno sin avisarme,enojo
vi que me estaba escribiendo y luego paró y nunca mandó nada,miedo
te digo que me siento muy vacio aunque tenga cosas que hacer la verdad,triste
parce me tiene muy preocupado lo que esta pasando y me cuesta mucho,miedo
sinceramente me graduo el sabado en el paraninfo y no se que hacer,feliz
la verdad extraño como era todo antes y nadie lo sabe,triste
en serio quede encantado con como salio todo parce,feliz
te juro que hoy hice algo que me daba mucho miedo y salio bien bro,feliz
desde ayer me siento muy triste esta semana,triste
fuimos a la finca y fue muy bacano hermano,feliz
vieja me embargaron la cuenta y no entiendo por que y ya,miedo
hoy me siento muy solo en esta ciudad,triste
no se si contarte pero alguien me entendio sin que yo explicara mucho y me cuesta mucho,feliz
hoy me senti muy bien conmigo mismo de verdad,feliz
te juro que tengo miedo de decir algo y que lo malinterpreten la verdad,miedo
es que subi algo y nadie reacciono y me senti invisible y me afecta,triste
lo que pasa es que me costo mucho levantarme hoy de verdad,triste
llevo dias sin ganas de nada,triste
no se si contarte pero me etiquetaron en algo que me alegro el dia y me pesa cargarlo solo,feliz
la verdad es que siento una inquietud constante ahora de verdad,miedo
no te miento por fin termine el proyecto y eso me pesa,feliz
te digo que todo el mundo parece tener todo claro menos yo y nadie lo entiende,triste
hoy tengo panico de que me pregunten algo en clase de verdad,miedo
no te miento el transporte salio tardisimo y llegue tarde por eso la verdad,enojo
no te miento minimizaron lo que sentia y quisiera que alguien me ayudara,enojo
tengo miedo de no tener a nadie conmigo,miedo
te cuento que el silencio de esa persona me preocupa mucho la verdad,miedo
en serio siento que no tengo proposito y ya,triste
la verdad es que que dia tan maravilloso fue hoy de verdad,feliz
realmente siento demasiado temor y me afecta mucho,miedo
realmente todo me fastidia en este momento,enojo
parce me cayo muy bien esa persona y no puedo evitarlo,feliz
sinceramente me entristece ver como cambiaron las cosas,triste
no se si contarte pero siento que no soy tan inteligente como los demas y me pesa cargarlo solo,triste
mi familia esta pasando un momento muy dificil y no es facil,triste
la verdad es que estoy muy decaido y sin esperanza y no lo puedo superar,triste
tengo mucho miedo de lo desconocido y me tiene muy nervioso,miedo
eres completamente irresponsable y eso no esta bien,enojo
ultimamente todo tiene sentido ahora y es agotador,feliz
me da miedo decepcionarme a mi mismo la verdad,miedo
siento panico cuando pienso en eso de verdad,miedo
fijate que tengo panico de que me pregunten algo en clase y nadie lo sabe,miedo
no puedo evitar que siento mucho miedo en este momento y eso me preocupa mucho,miedo
no puedo evitar que me aterra pensar en perder el control y me tiene muy nervioso,miedo
hoy se fue mi perro hoy y me afecta,triste
la verdad es que me fui de la reunion antes porque no podia mas y trato de disimularlo,triste
honestamente no entiendo como puedes actuar asi y no lo voy a tolerar,enojo
te digo que vi las historias de todos y me senti muy mal la verdad,triste
ultimamente minimizaron lo que sentia y me afecta mucho,enojo
ya no aguanto mas esa situacion,enojo
en serio me siento muy bien con lo que hice y no lo puedo creer,feliz
la verdad hoy no tuve que madrugar y lo disfrute de verdad,feliz
en este momento me preocupa demasiado esto ultimamente,miedo
hermano tengo miedo de que me vaya mal en las parciales y me tiene mal,miedo
hoy me siento nervioso todo el tiempo,miedo
me siento muy feliz con mi familia de verdad,feliz
parce me toco irme del barrio que queria y nadie lo sabe,triste
te juro que siento que cargo con demasiado para mi edad y no es facil,triste
oye no supe leer la situacion y meti la pata pero necesitaba decirlo,triste
siento una angustia muy grande ahora y eso me preocupa mucho,miedo
realmente me siento decepcionado otra vez,triste
para serte honesto mi familia esta bien y ya,feliz
hoy me preocupa no poder lograrlo de verdad,miedo
estoy muy apenado por lo sucedido,triste
la verdad siento que no tengo proposito pero bueno,triste
la verdad encontre lo que buscaba todo el tiempo,feliz
sinceramente hice algo que me daba miedo y salio bien pero ya no puedo mas,feliz
no te miento publico algo que me dejo muy mal pero ya no puedo mas,triste
fijate que siento que estoy decepcionando a todos men,triste
oye me etiquetaron en algo que me alegro el dia y no lo digo seguido,feliz
hoy me dieron la beca de la universidad publica,feliz
en serio me da terror que noten que estoy nervioso y no lo digo seguido,miedo
realmente estoy muy enojado esta semana,enojo
es que me mandaron un audio muy lindo sinceramente,feliz
fijate que me angustia saber que todo queda guardado en internet de verdad,miedo
es que perdi mi trabajo hoy y me tiene mal,triste
realmente esto me molesta mucho de verdad,enojo
mira estoy muy mamado de todo y no es facil,triste
te cuento que vi algo que me dejo muy intranquilo y ya,miedo
es que me pusieron en evidencia en un grupo,enojo
me duele mucho todo lo que ocurrio y no lo puedo superar,triste
mira estoy rodeado de gente y me siento solo y me afecta mucho,triste
te digo que me duele mucho lo que significa esto,triste
es que me da pena que se den cuenta que no entendi,miedo
la verdad es que siento una pena muy grande por eso de verdad,triste
ahora mismo me cambiaron el trabajo sin consultarme,enojo
hoy tengo mucho miedo y no puedo dormir,miedo
te cuento que me pone muy nervioso hablar en publico y ya,miedo
fijate que saque mi licencia de conducir de verdad,feliz
la verdad es que me da pavor la incertidumbre que siento y no puedo calmarlo,miedo
fijate que me tocó repetir el tramite porque perdieron mis papeles,enojo
tengo un presentimiento malo muy fuerte,miedo
mira me prometieron el trabajo y al final le dieron a otro y ya,enojo
me ignoraron durante horas sinceramente,enojo
bro todo esta fluyendo muy bien ultimamente y no puedo evitarlo,feliz
vieja me embargaron la cuenta y no entiendo por que de verdad,miedo
para serte honesto me paralizo cuando tengo que decidir y me afecta mucho,miedo
oye vi algo que me dejo muy intranquilo,miedo
te juro que que actitud tan mala la tuya sin excusas,enojo
es que me toco irme del barrio que queria,triste
en este momento no quiero salir solo esta semana,miedo
la verdad me respondieron que si al proyecto y me cuesta aceptarlo,feliz
hoy me da muy duro enfrentar esa conversacion pero bueno,miedo
me entristece mucho lo que hiciste y me duele mucho,triste
hoy pague y no me dieron lo que ofrecieron y ya,enojo
oye me pusieron obstaculos que no tenian sentido de verdad,enojo
hermano extraño mucho a las personas que ya no estan,triste
me gane una chamba buenisima parce,feliz
mira tengo miedo de que me vaya mal en las parciales y no puedo evitarlo,miedo
sinceramente estoy disfrutando mucho hoy,feliz
es que algo me dice que las cosas van a cambiar mal la verdad,miedo
hoy lei el mensaje diez veces y no se como responder y no lo digo seguido,miedo
parce hicimos una reunioncita y quedo muy buena,feliz
de verdad me siento muy bien en este momento,feliz
ahora mismo me da terror enfrentar esto solo otra vez,miedo
es que perdi mi trabajo hoy la verdad,triste
es que me paralizo cuando tengo que decidir y ya,miedo
de verdad no puedo mas con esta situacion y eso no esta bien,enojo
ahora mismo logre lo que queria todo el tiempo,feliz
te juro que me siento solo aunque este rodeado de gente y ya,triste
me quede callado cuando debi haber hablado y me pesa cargarlo solo,triste
mira me tienen muy hastiado con lo mismo y no puedo evitarlo,enojo
para serte honesto estoy emocionalmente agotado y necesito que alguien me entienda,triste
desde hace dias abusaron de mi confianza y no lo puedo ocultar,enojo
vieja me dejaron plantado y ni se disculparon y ya,enojo
mira mi familia esta bien pero no digo nada,feliz
me mintieron descaradamente en la cara de verdad,enojo
me siento en paz y ya,feliz
mira me cayo del cielo esa noticia y ya,feliz
la verdad es que estoy muy asustado de perder lo que amo,miedo
en serio estoy muy nervioso con esa vuelta la verdad,miedo
sinceramente no se que va a pasar,miedo
la verdad es que hablaron de algo que yo no sabia y me senti excluido y me pesa cargarlo solo,triste
no se ya no aguanto mas esa situacion y me tiene pensando mucho,enojo
ultimamente me da terror mostrarme como soy de verdad y me tiene agotado,miedo
no te miento nadie noto que algo me pasaba y no se como manejarlo,triste
siento que me quede atras y no se que hacer,triste
mi equipo gano hoy y estoy feliz,feliz
es que tengo panico de que algo me pase,miedo
todo me pone mal otra vez,triste
sinceramente me dejaron plantado y ni se disculparon y ya,enojo
sinceramente me molesta mucho tu actitud en serio,enojo
la verdad hoy fue maravilloso y no se que hacer,feliz
es que me salio el traslado que pedi,feliz
la verdad el transporte salio tardisimo y llegue tarde por eso y no se que hacer,enojo
te digo que me comparan con otros y eso me molesta mucho bro,enojo
hoy no me dejaron terminar de hablar sinceramente,enojo
es que me dieron una sorpresa muy bonita hoy la verdad,feliz
te digo que me duele mucho lo que significa esto y quisiera que no fuera así,triste
es que estoy muy emocionado con lo que viene y no se que hacer,feliz
ultimamente siento que finjo estar bien tan seguido que ya ni se y no puedo evitarlo,triste
me duele mucho esto y me afecta mucho,triste
la verdad el partido de colombia salio bien y eso me duele,feliz
de verdad me da alegria ver que todo funciona y no lo puedo creer,feliz
realmente me siento increible desde hace dias,feliz
me tiene harto esta situacion,enojo
oye perdi tiempo en algo que no valio la verdad,enojo
es que me da mucho miedo no estar listo y no se que hacer,miedo
hermano me puse muy feliz con eso parce y no puedo evitarlo,feliz
te digo que que alegria tan grande siento de verdad,feliz
hoy las cosas ya no son como antes y me afecta,triste
en serio me hicieron fila tres horas y no me atendieron y me cuesta mucho,enojo
oye tengo miedo de caerle mal sin querer y no lo digo seguido,miedo
te digo que siento una ansiedad muy fuerte ahora,miedo
el transporte salio tardisimo y llegue tarde por eso y no es facil,enojo
fijate que me paralizo cuando tengo que decidir todo el tiempo,miedo
parce me fue bien en el icfes y ya,feliz
la verdad tengo miedo de decir algo y que lo malinterpreten bro,miedo
que impotencia siento ahora y no lo voy a tolerar,enojo
no te miento se rieron de como me exprese y me cuesta mucho,enojo
la verdad es que me reconocieron el esfuerzo en el trabajo,feliz
hoy me dieron la visa de verdad,feliz
realmente no aguanto mas todo el tiempo,enojo
hoy me siento vacio ultimamente,triste
es que hoy me senti muy a gusto con todo y no es facil,feliz
se aprovecharon de la buena fe mia de verdad,enojo
hoy me llegó una carta del juzgado y no se que es,miedo
me di cuenta que nadie me busca si yo no busco bro,triste
hoy dijeron cosas que no son verdad sobre mi pero no digo nada,enojo
te digo que me duele mucho haberlo perdido y me duele mucho,triste
lo que pasa es que estoy demasiado angustiado para pensar y eso me pesa,miedo
ultimamente me siento horrible otra vez,triste
mira lo que paso se burlaron de algo que me costo decir y me afecta mucho,enojo
desde ayer me hicieron perder el tiempo por todo lo que paso,enojo
en serio me siento en paz sinceramente,feliz
honestamente me decepciona mucho tu actitud y punto,enojo
mira tengo miedo de decir algo y que lo malinterpreten de verdad,miedo
no te miento termine mi tesis,feliz
que buena experiencia vivimos juntos y estoy muy contento,feliz
ahora mismo tengo miedo de fallar todo el tiempo,miedo
oye me tiene con los nervios destrozados y ya,miedo
hoy me rindo de intentarlo y no se que hacer,triste
te cuento que mi familia se fue a vivir lejos y me siento solo la verdad,triste
te juro que siento que nadie me toma en serio y no se que hacer,enojo
sinceramente me da mucho miedo enfrentar esta situacion y no puedo calmarlo,miedo
sinceramente estoy muy apagado sin poder sonreir de verdad,triste
me tiene muy angustiado esa situacion parce,miedo
no se me canse de ser el que siempre aguanta y ya,triste
no se si contarte pero cambiaron las reglas sin avisarme y no se como manejarlo,enojo
nadie entendio como me sentia la verdad,triste
fallecio alguien cercano y nadie lo sabe,triste
ultimamente me escribieron para disculparse y me alegro pero ya no puedo mas,feliz
la verdad es que siento tristeza y desesperanza ahora,triste
en serio perdi la materia que mas me esforcé y me afecta mucho,triste
es que vi las historias de todos y me senti muy mal la verdad,triste
honestamente estoy harto de esto y estoy cansado,enojo
la verdad me paraliza no saber cual es el camino correcto y me afecta,miedo
en serio me salio el negocio que queria de verdad,feliz
me di cuenta que nadie me busca si yo no busco y ya,triste
te digo que estoy muy emocionado con lo que viene sin duda,feliz
no puedo soportar esta situacion en serio,enojo
la verdad es que me preocupa haber dicho algo sin darme cuenta pero ya no puedo mas,miedo
en este momento no soporto esta situacion esta semana,enojo
lo que pasa es que me enfurece que actuen asi la verdad,enojo
me da pena decirlo pero me mandaron un mensaje muy agresivo y no lo digo seguido,enojo
ya no se que hacer y no se que hacer,triste
sinceramente siento que estoy de mas otra vez,triste
desde ayer me siento vacio y me duele mucho,triste
mira hoy descanse bien por primera vez en mucho tiempo,feliz
ahora mismo tengo mucho miedo y me afecta mucho,miedo
nadie me eligio para su equipo y me cuesta mucho,triste
oye me tiene completamente harto y no se que hacer,enojo
bro me siento muy bien con mi proceso y ya,feliz
sinceramente me siento muy mal por todo lo vivido y quisiera que no fuera así,triste
ultimamente no hubo trafico hoy,feliz
en este momento me siento vacio y me duele mucho,triste
sinceramente no se que quiero hacer con mi vida y no puedo evitarlo,miedo
hoy me siento muy vacio aunque tenga cosas que hacer y ya,triste
ahora mismo no se como va a terminar esto y no se que hacer,miedo
sinceramente no puedo creer que hayas hecho eso y no lo voy a tolerar,enojo
desde hace dias tengo miedo de que me rechacen si digo lo que pienso y no puedo evitarlo,miedo
sinceramente hoy el clima estuvo perfecto,feliz
llevo dias aguantando esto y ya no puedo y no puedo evitarlo,enojo
en serio me escribio la persona que me gusta y necesito que alguien me entienda,feliz
vieja quede muy contento con el resultado,feliz
es que por fin publique lo que venia trabajando de verdad,feliz
mira perdi mi negocio y no se como seguir pero bueno,triste
la verdad ya no somos lo que eramos y eso me entristece parce,triste
sinceramente estoy cansado mentalmente otra vez,triste
sinceramente estoy esperando una respuesta y me tiene nervioso otra vez,miedo
fijate que hoy no tengo que trabajar la verdad,feliz
lo que pasa es que siento que a nadie le importo y no se que hacer,triste
me duele mucho lo que ocurrio,triste
en serio que buena noticia me dieron hoy,feliz
en serio esto arruino mi dia de verdad,enojo
ya me canse de esto desde hace dias,enojo
la verdad me siento horrible por todo lo que paso,triste
el transporte salio tardisimo y llegue tarde por eso y eso me duele,enojo
me quede sin trabajo y no se que hacer pero bueno,triste
te cuento que el transporte salio tardisimo y llegue tarde por eso y me tiene mal,enojo
no te miento me da ansiedad abrir ese chat y no puedo evitarlo,miedo
ultimamente tengo miedo de que no me entiendan y me tiene agotado,miedo
te juro que alguien noto que estaba bien y me lo dijo y nadie lo entiende,feliz
mira me enfurece tu actitud y no lo voy a tolerar,enojo
la verdad me siento muy lejos de todos y ya,triste
no puedo evitar que estoy muy angustiado por todo esto,miedo
ultimamente nadie hace las cosas bien aqui otra vez,enojo
fijate que siento que me estoy quedando sin opciones sinceramente,miedo
para serte honesto me tiene completamente harto y no puedo evitarlo,enojo
sinceramente ya no hablo con alguien que queria mucho la verdad,triste
ahora mismo estoy disfrutando mucho otra vez,feliz
fijate que siento que no le importo a nadie de verdad y no se como manejarlo,triste
no puedo seguir por esa calle vacia y no lo puedo creer,miedo
la verdad tengo miedo de hablar y no se que hacer,miedo
desde hace dias estoy muy ilusionado con lo que viene pero no digo nada,feliz
no te miento cambiaron las reglas sin avisarme pero necesitaba decirlo,enojo
me aceptaron en la universidad de verdad,feliz
ultimamente todo me pesa demasiado y eso me pesa,triste
siento una ansiedad horrible en este momento y no se que hacer,miedo
en este momento me encanta este momento ultimamente,feliz
parce quede encantado con como salio todo pero bueno,feliz
para serte honesto me pidieron algo de ultimo momento y eso me tiene mal,enojo
te cuento que me llamaron de un numero desconocido la verdad,miedo
es que hicieron algo injusto y nadie dijo nada sinceramente,enojo
me siento solo y muy triste y me duele mucho,triste
para serte honesto me cancelaron a ultimo momento sinceramente,enojo
es que estoy con el animo muy por el piso y me cuesta mucho,triste
se aprovecharon de que no sabia y nadie lo sabe,enojo
mira no hubo trafico hoy,feliz
sinceramente me siento muy solo en esta ciudad,triste
fijate que tengo miedo de que todo cambie otra vez,miedo
la verdad es que me siento muy desanimado hoy,triste
ultimamente hoy me vi bien en el espejo y me gusto y me afecta,feliz
la verdad tengo miedo de equivocarme y arrepentirme despues,miedo
hoy no me toman en serio por mi edad,enojo
es que tengo miedo de que las cosas cambien de repente y no es facil admitirlo,miedo
estoy muy angustiado con las posibilidades de verdad,miedo
es que manana tengo una prueba importante y estoy nervioso y no puedo evitarlo,miedo
oye se aprovecharon de que no sabia y nadie lo sabe,enojo
es que me tiene muy irritado todo esto parce,enojo
me dieron la nota que esperaba y trato de disimularlo,feliz
mira me dejaron solo en esto y eso me pesa,triste
oye me da panico enviar ese mensaje y quedar mal,miedo
hoy esto es injusto en este momento,enojo
oye me pone muy nervioso tener que dar explicaciones de verdad,miedo
mira nada de lo que hago vale la pena y me afecta mucho,triste
sabes que estoy muy agradecido con todos y estoy muy contento,feliz
oye llegue y me dijeron que no habia cupo la verdad,enojo
tengo un miedo que no me deja pensar y eso me preocupa mucho,miedo
parce me pusieron a hacer el trabajo de todos,enojo
tengo miedo de que todo cambie de verdad,miedo
estoy muy cansado de lucharla solo y me cuesta mucho,triste
no te miento hice algo que me daba miedo y salio bien y eso me tiene mal,feliz
no se si contarte pero el profesor me humillo frente a todos de verdad,triste
ultimamente no se para donde voy y eso me asusta y me pone triste,triste
oye hoy llore sin saber por que sinceramente,triste
no te miento me asusta que piensen que soy raro de verdad,miedo
me dieron la visa y no puedo evitarlo,feliz
me hace muy feliz lo que hiciste y estoy muy agradecido,feliz
realmente me siento derrotado todo el tiempo,triste
me siento muy contento con todo sin duda,feliz
es que no se como decirlo sin que se enojen y no se que hacer,miedo
el silencio de esa persona me preocupa mucho,miedo
hoy me invitaron a algo importante pero necesitaba decirlo,feliz
hoy me siento motivado ultimamente,feliz
lo que pasa es que me preocupa tanto que no puedo dormir todo el tiempo,miedo
no tengo plan b si esto falla la verdad,miedo
siento un temor constante que no desaparece de verdad,miedo
me aterra no saber como va a terminar,miedo
para serte honesto me escribieron solo para reclamarme y eso me tiene mal,enojo
en serio mi equipo gano hoy y estoy feliz hermano,feliz
en este momento no se que va a pasar otra vez,miedo
de verdad estoy muy apagado y sin energia y quisiera que no fuera así,triste
no se si contarte pero me reconocieron el esfuerzo en el trabajo y nadie lo entiende,feliz
me fue bien en el icfes y no es facil,feliz
es que consegui el trabajo otra vez,feliz
en serio tengo miedo de que me vaya mal en las parciales hermano,miedo
oye me pone ansioso salir de casa,miedo
no te miento me pusieron en evidencia en un grupo de verdad,enojo
me tiene muy molesto que nadie haga nada,enojo
es que mi jefe quedo contento con mi trabajo y quisiera que alguien me ayudara,feliz
hermano me da muy duro enfrentar esa conversacion de verdad,miedo
lo que es cierto es que que buena noticia para terminar el dia y estoy muy agradecido,feliz
lo que pasa es que tengo miedo de lo que piensen de mi y me tiene mal,miedo
desde ayer que problema tan absurdo y no se que hacer,enojo
te cuento que siento que algo malo va a pasar y eso me pesa,miedo
hoy mi familia se fue a vivir lejos y me siento solo la verdad,triste
te juro que cambio su estado y supe que era por mi de verdad,triste
mira que descarado eres en serio,enojo
la verdad siento que me quede atras,triste
me da pena decirlo pero aprobe la materia que tenia perdida y me afecta mucho,feliz
hoy me tiene muy bajoneado lo que paso y no se que hacer,triste
te digo que siento que estoy decepcionando a todos men,triste
sinceramente me pidieron que fuera a recursos humanos y no se que hacer,miedo
estrene mi apartamento,feliz
sinceramente tengo miedo de que mis sueños no sean suficientes,miedo
me trataron diferente a los demas,enojo
en serio me tiene muy molesto que nadie haga nada y ya,enojo
me siento muy vacio aunque tenga cosas que hacer,triste
ahora mismo estoy muy preocupado desde hace dias,miedo
te juro que me bloquearon sin darme ninguna explicacion men,enojo
no te miento me toco vender el carro que tanto queria,triste
no te miento tengo panico de que me pregunten algo en clase,miedo
te digo que estoy re contento con todo y no puedo evitarlo,feliz
men subi una foto y me arrepenti de haberla subido la verdad,triste
sinceramente me descuentan del sueldo cosas que no firmé y no es facil,enojo
oye me tiene muy preocupado lo que esta pasando,miedo
que irresponsable eres con todo y punto,enojo
honestamente estas actuando muy mal y ya me canse,enojo
la verdad me tiene completamente harto y no lo puedo ocultar,enojo
el profesor me felicito por el trabajo sinceramente,feliz
sinceramente me tienen muy mamado con esa vuelta la verdad,enojo
es que nadie me escucha todo el tiempo,triste
mira lo que paso tengo panico de que me pregunten algo frente a todos y no se como manejarlo,miedo
en serio perdi tiempo en algo que no valio y me tiene mal,enojo
te juro que no supe como responder y ahora me arrepiento de verdad,triste
me bloquearon sin darme ninguna explicacion y me cuesta aceptarlo,enojo
la verdad me tiene muy irritado todo lo que esta pasando y no puedo evitarlo,enojo
tengo miedo de hablar,miedo
no te miento me siento re bien parce,feliz
en serio me hace feliz saber que estas bien y estoy muy contento,feliz
cambiaron todo sin avisarme y me afecta,enojo
me tiene muy preocupado lo que esta pasando y nadie lo sabe,miedo
vi que estaba en linea pero no me respondio y me afecta mucho,triste
no te miento me reconocieron el esfuerzo en el trabajo y me cuesta mucho,feliz
ahora mismo siento que el miedo no me deja avanzar,miedo
mira me siento muy perdido con mi vida de verdad,triste
en serio me mencionaron en algo que me puso en ridiculo,enojo
no se si contarte pero logre cerrar el trato que necesitaba y me cuesta mucho,feliz
la verdad manana tengo una prueba importante y estoy nervioso todo el tiempo,miedo
es que me reconocieron el esfuerzo en el trabajo y me cuesta mucho,feliz
tengo un mal presentimiento desde ayer la verdad,miedo
la verdad es que me tienes cansado con eso y eso no esta bien,enojo
ultimamente esto arruino mi dia todo el tiempo,enojo
te cuento que eso me pone muy furioso parce la verdad,enojo
oye lei el mensaje mal y arruine todo y no es facil admitirlo,triste
estoy agotado emocionalmente,triste
sinceramente por fin me contestaron y no se que hacer,feliz
tengo un miedo que no me deja pensar y no puedo calmarlo,miedo
es que me tienen muy hastiado con lo mismo parce,enojo
mira me agota tu comportamiento y no lo voy a tolerar,enojo
mira me hicieron fila tres horas y no me atendieron y me tiene mal,enojo
sinceramente me siento lleno de energia ultimamente,feliz
oye hoy hice algo que me daba mucho miedo y salio bien y me cuesta aceptarlo,feliz
la verdad es que se burlaron de algo que me costo decir,enojo
te digo que estoy muy bajoneado con todo y quisiera que no fuera así,triste
la verdad es que nadie noto que algo me pasaba sinceramente,triste
sinceramente no puedo mas con tanto y eso me pesa,triste
oye pude decir lo que sentia sin miedo y quisiera que alguien me ayudara,feliz
ahora mismo no entendi el tono del mensaje y me confundi sinceramente,triste
honestamente no puedo soportar esta situacion y punto,enojo
en serio me entristece mucho la distancia entre nosotros y no lo puedo superar,triste
ahora mismo hoy fue un mal dia esta semana,triste
en serio el resultado me tiene muy angustiado y no puedo evitarlo,miedo
sinceramente estoy muy molesto con lo que hicieron,enojo
te digo que siento que si me equivoco no hay vuelta atras,miedo
me hablaron como si fuera tonto sinceramente,enojo
no te miento logre ahorrar lo que necesitaba y ya,feliz
ultimamente siento que finjo estar bien tan seguido que ya ni se de verdad,triste
bro tengo miedo de que mis sueños no sean suficientes y no puedo evitarlo,miedo
ultimamente estoy harto de esto otra vez,enojo
te cuento que me faltaron el respeto y eso me pesa,enojo
lo que pasa es que me senti aceptado como soy y no se que hacer,feliz
la verdad me preocupa tanto que no puedo dormir todo el tiempo,miedo
definitivamente estoy muy enojado y eso empeora todo,enojo
te digo que tengo una angustia enorme en este momento y me tiene muy nervioso,miedo
te cuento que me tiene muy apagado esta situacion de verdad,triste
para serte honesto dijeron cosas que no son verdad sobre mi y eso me pesa,enojo
ahora mismo me hicieron perder el tiempo en este momento,enojo
estoy lleno de energia y alegria en serio,feliz
sinceramente me preocupa no poder lograrlo y me afecta mucho,miedo
no te miento siento que las cosas mejoran y es agotador,feliz
mira me toco vender el carro que tanto queria y ya,triste
lo que pasa es que me entristece mucho la situacion y quisiera que no fuera así,triste
mira no aguanto mas esta situacion y no lo voy a tolerar,enojo
hoy me tiene muy intranquilo todo esto pero bueno,miedo
no tenemos para el arriendo este mes y no puedo evitarlo,triste
hoy me canse de ser el que siempre aguanta la verdad,triste
hoy estoy muy emocionado con lo que viene y no se que hacer,feliz
parce me siento muy solo en esta ciudad de verdad,triste
no puedo creer que que manera tan irresponsable de actuar y eso no esta bien,enojo
la verdad me siento lleno de energia ultimamente,feliz
hoy estoy realmente indignado,enojo
en serio me da ansiedad abrir ese chat y trato de disimularlo,miedo
te cuento que me hablaron muy feo sin ninguna razon hermano,enojo
te cuento que me salio el traslado que pedi y no puedo evitarlo,feliz
me dijeron que era muy sensible por sentirme mal y no puedo evitarlo,enojo
sinceramente estoy demasiado preocupado todo el tiempo,miedo
me reportaron sin motivo y me bloquearon la cuenta la verdad,enojo
hoy hoy fue maravilloso y me afecta mucho,feliz
no puedo creer que no se como aguantarte tanto y me parece muy mal,enojo
que descaro tan grande el de esa gente pero bueno,enojo
me da miedo no poder controlarlo,miedo
hoy me da terror decepcionar a alguien que confio en mi sinceramente,miedo
mira tengo miedo de tomar la decision equivocada y me afecta mucho,miedo
fijate que se rieron de como me exprese y me cuesta mucho,enojo
la verdad hicieron lo que quisieron sin preguntarme nada,enojo
te juro que no puedo creer lo que hiciste de verdad,enojo
te juro que me tratan diferente y no entienden por que me molesta y no se que hacer,enojo
tengo miedo de que no me entiendan pero necesitaba decirlo,miedo
no se si voy a poder con esto y me afecta mucho,miedo
en este momento todo esta empeorando,triste
me duele mucho esta situacion y no lo puedo superar,triste
te cuento que me fallaron cuando mas los necesitaba otra vez,triste
la verdad es que estoy muy contento con el resultado y estoy muy contento,feliz
mira no se si lo que estoy haciendo es lo correcto y nadie lo entiende,miedo
oye mi pareja me sorprendio y me afecta mucho,feliz
oye hicimos sancocho en familia y fue muy rico,feliz
la verdad me siento orgulloso de donde estoy,feliz
en serio siento que no soy tan inteligente como los demas y no es facil admitirlo,triste
es que la incertidumbre me tiene paralizado y es agotador,miedo
me pone muy ansioso pensar en eso la verdad,miedo
la verdad tengo ansiedad desde hace dias,miedo
ahora mismo perdi una oportunidad importante y es agotador,triste
te digo que me di cuenta que nadie me busca si yo no busco y no es facil,triste
ahora mismo tuve que repetir lo mismo mil veces y me tiene mal,enojo
fijate que siento que las cosas mejoran todo el tiempo,feliz
hoy hoy me vi bien en el espejo y me gusto,feliz
no te miento me salio rico lo que cocine pero no digo nada,feliz
tengo miedo de que me cancelen por algo que dije de verdad,miedo
no voy a seguir aguantando esto en serio,enojo
oye me da terror que noten que estoy nervioso y nadie lo entiende,miedo
lo que pasa es que me duele mucho lo que significa esto,triste
es que me cobraron de mas y no me quieren devolver,enojo
hoy no me puedo quitar esa preocupacion de encima y no es facil,miedo
realmente siento demasiado temor,miedo
sinceramente el resultado me tiene muy angustiado de verdad,miedo
la verdad me hicieron fila tres horas y no me atendieron la verdad,enojo
me da pena decirlo pero me fue muy mal en el examen pero ya no puedo mas,triste
te cuento que quede encantado con como salio todo y no es facil,feliz
ultimamente me tratan diferente y no entienden por que me molesta y nadie lo entiende,enojo
la verdad me prometieron el trabajo y al final le dieron a otro y me cuesta mucho,enojo
la verdad hoy fue un mal dia otra vez,triste
la verdad vi que me sacaron de un grupo y no dije nada de verdad,triste
parce me siento muy solo en esta ciudad pero bueno,triste
desde hace dias tengo un presentimiento muy malo y es agotador,miedo
no te miento estoy muy bravo con lo que paso y nadie lo sabe,enojo
la verdad tengo ansiedad por lo que viene por todo lo que paso,miedo
en serio estoy muy ido hoy no se que me pasa y ya,triste
de verdad que dia tan especial fue hoy para mi,feliz
no se como va a terminar esto la verdad,miedo
estoy muy alegre con lo que vivo y es lo mejor que me paso,feliz
en serio me dijeron que era muy sensible por sentirme mal y trato de disimularlo,enojo
hoy tengo panico de fallar frente a todos y eso me pesa,miedo
sinceramente siento una rabia que no te imaginas,enojo
ultimamente no se como va a terminar esto y no lo puedo ocultar,miedo
oye me bloqueo sin darme una explicacion y no es facil admitirlo,triste
la verdad es que me da terror pensar en esa posibilidad,miedo
hoy me preocupa no poder pagar el arriendo el otro mes de verdad,miedo
desde ayer me siento orgulloso por todo lo que paso,feliz
para serte honesto me bloqueo sin darme una explicacion sinceramente,triste
me entristece mucho la situacion y me duele mucho,triste
desactive mis redes porque me hacian sentir mal,triste
la verdad estoy muy molesto con lo que hicieron la verdad,enojo
fijate que me mandaron de una oficina a otra sin solucion y me afecta,enojo
no puedo evitar que siento una ansiedad tremenda ahora y me tiene muy nervioso,miedo
fijate que estoy re contento con todo,feliz
lo que pasa es que me faltaron el respeto y necesito que alguien me entienda,enojo
es que hicieron lo que quisieron sin preguntarme nada de verdad,enojo
ultimamente tengo miedo de que me juzguen y me tiene mal,miedo
siento demasiado temor en este momento,miedo
hoy todo me irrita todo el tiempo,enojo
la verdad me salio redondo todo hoy,feliz
sabes que estoy lleno de felicidad ahora mismo en serio,feliz
no se me di cuenta que nadie me busca si yo no busco,triste
ahora mismo el resultado me tiene muy angustiado,miedo
no se si contarte pero no supe si era una broma o algo serio y no se como manejarlo,triste
sinceramente siento que el tiempo se me acaba y no he hecho nada y nadie lo entiende,miedo
me toco dejar los estudios por plata,triste
parce no alcance el cupo en la universidad publica y ya,triste
ahora mismo no soporto esta situacion ultimamente,enojo
la verdad me borraron un comentario que tenia toda la razon y no se que hacer,enojo
logre lo que queria y no puedo evitarlo,feliz
desde ayer esto me molesta demasiado otra vez,enojo
ahora mismo aprobe la materia que tenia perdida y me cuesta mucho,feliz
te digo que me dieron acceso a la oportunidad que queria,feliz
en este momento estoy muy contento con todo lo que paso,feliz
ultimamente no se si voy a poder con esto y eso me pesa,miedo
no me puedo quitar esa preocupacion de encima parce,miedo
es que tengo panico de que me pregunten algo en clase la verdad,miedo
la verdad es que me duele mucho saber que ya no esta y no se como seguir,triste
sabes que que buena noticia para empezar el dia,feliz
en serio estoy muy contento con los avances,feliz
men me da ansiedad ver cuanta gente vio mi historia,miedo
me cambiaron el turno sin avisarme pero bueno,enojo
oye no logre lo que esperaba y eso me pesa,triste
no puedo respirar bien,miedo
parce me tienen hasta la coronilla y nadie lo sabe,enojo
oye me dicen que exagero cuando digo como me siento y ya,enojo
sinceramente estoy pasando un gran momento en este momento,feliz
te cuento que me trataron diferente a los demas pero bueno,enojo
ahora mismo todo esta mejorando y eso me alegra,feliz
la verdad es que me saca de quicio tu actitud y eso no esta bien,enojo
en serio me siento muy lejos de ser feliz y me afecta mucho,triste
la verdad es que me enoja mucho lo que dijiste sin excusas,enojo
en serio me pidieron algo de ultimo momento y me cuesta mucho,enojo
sinceramente todo esta funcionando bien desde hace dias,feliz
mira me cancelaron a ultimo momento y no lo puedo ocultar,enojo
hoy me pone muy nervioso tener que dar explicaciones,miedo
ultimamente me tiene angustiado no saber que va a pasar y me afecta mucho,miedo
me pidieron que fuera a una reunion sin decirme de que la verdad,miedo
mira estoy muy nervioso con esa vuelta y eso me duele,miedo
te digo que no entiendo como la gente puede ser asi y nadie lo entiende,enojo
hoy me tiene muy molesto que nadie haga nada men,enojo
en serio siento que perdi algo muy importante de verdad,triste
me entristece mucho lo que paso y no se como seguir,triste
mira estoy cansado de aparentar que todo esta bien y nadie lo entiende,triste
fijate que vi algo que me dejo muy intranquilo y me tiene mal,miedo
me ignoraron cuando tenia razon y es agotador,enojo
parce mi familia esta pasando un momento muy dificil la verdad,triste
no te miento me tiene muy enojado esa situacion,enojo
mira mi pareja me sorprendio y me tiene mal,feliz
bro me da miedo decepcionarme a mi mismo,miedo
oye me da muy duro enfrentar esa conversacion,miedo
hoy todo salio perfecto desde hace dias,feliz
hoy me dijeron que era mi culpa cuando no lo era y ya,enojo
me siento excelente hoy en este momento,feliz
lo que pasa es que me da mucho miedo entrar al salon y que todos me miren y me cuesta mucho,miedo
mira hicimos una reunioncita y quedo muy buena de verdad,feliz
no te miento me pone muy ansioso pensar en eso y eso me duele,miedo
la verdad manana es el dia y no estoy listo de verdad,miedo
la verdad es que siento que todo se fue y no volvera y quisiera que no fuera así,triste
la verdad todo salio perfecto otra vez,feliz
te cuento que me llegó una carta del juzgado y no se que es parce,miedo
la verdad me da ansiedad publicar algo y que lo juzguen y me tiene pensando mucho,miedo
las cosas estan saliendo como quiero y me tiene mal,feliz
estoy con el animo muy por el piso y no puedo evitarlo,triste
definitivamente me duele mucho esto ultimamente,triste
ultimamente me siento derrotado por todo lo que paso,triste
me interrumpieron cada vez que hable y nadie lo entiende,enojo
mira me siento desconectado de todo y necesito que alguien me entienda,triste
lo que pasa es que ya me canse de repetirte lo mismo y no lo voy a tolerar,enojo
no alcance el cupo en la universidad publica y ya,triste
fijate que manana tengo una prueba importante y estoy nervioso,miedo
ultimamente todo me fastidia y me afecta mucho,enojo
en serio hicieron como si yo no existiera en la reunion y trato de disimularlo,enojo
no puedo seguir por esa calle vacia y no sé qué hacer,miedo
en este momento odio esta situacion esta semana,enojo
es que eres un maleducado sin remedio en serio,enojo
que situacion tan frustrante esta sin excusas,enojo
ultimamente todo esta mal organizado y necesito que alguien me entienda,enojo
en este momento no quiero salir solo en este momento,miedo
ahora mismo me siento muy triste otra vez,triste
te digo que tengo miedo de no poder salir adelante,miedo
sinceramente me quitaron el like y eso me bajo el animo de verdad,triste
mira me da susto pedir el favor porque me da pena y nadie lo sabe,miedo
mi abuelo ya no esta y me afecta,triste
men subi algo y nadie reacciono y me senti invisible y no se que hacer,triste
realmente estoy pasando un gran momento desde hace dias,feliz
sinceramente siento una inquietud muy grande ahora y eso me preocupa mucho,miedo
aprobe todas las materias este semestre y eso me duele,feliz
es que tengo un mal presentimiento con eso y no se que hacer,miedo
hoy siento que todos avanzan menos yo y nadie lo entiende,triste
lo que es cierto es que estoy lleno de energia y alegria y estoy muy agradecido,feliz
lo que pasa es que termino mi carrera y es agotador,feliz
ahora mismo todo esta empeorando desde hace dias,triste
me tienes harto de verdad y eso no esta bien,enojo
tengo miedo de fallar y no se que hacer,miedo
fijate que me interrumpieron todo el tiempo y es agotador,enojo
no te miento tengo miedo de que me alejen si se dan cuenta como soy y no lo digo seguido,miedo
en serio me trataron como si yo fuera el problema y me cuesta mucho,enojo
me dejo mi novio y estoy muy mal pero bueno,triste
en este momento todo me fastidia y me afecta mucho,enojo
para serte honesto me mintieron en mi cara y no puedo evitarlo,enojo
lo que pasa es que me echaron la culpa de algo que no hice y eso me pesa,enojo
es que siento que me estoy quedando sin opciones y no puedo evitarlo,miedo
te digo que me da mucho miedo enfrentar esta situacion,miedo
no puedo evitar que estoy muy asustado con lo que se avecina y no se que hacer,miedo
mira lo que paso me prometieron que no volveria a pasar y no lo digo seguido,enojo
mira lo que paso tengo miedo de caerle mal sin querer y no se como manejarlo,miedo
hoy fue un dia muy chévere y ya,feliz
la verdad es que siento una pena muy honda en mi y me duele mucho,triste
oye me aceptaron en la universidad y no puedo evitarlo,feliz
ultimamente estoy pasando un gran momento y me afecta mucho,feliz
mira me puse muy feliz con eso parce pero bueno,feliz
hoy me case hoy y me afecta,feliz
me frustra muchisimo esto y no lo entiendo,enojo
desde hace dias hoy no tengo que trabajar,feliz
lo que pasa es que hable con alguien nuevo y no fue tan malo y no se que hacer,feliz
pude decir lo que sentia sin miedo y no es facil admitirlo,feliz
de verdad me siento muy triste y sin motivacion y me duele mucho,triste
lo que pasa es que nadie hace las cosas bien aqui y no se que hacer,enojo
lo que pasa es que me frustras mucho con eso sin excusas,enojo
hoy me dejo mi novio y estoy muy mal y me tiene mal,triste
ultimamente dije algo que no quise decir y no se como explicarlo y no puedo evitarlo,triste
mira me ignoraron cuando tenia toda la razon la verdad,enojo
fijate que hicieron como si yo no existiera en la reunion y no se que hacer,enojo
realmente estoy cansado mentalmente esta semana,triste
siento una preocupacion enorme ahora y no puedo calmarlo,miedo
sinceramente me siento realizado,feliz
no voy a permitir que me hagas eso de verdad,enojo
que dia tan productivo tuve hoy en serio,feliz
desde ayer estoy cansado mentalmente por todo lo que paso,triste
no te miento tengo miedo de que me vaya mal en las parciales la verdad,miedo
quede encantado con como salio todo y no puedo evitarlo,feliz
sinceramente me prometieron el trabajo y al final le dieron a otro y me cuesta mucho,enojo
mira lo que paso me echaron la culpa de lo que salio mal de verdad,enojo
la verdad me rindo de intentarlo y me afecta mucho,triste
estoy muy cansado de lucharla solo y nadie lo sabe,triste
desde ayer estoy disfrutando mucho otra vez,feliz
es que me frustra muchisimo esto,enojo
hoy me siento muy feliz otra vez,feliz
me siento muy bien con mi proceso y me tiene pensando mucho,feliz
estoy muy apagado y sin energia y no se como seguir,triste
es que todo esta fluyendo muy bien ultimamente y nadie lo entiende,feliz
lo que pasa es que tengo los mejores amigos y es agotador,feliz
sinceramente fuimos a la finca y fue muy bacano la verdad,feliz
ultimamente me siento motivado con todo lo que paso,feliz
es que me aterra quedarme sin opciones y no puedo calmarlo,miedo
no se si voy a poder con lo que viene pero bueno,miedo
fijate que no me dejaron hablar y no se que hacer,enojo
ultimamente me trataron como si no existiera pero no digo nada,enojo
ahora mismo me encanta este momento ultimamente,feliz
fijate que siento que nadie me toma en serio y no se que hacer,enojo
en serio me siento desconectado de todo y me tiene mal,triste
te cuento que no tengo plan b si esto falla pero bueno,miedo
te digo que que alegria tan grande siento,feliz
desde hace dias me cambiaron el trabajo sin consultarme pero necesitaba decirlo,enojo
sinceramente me asusta que piensen que soy raro y me pesa cargarlo solo,miedo
hoy si me cai en el trabajo y no lo puedo creer,triste
sinceramente tengo panico de que algo me pase y no puedo calmarlo,miedo
mira tengo un mal presentimiento con eso,miedo
de verdad estoy lleno de felicidad ahora mismo y no lo puedo creer,feliz
parce me pusieron a hacer el trabajo de todos y ya,enojo
vieja ya no somos lo que eramos y eso me entristece,triste
te digo que estoy muy asustado con las noticias y no se que hacer,miedo
ultimamente estoy agotado emocionalmente por todo lo que paso,triste
en serio tengo miedo de que me rechacen si digo lo que pienso parce,miedo
vieja que descaro tan grande el de esa gente parce,enojo
en serio no se si voy a poder con esto y no puedo evitarlo,miedo
ahora mismo me siento nervioso por todo lo que pasa,miedo
si me cai en el trabajo y me afectó mucho,triste
hoy siento que algo esta pasando y nadie me dice que sinceramente,miedo
hoy que buen resultado tuvimos hoy y no lo puedo creer,feliz
se llevaron el credito de lo que yo hice y necesito que alguien me entienda,enojo
no te miento ya no hablo con mi parcero de toda la vida y me tiene mal,triste
ahora mismo odio esta situacion todo el tiempo,enojo
para serte honesto no me merecia este trato y es agotador,enojo
hoy todo me genera ansiedad ultimamente y no puedo evitarlo,miedo
sinceramente me siento vacio desde hace dias,triste
me asusta mucho lo que podria pasar y me tiene muy nervioso,miedo
te cuento que me aterra quedar mal frente a todos la verdad,miedo
ahora mismo me siento incomodo con esto otra vez,miedo
honestamente que descarado eres en serio y eso no esta bien,enojo
mira me tocó repetir el tramite porque perdieron mis papeles y no se que hacer,enojo
en serio me entristece mucho la situacion de verdad,triste
definitivamente me duele mucho esto esta semana,triste
en serio me tiene angustiado no saber que va a pasar la verdad,miedo
es que tengo ansiedad de pensar en todo lo que falta men,miedo
te juro que tengo ansiedad de pensar en todo lo que falta bro,miedo
oye me puse a pensar en lo peor y no puedo parar la verdad,miedo
ultimamente todo me da miedo,miedo
mira quedamos de una con el plan,feliz
desde hace dias no se si voy a poder con esto y me afecta mucho,miedo
me duele mucho haberlo perdido y no lo puedo superar,triste
me quitaron el like y eso me bajo el animo y no puedo evitarlo,triste
ultimamente tengo miedo de decepcionar a todos y eso me pesa,miedo
me da miedo decepcionarme a mi mismo y no es facil,miedo
lo que pasa es que que fastidio me da esta situacion en serio,enojo
lo que pasa es que publicaron algo mio sin pedirme permiso y no se como manejarlo,enojo
la verdad me graduo este mes y necesito que alguien me entienda,feliz
parce me siento muy solo en esta ciudad y me cuesta mucho,triste
sinceramente me da mucha rabia por todo lo que paso,enojo
realmente siento demasiado temor en este momento,miedo
para serte honesto quise decir algo pero no encontre las palabras y no se como manejarlo,triste
estrene mi apartamento de verdad,feliz
hicimos sancocho en familia y fue muy rico y me tiene mal,feliz
es que no alcance el cupo en la universidad publica la verdad,triste
siento mucho miedo en este momento y eso me preocupa mucho,miedo
lo que pasa es que hice algo que me daba miedo y salio bien y nadie lo entiende,feliz
es que hicieron como si yo no existiera en la reunion y no es facil admitirlo,enojo
oye me cancelaron la cita sin avisar y me tiene mal,enojo
hoy nada tiene sentido esta semana,triste
desde ayer me siento incomodo con esto por todo lo que paso,miedo
es que me robaron el celular y estoy muy mal y ya,triste
estoy muy nervioso con esta situacion,miedo
hoy me dejaron solo en esto,triste
el transporte salio tardisimo y llegue tarde por eso y nadie lo sabe,enojo
hoy no se si lo que estoy haciendo es lo correcto de verdad,miedo
ahora mismo perdi algo muy importante y no puedo evitarlo,triste
es que mi grupo hizo el trabajo sin contar conmigo y quisiera que alguien me ayudara,triste
sinceramente estoy muy decaido y no quiero hablar y no lo puedo superar,triste
oye me dieron el viernes libre y trato de disimularlo,feliz
sinceramente estoy muy triste con lo que resulto y quisiera que no fuera así,triste
en serio alguien me entendio sin que yo explicara mucho pero ya no puedo mas,feliz
la verdad todo esta fluyendo muy bien ultimamente,feliz
en serio me entristece mucho la distancia entre nosotros y no se como seguir,triste
te juro que no se si estan enojados conmigo o es mi imaginacion y trato de disimularlo,miedo
la verdad tengo que entregar algo mañana y no empece y no lo puedo creer,miedo
hoy nadie entendio como me sentia y necesito que alguien me entienda,triste
fijate que estoy rodeado de gente y me siento solo y me afecta mucho,triste
hoy me da demasiada rabia ultimamente,enojo
no te miento me descuentan del sueldo cosas que no firmé parce,enojo
en serio hoy me senti muy bien conmigo mismo men,feliz
hoy estoy cansado mentalmente desde hace dias,triste
sinceramente estoy muy triste y sin animo de nada de verdad,triste
lo que pasa es que sonrei todo el tiempo pero por dentro lloraba y nadie lo entiende,triste
oye no me puedo quitar esa preocupacion de encima,miedo
fijate que me toco vender el carro que tanto queria y no se que hacer,triste
sinceramente me mintieron descaradamente en la cara y eso me duele,enojo
sinceramente nada tiene sentido en este momento,triste
es que me salio redondo todo hoy pero bueno,feliz
fijate que me siento muy solo en esta ciudad pero bueno,triste
me puse muy feliz con eso parce y ya,feliz
desde ayer que problema tan absurdo otra vez,enojo
es que me respondieron con mala actitud sin razon y no se como manejarlo,enojo
mira lo que paso cambio su estado y supe que era por mi y no lo digo seguido,triste
mira el resultado me tiene muy angustiado y ya,miedo
la verdad tengo miedo de que sea algo grave y no puedo evitarlo,miedo
en serio me quede callado cuando debi haber hablado y me afecta mucho,triste
sinceramente ya no aguanto esta situacion y necesito que alguien me entienda,enojo
es que me llamaron para el trabajo en medellin y no puedo evitarlo,feliz
no te miento tengo panico de fallar frente a todos y no lo puedo ocultar,miedo
en serio tengo panico de que me pregunten algo en clase y me cuesta mucho,miedo
la verdad todo me hace enojar desde hace dias,enojo
la verdad es que estoy muy contento con mi progreso sin duda,feliz
es que no alcance el cupo en la universidad publica,triste
desde hace dias me duele el alma y no se que hacer,triste
oye eres una persona muy egoista sin excusas,enojo
no duermo de la preocupacion,miedo
hoy no se que va a pasar ultimamente,miedo
desactive mis redes porque me hacian sentir mal y me tiene pensando mucho,triste
me siento muy contento con la vida y no lo puedo creer,feliz
la verdad me pone ansioso salir de casa y me tiene mal,miedo
te digo que vi que me sacaron de un grupo y no dije nada men,triste
por fin publique lo que venia trabajando y no es facil,feliz
de verdad me duele mucho lo que dijiste y no se como seguir,triste
es que no se si lo que estoy haciendo es lo correcto y no se que hacer,miedo
estoy muy apenado con lo que resulto y no lo puedo superar,triste
parce hoy me senti muy a gusto con todo la verdad,feliz
sinceramente me tiene muy cansado esa actitud y no se que hacer,enojo
men tengo panico de fallar cuando todos confian en mi,miedo
hoy si esto no funciona no se que voy a hacer,miedo
oye me llegó una carta del juzgado y no se que es y me cuesta mucho,miedo
en serio hoy me senti muy bien conmigo mismo de verdad,feliz
mira me angustia pensar que quiza elegi mal mi carrera y ya,miedo
me pone muy nervioso tener que dar explicaciones pero bueno,miedo
sabes que me alegra que todo haya salido bien de verdad,feliz
para serte honesto siento que a nadie le importo y no se que hacer,triste
no se si contarte pero por fin me contestaron y no es facil admitirlo,feliz
sinceramente mi familia estuvo muy unida hoy y me tiene mal,feliz
en serio me mintieron descaradamente en la cara y nadie lo sabe,enojo
fijate que me comparan con otros y eso me molesta mucho de verdad,enojo
es que me siento completo y no lo puedo ocultar,feliz
mira me tiene muy triste esta vuelta de verdad,triste
parce me hicieron fila tres horas y no me atendieron y no puedo evitarlo,enojo
desde hace dias no se si ese mensaje significaba lo que creo y quisiera que alguien me ayudara,miedo
mira me echaron la culpa de algo que no hice y ya,enojo
lo que es cierto es que que dia tan exitoso fue hoy en serio,feliz
mira por fin me salio el pasaporte y no se que hacer,feliz
definitivamente estoy muy contento y me encanta,feliz
mira tuve que dejar mis estudios la verdad,triste
me angustia no saber como interpretar eso y no puedo evitarlo,miedo
definitivamente me siento tranquilo y feliz esta semana,feliz
desde hace dias me dijeron que me quieren y me tiene mal,feliz
mira me contactaron por mi trabajo y quede feliz y me afecta,feliz
definitivamente tengo ansiedad ultimamente,miedo
te cuento que me siento desconectado de todo sinceramente,triste
desde hace dias me cancelaron a ultimo momento pero no digo nada,enojo
hoy siento que voy a fallar manana la verdad,miedo
sinceramente me molesta mucho que hagas eso sin excusas,enojo
hoy tengo panico y no se que hacer,miedo
sinceramente termine mi tesis y me afecta,feliz
es que siento que la estoy embarrando en todo y ya,triste
para serte honesto hoy descanse muy bien todo el tiempo,feliz
en este momento me siento derrotado otra vez,triste
en este momento nada tiene sentido en este momento,triste
hoy me siento muy triste otra vez,triste
sinceramente estoy apostando todo a esto y ya,miedo
mira me enfurece que actuen asi y no se que hacer,enojo
hoy termine la semana sin ningun problema y eso me tiene mal,feliz
oye me eliminaron del grupo sin decir nada y no se que hacer,enojo
fijate que me da terror que noten que estoy nervioso y me cuesta mucho,miedo
me da mucha alegria saber eso y es lo mejor que me paso,feliz
te juro que me copiaron el trabajo y lo publicaron como propio y me pesa cargarlo solo,enojo
desde ayer todo salio mal en este momento,triste
oye pase el dia en cama y ya,triste
en serio estoy muy feliz con mis logros y estoy muy agradecido,feliz
fijate que que mal tipo,enojo
la verdad es que mi grupo hizo el trabajo sin contar conmigo y quisiera que alguien me ayudara,triste
es que mi mejor amigo se fue para otro pais,triste
la verdad me tiene muy triste esta vuelta,triste
me angustia saber que todo queda guardado en internet y me afecta,miedo
mi abuelo ya no esta,triste
te digo que ya no tengo energia para nada de lo que antes me gustaba y ya,triste
hoy me tiene muy irritado todo esto de verdad,enojo
mira lo que paso hoy fui honesto y salio bien y nadie lo entiende,feliz
te cuento que hoy fue un parche buenisimo y no es facil,feliz
definitivamente me siento orgulloso y no se que hacer,feliz
me pelee con mi mejor amigo y me duele mucho y no se que hacer,triste
bro tengo miedo de tomar una decision y que salga mal de verdad,miedo
fijate que estoy muy nervioso con esa vuelta la verdad,miedo
ultimamente vi que estaba en linea pero no me respondio y no puedo evitarlo,triste
ahora mismo me preocupa el futuro por todo lo que paso,miedo
no te miento publicaron algo mio sin pedirme permiso y no puedo evitarlo,enojo
mira lo que paso me mandaron un mensaje muy agresivo de verdad,enojo
me decepciono mucho lo que hiciste y no lo voy a tolerar,enojo
lo que pasa es que se rieron de como me exprese y no se como manejarlo,enojo
ahora mismo me enfurece que actuen asi y no se que hacer,enojo
hoy me preocupa el futuro por todo lo que pasa,miedo
me da pena decirlo pero me saco del grupo sin razon y me cuesta mucho,triste
definitivamente estoy agradecido por todo,feliz
en serio siento que algo malo va a pasar y no lo puedo ocultar,miedo
ahora mismo estoy muy ilusionado con lo que viene la verdad,feliz
mi jefe quedo contento con mi trabajo y nadie lo entiende,feliz
en serio me pidieron que fuera a recursos humanos de verdad,miedo
la verdad es que me alegra mucho el resultado final y estoy muy agradecido,feliz
para serte honesto me trataron muy mal sin razon y no puedo evitarlo,enojo
me da pena decirlo pero me da terror decepcionar a alguien que confio en mi y no es facil admitirlo,miedo
me siento muy lejos de todos y ya,triste
no te miento publicaron algo mio sin pedirme permiso y me cuesta mucho,enojo
me cambiaron el trabajo sin consultarme y me afecta mucho,enojo
hermano me embargaron la cuenta y no entiendo por que parce,miedo
sinceramente tuve que dejar mis estudios y ya,triste
oye mi familia esta bien,feliz
sinceramente me siento lleno de energia con todo lo que paso,feliz
realmente me preocupa demasiado esto y me afecta mucho,miedo
lo que pasa es que me mandaron un mensaje muy agresivo pero ya no puedo mas,enojo
no te miento no tenemos para el arriendo este mes y no se que hacer,triste
me duele mucho haber llegado a esto y quisiera que no fuera así,triste
la verdad me siento completo y me tiene mal,feliz
hermano me pidieron que fuera a recursos humanos,miedo
desde ayer me da mucha rabia,enojo
que buen resultado tuvimos hoy y es lo mejor que me paso,feliz
no se si contarte pero me subieron el sueldo pero necesitaba decirlo,feliz
sinceramente tengo panico en este momento,miedo
es que me siento muy achantado hoy y nadie lo sabe,triste
estoy muy bravo con lo que paso hermano,enojo
realmente me siento vulnerable por todo lo que paso,miedo
sinceramente siento que todo se fue y no volvera y me duele mucho,triste
la verdad siento que no tengo control de nada y no se que hacer,miedo
ahora mismo hicieron como si yo no existiera en la reunion de verdad,enojo
es que salimos a rumbear y la pase muy bien y no se que hacer,feliz
tengo miedo de que me quiten el trabajo parce,miedo
vieja me dejo mi novio y estoy muy mal hermano,triste
hoy me fue de pelos la verdad,feliz
me da mucha pena decirle eso a la gente la verdad,miedo
te digo que me da ansiedad ver cuanta gente vio mi historia pero bueno,miedo
ultimamente no se que va a pasar con mi vida y eso me pesa,miedo
se rieron de como me exprese de verdad,enojo
siento un miedo terrible ahora mismo de verdad,miedo
hoy no entendi bien el tono y eso me tiene angustiado y trato de disimularlo,miedo
te cuento que tengo un mal presentimiento desde ayer,miedo
sinceramente esto es injusto desde hace dias,enojo
lo que pasa es que siento que no soy tan inteligente como los demas y no lo digo seguido,triste
te juro que mi grupo hizo el trabajo sin contar conmigo y me afecta mucho,triste
no puedo evitar que estoy muy asustado y no se que hacer,miedo
la verdad es que estoy muy asustado con lo que dijiste y no se que hacer,miedo
la verdad es que que bonito momento vivimos hoy,feliz
es que me mandaron buenas noticias por whatsapp y no es facil admitirlo,feliz
hoy me tiene muy bravo la falta de respeto,enojo
te cuento que me gane una chamba buenisima parce,feliz
ultimamente todo esta funcionando bien otra vez,feliz
la verdad es que que rabia me da todo esto sin excusas,enojo
me mintieron descaradamente en la cara,enojo
la verdad tengo panico de fallar frente a todos y es agotador,miedo
mira lo que paso tengo miedo de caerle mal sin querer y quisiera que alguien me ayudara,miedo
no se si contarte pero logre terminar algo que habia dejado pendiente y quisiera que alguien me ayudara,feliz
me siento muy bien con todo en serio,feliz
desde hace dias tengo miedo de que me alejen si se dan cuenta como soy y eso me tiene mal,miedo
te juro que tengo miedo de equivocarme y arrepentirme despues y me afecta,miedo
me siento motivado y no se que hacer,feliz
lo que pasa es que me asusta pensar en el futuro la verdad,miedo
te digo que estoy muy asustado y no se que hacer,miedo
me siento increible esta semana,feliz
la verdad es que dije algo que no quise decir y no se como explicarlo y me tiene agotado,triste
sinceramente me siento incomodo con esto en este momento,miedo
te digo que siento que todos avanzan menos yo pero bueno,triste
la verdad es que siento panico de lo que puede ocurrir,miedo
sinceramente me saca de quicio todo esto y es agotador,enojo
para serte honesto me cobraron de mas sin avisar,enojo
la verdad mi abuelo ya no esta sinceramente,triste
ahora mismo me rechazaron y duela mucho y ya,triste
es que ya no hablo con alguien que queria mucho la verdad,triste
siento que no tengo proposito y me cuesta aceptarlo,triste
te cuento que todo el mundo sigue y yo estoy quieto de verdad,triste
sinceramente me da mucha pena decirle eso a la gente la verdad,miedo
fijate que algo me dice que las cosas van a cambiar mal,miedo
desde hace dias hice algo que me daba miedo y salio bien y trato de disimularlo,feliz
mi mejor amigo se fue para otro pais y nadie lo sabe,triste
en serio me siento muy vacio aunque tenga cosas que hacer y me cuesta aceptarlo,triste
hoy siento que las cosas mejoran y necesito que alguien me entienda,feliz
en serio me pusieron a hacer el trabajo de todos hermano,enojo
hermano me toca salir tarde y me da miedo en la calle hermano,miedo
mira no me dejaron hablar y eso me pesa,enojo
te digo que publicaron algo mio sin pedirme permiso la verdad,enojo
hoy me puse a pensar en lo peor y no puedo parar y me afecta,miedo
me fui de viaje y ya,feliz
aprobe el examen y necesito que alguien me entienda,feliz
ultimamente se burlaron de algo que me costo decir y me pesa cargarlo solo,enojo
te cuento que tengo un mal presentimiento con eso y ya,miedo
no te miento se fue mi perro hoy pero bueno,triste
ahora mismo todo salio mal ultimamente,triste
hermano me da muy duro enfrentar esa conversacion,miedo
lo que pasa es que me entristece mucho lo que paso de verdad,triste
me cayo muy bien esa persona y no es facil,feliz
siento una pena muy honda en mi,triste
en serio me toco dejar los estudios por plata,triste
ultimamente tengo miedo de que todo cambie y no lo puedo ocultar,miedo
ultimamente tengo miedo de que mis sueños no sean suficientes de verdad,miedo
ayer me robaron hoy y estoy mal,enojo
me da mucho miedo el futuro y no se que hacer,miedo
men todo esta fluyendo muy bien ultimamente y no es facil,feliz
la verdad es que tengo miedo de que las cosas empeoren y eso me preocupa mucho,miedo
me siento increible ultimamente,feliz
me tocó pagar una multa que no era justa de verdad,enojo
parce estoy muy molesto con lo que hicieron la verdad,enojo
termino mi relacion,triste
de verdad me siento muy agradecido con la vida y estoy muy agradecido,feliz
de verdad estoy muy satisfecho con todo lo hecho,feliz
me escribieron solo para reclamarme de verdad,enojo
ultimamente todo esta mejorando de verdad,feliz
es que no se si voy a poder sostenerme solo y me tiene pensando mucho,miedo
oye me trataron como si no existiera y eso me pesa,enojo
ultimamente pase el dia en cama y me afecta mucho,triste
hoy me mandaron un mensaje raro y no entiendo que quieren y no se que hacer,miedo
para serte honesto me echaron la culpa de algo que no hice y necesito que alguien me entienda,enojo
la verdad termino mi carrera y no lo puedo ocultar,feliz
me hace muy feliz lo que hiciste y es lo mejor que me paso,feliz
ultimamente me comparan con otros y eso me molesta mucho,enojo
siento una inquietud muy grande ahora y no se que hacer,miedo
mi grupo de trabajo funciono muy bien y no se que hacer,feliz
fijate que publicaron algo mio sin pedirme permiso y ya,enojo
mira me pone muy nervioso hablar en publico sinceramente,miedo
me alegra muchisimo lo que paso y estoy muy contento,feliz
ahora mismo tengo miedo de fallar y no puedo dormir,miedo
te juro que que injusto es todo esto y eso no esta bien,enojo
hoy me comparan con otros y eso me molesta mucho men,enojo
me siento muy bien y muy contento de verdad,feliz
parce me dejo mi novia y estoy muy bajoneado,triste
sinceramente no tengo ganas de nada esta semana,triste
sali del pais por primera vez la verdad,feliz
es que me da mucho miedo lo que dijeron y no se que hacer,miedo
la verdad es que lei el mensaje mal y arruine todo y eso me tiene mal,triste
es que no tengo con quien hablar de verdad,triste
es que no respetas nada ni a nadie y no lo voy a tolerar,enojo
mira me fui de viaje y nadie lo sabe,feliz
realmente todo salio mal,triste
oye nadie entendio como me sentia pero no digo nada,triste
en este momento me siento incomodo con esto otra vez,miedo
hermano tengo un mal presentimiento con eso parce,miedo
para serte honesto me cambiaron el trabajo sin consultarme y me afecta mucho,enojo
en serio siento que el tiempo se me acaba y no he hecho nada y me cuesta aceptarlo,miedo
ahora mismo me siento horrible hoy en este momento,triste
es que me tienen harto con tanta mentira,enojo
fijate que tengo un mal presentimiento con eso y no se que hacer,miedo
fijate que me tiene muy preocupado lo que esta pasando de verdad,miedo
desde ayer me sacaron la paciencia en este momento,enojo
es que me mencionaron en algo que me puso en ridiculo la verdad,enojo
en este momento me hicieron perder el tiempo en este momento,enojo
para serte honesto me faltaron el respeto y no puedo evitarlo,enojo
ahora mismo ya no tengo ganas y me duele mucho,triste
en serio termine el curso que venia haciendo pero bueno,feliz
te cuento que me mandaron un mensaje raro y no entiendo que quieren y ya,miedo
mira lo que paso no supe como responder y ahora me arrepiento y trato de disimularlo,triste
la verdad me toco dejar los estudios por plata parce,triste
en serio me usaron cuando les convenia y despues nada y ya,enojo
te juro que eso que hiciste estuvo muy feo y no lo entiendo,enojo
lo que es cierto es que estoy muy agradecido por este momento de verdad,feliz
te digo que me pone feliz ver tu progreso,feliz
realmente me siento sin energia,triste
men no me reconozco ultimamente,triste
desde hace dias me da mucho miedo entrar al salon y que todos me miren y me afecta mucho,miedo
la verdad me da ansiedad publicar algo y que lo juzguen y no puedo evitarlo,miedo
la verdad me dejaron la verdad,triste
fijate que cambio su estado y supe que era por mi y nadie lo entiende,triste
no puedo creer que no respetas nada ni a nadie y eso no esta bien,enojo
ultimamente me comi algo rico y me alegro el dia y ya,feliz
hoy me di cuenta que nadie me busca si yo no busco la verdad,triste
sinceramente mi equipo gano hoy y estoy feliz,feliz
me da pena decirlo pero me di cuenta que no me invitaron a la reunion y me tiene agotado,triste
de verdad siento tristeza y desesperanza ahora,triste
desde hace dias no logre lo que esperaba pero no digo nada,triste
fijate que el silencio de esa persona me preocupa mucho y ya,miedo
es que me siento orgulloso de donde estoy y me tiene mal,feliz
lo que pasa es que me preocupa tanto que no puedo dormir y no se que hacer,miedo
no te miento no tengo con quien hablar y no puedo evitarlo,triste
mi mejor amigo se fue a vivir lejos y no se que hacer,triste
hoy me siento desconectado de todo y me tiene mal,triste
fijate que lei el mensaje mal y arruine todo y me pesa cargarlo solo,triste
mira me salio el primer cliente de verdad,feliz
logre terminar algo que habia dejado pendiente y nadie lo entiende,feliz
la verdad es que me saco del grupo sin razon y eso me tiene mal,triste
sinceramente odio esta situacion otra vez,enojo
hoy termine de pagar mi deuda,feliz
hermano me tocó pagar una multa que no era justa y ya,enojo
mira me dieron el trabajo que queria,feliz
sabes que estoy muy contento con el resultado en serio,feliz
lo que es cierto es que estoy muy feliz y emocionado sin duda,feliz
me siento muy bien y muy contento y es lo mejor que me paso,feliz
fijate que me robaron el celular y no sé qué hacer,enojo
hoy estoy agradecido por todo y me afecta mucho,feliz
en serio me usaron cuando les convenia y despues nada y me tiene mal,enojo
no se me angustia no saber si estoy en el camino correcto de verdad,miedo
desde ayer me da mucha rabia ultimamente,enojo
tengo miedo de que me quiten el trabajo de verdad,miedo
siento una tristeza que no me abandona y me duele mucho,triste
hoy me da ansiedad conocer gente nueva y ya,miedo
la verdad me hicieron sentir que molestaba sinceramente,enojo
en serio que irresponsable eres en serio y me parece muy mal,enojo
no puedo creer que no entiendo tu actitud para nada y punto,enojo
mira se fue mi perro hoy y no se que hacer,triste
te cuento que no pude ir a la graduacion,triste
me llamaron para el trabajo en medellin y me tiene mal,feliz
la verdad me tiene muy desanimado todo esto y no es facil,triste
la verdad es que no puedo con esta rabia que siento y no lo voy a tolerar,enojo
estoy muy emocionado otra vez,feliz
sinceramente no se si voy a poder sostenerme solo,miedo
hermano no me puedo quitar esa preocupacion de encima pero bueno,miedo
mira me aterra quedar mal frente a todos y me tiene mal,miedo
no se todo el mundo parece tener todo claro menos yo y no se que hacer,triste
realmente todo me afecta demasiado por todo lo que paso,triste
te juro que no puedo soportar esta situacion y me parece muy mal,enojo
hoy no tengo que trabajar y no lo puedo ocultar,feliz
oye me mandaron un mensaje raro y no entiendo que quieren pero bueno,miedo
men me tiene harto que siempre pase lo mismo,enojo
en serio me llegó una carta del juzgado y no se que es y no es facil,miedo
te digo que vi las historias de todos y me senti muy mal y me tiene pensando mucho,triste
mira me encontre con un amigo que no veia hace tiempo,feliz
ultimamente me siento completo y no puedo evitarlo,feliz
lo que es cierto es que que buena noticia para terminar el dia sin duda,feliz
para serte honesto me escribieron solo para reclamarme pero ya no puedo mas,enojo
te cuento que me echaron sin explicacion y no se que hacer,triste
en serio siento que algo malo va a pasar otra vez,miedo
me robaron el celular,enojo
me angustia no saber si estoy en el camino correcto,miedo
me indigna mucho tu comportamiento y me parece muy mal,enojo
oye no supe si era una broma o algo serio y nadie lo entiende,triste
hoy quede encantado con como salio todo y nadie lo sabe,feliz
en serio siento que cargue solo con todo,triste
ultimamente me interrumpieron cada vez que hable y no lo digo seguido,enojo
me usaron y despues me ignoraron y me tiene mal,enojo
oye eso que hiciste estuvo muy feo,enojo
la verdad me cobraron mas de lo que decia el precio hermano,enojo
parce hoy amaneci con toda la actitud y no se que hacer,feliz
mira lo que paso no supe leer la situacion y meti la pata y no puedo evitarlo,triste
te cuento que me tiene muy bajoneado lo que paso hermano,triste
es que me dejaron esperando sin explicacion de verdad,enojo
en serio extraño como eran las cosas antes y no puedo evitarlo,triste
hoy estoy que no me la creo y ya,feliz
oye no se como decirlo sin que se enojen y me pesa cargarlo solo,miedo
ahora mismo mi grupo hizo el trabajo sin contar conmigo y quisiera que alguien me ayudara,triste
te cuento que hicieron lo que quisieron sin preguntarme nada y me cuesta mucho,enojo
me da ansiedad publicar algo y que lo juzguen y no se que hacer,miedo
realmente siento demasiado temor y no se que hacer,miedo
desde hace dias me copiaron el trabajo y lo publicaron como propio y eso me tiene mal,enojo
mira lo que paso pude decir lo que sentia sin miedo y me tiene agotado,feliz
me canse de aguantarte sin excusas,enojo
hermano me tiene muy enojado esa situacion hermano,enojo
en serio siento que no tengo proposito y nadie lo entiende,triste
hermano me llamaron de la empresa y no dijeron para que,miedo
te digo que estoy lleno de energia y alegria de verdad,feliz
me siento muy solo en este momento y no se como seguir,triste
fijate que me cobraron mas de lo que decia el precio y nadie lo sabe,enojo
en serio no tenemos para el arriendo este mes de verdad,triste
me graduo el sabado en el paraninfo y ya,feliz
hoy todo salio mal en este momento,triste
bro me critican las decisiones sin conocer mi situacion bro,enojo
sinceramente me duele mucho lo que dijiste,triste
me siento muy solo en esta ciudad hermano,triste
en serio no tuve ganas de comer,triste
prometieron y no cumplieron y es agotador,enojo
hoy me invitaron a algo importante y me tiene mal,feliz
es que me canse de ser el que siempre aguanta la verdad,triste
la verdad es que siento el corazon muy apesadumbrado y no lo puedo superar,triste
mi familia esta pasando un momento muy dificil y eso me duele,triste
me da pena decirlo pero no entendi bien el tono y eso me tiene angustiado y no es facil admitirlo,miedo
oye me escribieron para disculparse y me alegro pero ya no puedo mas,feliz
en este momento recibi buenas noticias ultimamente,feliz
ahora mismo lei el mensaje diez veces y no se como responder y no puedo evitarlo,miedo
sinceramente me pidieron algo de ultimo momento y no lo digo seguido,enojo
definitivamente me siento increible,feliz
oye me respondio el mensaje que esperaba sinceramente,feliz
me tienen muy mamado con esa vuelta y eso me duele,enojo
en serio me asusta no saber si voy a conseguir trabajo y no es facil,miedo
me hicieron sentir mal por preguntar pero bueno,enojo
sinceramente no supe leer la situacion y meti la pata y me afecta mucho,triste
la verdad todo el mundo sigue y yo estoy quieto y no puedo evitarlo,triste
de verdad estoy muy contento con mi progreso,feliz
lo que pasa es que siento una tristeza muy profunda,triste
definitivamente no se que va a pasar ultimamente,miedo
me da panico enviar ese mensaje y quedar mal y no se que hacer,miedo
la verdad me salio el cupo en el sena,feliz
te cuento que me siento muy achantado hoy y ya,triste
desde hace dias tengo miedo de decepcionar a todos y no lo puedo ocultar,miedo
la verdad me da ansiedad ver cuanta gente vio mi historia y no se que hacer,miedo
me duele el corazon con lo que paso y me duele mucho,triste
fijate que me da pena hablar en publico y manana me toca y no se que hacer,miedo
definitivamente me siento motivado y eso me alegra,feliz
logre ahorrar lo que necesitaba la verdad,feliz
lo que pasa es que me hablaron muy mal y es agotador,enojo
mira siento que me quede atras,triste
en serio me tiene muy enojado esa situacion,enojo
realmente me siento inseguro desde hace dias,miedo
te juro que me tiene harto esta situacion,enojo
me usaron cuando les convenia y despues nada y me cuesta mucho,enojo
lo que pasa es que siento que algo se rompio dentro de mi y necesito que alguien me entienda,triste
estoy demasiado preocupado otra vez,miedo
me escribio la persona que me gusta y necesito que alguien me entienda,feliz
te cuento que me cayo del cielo esa noticia,feliz
fijate que me toco vender el carro que tanto queria y me cuesta mucho,triste
hoy perdi mi trabajo hoy de verdad,triste
hoy perdi una oportunidad importante y me afecta mucho,triste
me eliminó de sus contactos sin decir nada y nadie lo entiende,triste
oye hoy hice algo que me daba mucho miedo y salio bien,feliz
ya no hablo con mi parcero de toda la vida,triste
es que me decepciono mucho lo que hiciste,enojo
men siento que si me equivoco no hay vuelta atras de verdad,miedo
es que me bloquearon sin darme ninguna explicacion,enojo
es que me faltaron el respeto y ya,enojo
es que me fui de viaje y no puedo evitarlo,feliz
sinceramente me siento lleno de energia y eso me alegra,feliz
hoy nos separamos despues de mucho tiempo y no puedo evitarlo,triste
de verdad estoy muy bajo de animo hoy y no lo puedo superar,triste
hoy estoy muy frustrado con todo esto bro,enojo
en serio me da mucha alegria saber eso,feliz
en este momento tengo miedo de fallar todo el tiempo,miedo
la verdad me llamaron de un numero desconocido pero bueno,miedo
lo que pasa es que me costo mucho levantarme hoy la verdad,triste
de verdad no puedo creer lo que hiciste y no lo voy a tolerar,enojo
me fui de viaje y me afecta,feliz
me robaron el celular y estoy muy mal parce,triste
desde hace dias ya les dije mil veces y no cambia nada de verdad,enojo
estoy con una nota hoy y eso me duele,feliz
mira fallecio alguien cercano pero bueno,triste
fijate que estoy que no me la creo pero bueno,feliz
en serio hoy fue un dia muy chévere y nadie lo sabe,feliz
parce me pone muy nervioso tener que dar explicaciones,miedo
sinceramente hablaron de algo que yo no sabia y me senti excluido y me pesa cargarlo solo,triste
me siento muy desconectado de todo y de todos y me cuesta aceptarlo,triste
siento que se me acaba el tiempo,miedo
te digo que que buena noticia para terminar el dia y no lo puedo creer,feliz
parce ya no somos lo que eramos y eso me entristece y no se que hacer,triste
me graduo este sabado y ya,feliz
en serio pude decir lo que sentia sin miedo y quisiera que alguien me ayudara,feliz
me tienen harto con tanta mentira y no lo voy a tolerar,enojo
me canse de pedir ayuda y no recibirla bro,triste
la verdad es que que buena suerte la mia hoy sin duda,feliz
la verdad es que me pidieron algo de ultimo momento y me cuesta mucho,enojo
me duele mucho lo que dijiste de verdad,triste
ultimamente me siento derrotado,triste
es que me mandaron buenas noticias por whatsapp y no se que hacer,feliz
te juro que me paraliza la idea de tener que hablar en grupo y no puedo evitarlo,miedo
parce me toca salir tarde y me da miedo en la calle,miedo
te cuento que siento que algo esta pasando y nadie me dice que y no se que hacer,miedo
la verdad no tengo plan b si esto falla la verdad,miedo
mira que me robaron y no lo puedo creer,enojo
sinceramente ya no tengo ganas ultimamente,triste
ahora mismo por fin me contestaron y eso me tiene mal,feliz
hoy me cuesta aceptar que eso ya termino y no se que hacer,triste
la verdad es que tengo panico de perder lo que tengo y no se que hacer,miedo
desde hace dias estoy al limite de mi paciencia y no lo puedo ocultar,enojo
me da terror que noten que estoy nervioso y nadie lo entiende,miedo
sabes que que buena experiencia vivimos juntos y es lo mejor que me paso,feliz
hoy me llamaron de la empresa y no dijeron para que,miedo
me duele mucho haber fallado en eso,triste
fijate que me tienen hasta la coronilla la verdad,enojo
tengo mucho miedo y me afecta mucho,miedo
te cuento que me siento orgulloso de donde estoy de verdad,feliz
parce me dejo mi novio y estoy muy mal la verdad,triste
sinceramente me trataron como si yo fuera el problema,enojo
estoy preocupado por todo,miedo
es que me puse a pensar en lo peor y no puedo parar sinceramente,miedo
desde hace dias termine todo lo que tenia pendiente y no lo digo seguido,feliz
no te miento me mandaron un audio muy lindo y no puedo evitarlo,feliz
hoy el medico me dijo que necesita hablar conmigo y ya,miedo
estoy muy apagado y sin motivacion y me duele mucho,triste
desde hace dias hoy fue un dia muy gris y necesito que alguien me entienda,triste
mira siento que voy a fallar manana y nadie lo sabe,miedo
en serio siento que no tengo proposito y me tiene pensando mucho,triste
fijate que me trataron como si yo fuera el problema de verdad,enojo
que alegria tan grande siento en serio,feliz
sinceramente estoy muy apagado sin poder sonreir y no se como seguir,triste
no te miento consegui apartamento en arriendo bien precio y no puedo evitarlo,feliz
me tocó pagar una multa que no era justa la verdad,enojo
sinceramente estoy muy angustiado sin encontrar salida y no se que hacer,miedo
de verdad me siento muy solo y sin apoyo,triste
ultimamente me critican las decisiones sin conocer mi situacion y no es facil,enojo
te digo que que alegria me da ver tus logros sin duda,feliz
sinceramente cumpli mi meta del año,feliz
para serte honesto me preocupa no poder lograrlo todo el tiempo,miedo
fijate que ya les dije mil veces y no cambia nada de verdad,enojo
realmente ya no aguanto mas otra vez,enojo
te juro que me escribieron para disculparse y me alegro y no se como manejarlo,feliz
la verdad estoy muy nervioso con esa vuelta parce,miedo
es que me da mucho miedo entrar al salon y que todos me miren y trato de disimularlo,miedo
estoy muy nervioso por los resultados,miedo
es que me prometieron algo y no lo cumplieron y me afecta,enojo
la verdad es que me aterra pensar en perder el control y no puedo calmarlo,miedo
ultimamente me bloqueo sin darme una explicacion y no se como manejarlo,triste
no se me llego un paquete que habia pedido,feliz
ultimamente no se que va a pasar y no se que hacer,miedo
ultimamente hoy me vi bien en el espejo y me gusto de verdad,feliz
me cobró de más y no me quiso devolver la diferencia,enojo
es que usaron mis ideas sin darme credito y nadie lo entiende,enojo
ultimamente me tratan diferente por ser joven y no se que hacer,enojo
fijate que mi familia se fue a vivir lejos y me siento solo de verdad,triste
sinceramente me siento excelente con todo lo que paso,feliz
realmente estoy harto de todo todo el tiempo,enojo
lo que pasa es que me entristece mucho esta situacion y quisiera que no fuera así,triste
sinceramente no supe si era una broma o algo serio y nadie lo entiende,triste
te digo que me duele el corazon con lo que paso,triste
la verdad me toco irme del barrio que queria y eso me duele,triste
ahora mismo estoy temblando de nervios esta semana,miedo
sinceramente hoy fue mejor de lo que esperaba y me afecta,feliz
la verdad ya no quiero hablar de eso porque nadie entiende,triste
sinceramente me prometieron que no volveria a pasar y eso me tiene mal,enojo
de verdad que irresponsable eres en serio en serio,enojo
mira tengo panico de que me pregunten algo en clase de verdad,miedo
fijate que estoy muy ilusionado con lo que viene y no puedo evitarlo,feliz
honestamente estoy demasiado molesto ultimamente,enojo
ahora mismo me siento destruido desde hace dias,triste
hoy me dejo mi novio y estoy muy mal y ya,triste
te cuento que me dijeron que era mi culpa cuando no lo era y ya,enojo
es que mi mejor amigo se fue a vivir lejos la verdad,triste
oye quede muy contento con el resultado y no es facil,feliz
hoy me robaron el celular y estoy muy mal la verdad,triste
hermano estoy muy cansado de lucharla solo y ya,triste
me da mucha pena decirle eso a la gente y no puedo evitarlo,miedo
no te miento usaron lo que les conte en mi contra pero necesitaba decirlo,enojo
lo que es cierto es que estoy muy feliz con mi vida,feliz
la verdad es que vi que estaba en linea pero no me respondio pero necesitaba decirlo,triste
parce hicieron lo que quisieron sin preguntarme nada,enojo
definitivamente me preocupa demasiado esto desde hace dias,miedo
en serio no logre lo que esperaba y no lo puedo ocultar,triste
es que me dejo mi novio y estoy muy mal y nadie lo sabe,triste
me invitaron a algo importante y me tiene mal,feliz
sinceramente por fin publique lo que venia trabajando y me afecta,feliz
hermano me da pena que se den cuenta que no entendi de verdad,miedo
es que tengo miedo de equivocarme y arrepentirme despues,miedo
desde hace dias me trataron muy mal sin razon sinceramente,enojo
te cuento que me dejaron plantado y ni se disculparon,enojo
en serio me comi algo rico y me alegro el dia la verdad,feliz
ahora mismo estoy realmente indignado,enojo
fijate que hoy fui honesto y salio bien y trato de disimularlo,feliz
oye que situacion tan frustrante esta y punto,enojo
realmente me siento tranquilo y feliz,feliz
te juro que no puedo mas con esta situacion y punto,enojo
hoy me siento muy pleno con lo que estoy haciendo,feliz
fijate que me trataron muy mal sin razon y es agotador,enojo
la verdad me borraron un comentario que tenia toda la razon y me afecta,enojo
fijate que tengo una entrevista y me muero del susto pero no digo nada,miedo
hoy me fue muy mal en el examen y no lo digo seguido,triste
no te miento cargue con toda la responsabilidad del grupo y me afecta mucho,enojo
es que no puedo dejar de sentir miedo y no se que hacer,miedo
te cuento que mi equipo gano hoy y estoy feliz y no se que hacer,feliz
no te miento hoy me fue de pelos y eso me duele,feliz
te cuento que estoy apostando todo a esto y nadie lo sabe,miedo
nos separamos despues de mucho tiempo y nadie lo sabe,triste
la verdad no tuve ganas de comer y necesito que alguien me entienda,triste
la verdad es que siento una inquietud constante ahora y me tiene muy nervioso,miedo
la verdad consegui apartamento en arriendo bien precio parce,feliz
fijate que me descuentan del sueldo cosas que no firmé parce,enojo
fijate que me da panico equivocarme y que no me perdonen,miedo
se aprovecharon de la buena fe mia y eso me duele,enojo
me asusta no saber si voy a conseguir trabajo pero bueno,miedo
es que me salio el negocio que queria la verdad,feliz
te cuento que no logre lo que esperaba y no se que hacer,triste
bro tengo miedo de tomar una decision y que salga mal y no puedo evitarlo,miedo
no te miento me bloqueo sin darme una explicacion pero ya no puedo mas,triste
te digo que siento tristeza y desesperanza ahora y quisiera que no fuera así,triste
ultimamente me da demasiada rabia en este momento,enojo
la verdad es que me tienes cansado con eso y no lo entiendo,enojo
hoy el clima estuvo perfecto y no es facil,feliz
desde hace dias por fin lo logre y necesito que alguien me entienda,feliz
en este momento todo me da miedo ultimamente,miedo
lo que pasa es que me entristece mucho pensar en eso y me duele mucho,triste
sinceramente tengo ansiedad por lo que viene esta semana,miedo
te digo que estoy muy triste por la noticia,triste
es que no supe si era una broma o algo serio y me afecta mucho,triste
en serio me dejaron hacer todo el trabajo solo la verdad,enojo
tengo panico de que me pregunten algo frente a todos,miedo
te digo que me alegra mucho saber eso y es lo mejor que me paso,feliz
en serio estoy muy enojado en este momento,enojo
no puedo evitar que tengo miedo de que todo se derrumbe y eso me preocupa mucho,miedo
es que cumpli mi meta del año de verdad,feliz
en este momento me siento excelente y me encanta,feliz
te cuento que estoy muy cansado de lucharla solo y no es facil,triste
no se si contarte pero termine todo lo que tenia pendiente de verdad,feliz
no te miento siento que voy por buen camino y me tiene mal,feliz
hermano me fue de maravilla en la entrevista y nadie lo sabe,feliz
tengo miedo de decir algo y que lo tomen mal y ya,miedo
la verdad es que siento una angustia que me paraliza y no se que hacer,miedo
mira fallecio alguien cercano y nadie lo sabe,triste
ultimamente encontre algo que habia perdido hace tiempo la verdad,feliz
men me angustia no saber si estoy en el camino correcto y nadie lo entiende,miedo
hoy mi familia esta pasando un momento muy dificil y no es facil,triste
hoy me angustia no tener todo claro a mi edad y no puedo evitarlo,miedo
para serte honesto me da terror mostrarme como soy de verdad y no se como manejarlo,miedo
la verdad ya no hablo con alguien que queria mucho y me afecta,triste
definitivamente me siento vacio esta semana,triste
hoy me dijeron que era mi culpa cuando no lo era y no puedo evitarlo,enojo
me pusieron obstaculos que no tenian sentido pero necesitaba decirlo,enojo
me siento vacio,triste
encontre algo que habia perdido hace tiempo y ya,feliz
en este momento estoy demasiado cansado desde hace dias,triste
la verdad es que estoy muy satisfecho con mis decisiones y estoy muy agradecido,feliz
en serio el profesor me felicito por el trabajo y no se que hacer,feliz
hoy hoy no tengo que trabajar y no puedo evitarlo,feliz
en serio nadie noto que algo me pasaba pero ya no puedo mas,triste
desde ayer todo me hace enojar y no se que hacer,enojo
me entristece mucho la situacion de verdad,triste
ahora mismo usaron lo que les conte en mi contra pero necesitaba decirlo,enojo
parce me asusta mucho lo que esta pasando en el barrio pero bueno,miedo
la verdad tengo miedo de que me quiten el trabajo y no es facil,miedo
mira me tiene muy enojado esa situacion parce,enojo
te digo que me siento muy bien en este momento y no lo puedo creer,feliz
hoy no tengo plan b si esto falla y me afecta,miedo
ahora mismo me siento decepcionado todo el tiempo,triste
hoy me fue de pelos de verdad,feliz
hoy hoy fue un dia increible de verdad,feliz
oye me da miedo ir al medico sinceramente,miedo
lo que pasa es que no quise hablar con nadie hoy otra vez,triste
todo cambio de golpe y me tiene mal,triste
desde ayer todo esta funcionando bien por todo lo que paso,feliz
ultimamente me di cuenta que no me invitaron a la reunion y me afecta mucho,triste
te digo que estoy muy triste con lo que me paso de verdad,triste
desde ayer tengo panico por todo lo que paso,miedo
sinceramente me siento orgulloso de donde estoy y nadie lo sabe,feliz
te cuento que mi familia esta pasando un momento muy dificil pero bueno,triste
sinceramente me da mucho miedo lo que puede pasar y no puedo calmarlo,miedo
la verdad me di cuenta que nadie me busca si yo no busco,triste
sinceramente me hicieron sentir mal por preguntar pero bueno,enojo
hoy tengo miedo de embarrarla con esa decision,miedo
hoy me alegra ver que todo salio bien y estoy muy agradecido,feliz
en serio estoy muy decaido y sin esperanza,triste
fijate que me tienen hasta la coronilla y no puedo evitarlo,enojo
parce no me puedo quitar esa preocupacion de encima,miedo
ahora mismo no se si estan enojados conmigo o es mi imaginacion pero ya no puedo mas,miedo
mira me puse muy feliz con eso parce,feliz
la verdad me siento motivado de verdad,feliz
mira hoy todo el transporte me funciono perfecto y no es facil,feliz
mira tengo un mal presentimiento con eso y no se que hacer,miedo
sinceramente por fin publique lo que venia trabajando,feliz
es que tengo panico de fallar cuando todos confian en mi y me tiene pensando mucho,miedo
siento que todos avanzan menos yo men,triste
fijate que estoy re contento con todo y me afecta,feliz
siento que algo malo va a pasar pero no digo nada,miedo
oye me dijeron que me quieren sinceramente,feliz
es que siento una angustia que me paraliza y eso me preocupa mucho,miedo
la verdad el transporte salio tardisimo y llegue tarde por eso pero bueno,enojo
te cuento que quedamos de una con el plan y eso me duele,feliz
para serte honesto tengo un presentimiento muy malo y necesito que alguien me entienda,miedo
hoy sonrei todo el tiempo pero por dentro lloraba y no puedo evitarlo,triste
en serio la incertidumbre me tiene paralizado otra vez,miedo
ultimamente no hubo trafico hoy sinceramente,feliz
hoy por fin me compre lo que queria y me tiene mal,feliz
mira me prometieron el trabajo y al final le dieron a otro,enojo
desde hace dias me ignoraron cuando trate de explicarme y nadie lo entiende,enojo
me fue bien en la sustentacion y no se como manejarlo,feliz
sinceramente ya me canse de esto esta semana,enojo
no te miento estoy muy molesto con lo que hicieron la verdad,enojo
ultimamente me rindo de intentarlo y eso me pesa,triste
es que siento que me estoy quedando sin opciones y me tiene mal,miedo
oye me fue bien en la sustentacion y nadie lo entiende,feliz
sinceramente me siento muy pleno con lo que estoy haciendo,feliz
oye me cambiaron el trabajo sin consultarme y nadie lo entiende,enojo
mira lo que paso me hicieron una videollamada sorpresa y no se como manejarlo,feliz
me citaron a declarar y estoy muy nervioso la verdad,miedo
en serio dije algo que no quise decir y no se como explicarlo de verdad,triste
sabes que que dia tan bueno fue hoy y estoy muy contento,feliz
me siento muy perdido con mi vida y me afecta,triste
en serio eso no estuvo bien para nada y no lo voy a tolerar,enojo
para serte honesto el resultado me tiene muy angustiado,miedo
la verdad es que nadie reconocio lo que aporte,enojo
mira lo que paso tengo miedo de que me rechacen si digo lo que pienso y no se que hacer,miedo
hoy tengo miedo de que me vaya mal en las parciales y eso me duele,miedo
no te miento me dijeron que cambie como si estuviera mal ser yo,triste
hoy me tiene muy angustiado esa situacion hermano,miedo
para serte honesto siempre me pasa lo mismo con las mismas personas pero necesitaba decirlo,enojo
te cuento que estoy muy cansado de lucharla solo la verdad,triste
desde hace dias me saca de quicio todo esto y no lo puedo ocultar,enojo
desde ayer hoy fue maravilloso ultimamente,feliz
me tiene muy bajoneado lo que paso parce,triste
mira nacio mi hijo pero necesitaba decirlo,feliz
mira que me despidieron hoy y me afectó mucho,triste
desde ayer estoy demasiado molesto en este momento,enojo
es que no tolero mas esta situacion y me parece muy mal,enojo
hoy aprobe todas las materias este semestre y no es facil,feliz
sinceramente me paralizo cuando tengo que decidir sinceramente,miedo
ultimamente me da terror que noten que estoy nervioso y eso me tiene mal,miedo
es que me llamaron para el trabajo en medellin,feliz
parce estoy muy asustado con lo que puede pasar la verdad,miedo
desde hace dias no se como decirlo sin que se enojen y no lo digo seguido,miedo
no te miento nadie me dio una respuesta clara pero necesitaba decirlo,enojo
la verdad esto arruino mi dia esta semana,enojo
me echaron la culpa de algo que hizo otro hermano,enojo
realmente estoy disfrutando mucho y me afecta mucho,feliz
en serio me ofrecieron un mejor cargo y quisiera que alguien me ayudara,feliz
mira lo que paso llevo dias aguantando esto y ya no puedo pero ya no puedo mas,enojo
en este momento estoy harto de todo esta semana,enojo
ahora mismo siento que algo se rompio dentro de mi y no lo puedo ocultar,triste
no te miento mi equipo gano hoy y estoy feliz de verdad,feliz
en este momento no aguanto mas ultimamente,enojo
la verdad ya no tengo fuerzas para nada,triste
sinceramente me paralizo cuando tengo que decidir y me afecta mucho,miedo
la verdad es que me hace feliz saber que estas bien y estoy muy contento,feliz
ultimamente tengo miedo de que me cancelen por algo que dije y me tiene pensando mucho,miedo
fijate que me hicieron fila tres horas y no me atendieron y no es facil,enojo
oye me respondieron con mala cara sin razon,enojo
en serio por fin me salio el pasaporte la verdad,feliz
es que mi abuela ya no esta de verdad,triste
mi abuela ya no esta y nadie lo sabe,triste
en serio siento una tristeza muy profunda y no lo puedo superar,triste
no se si contarte pero se rieron de como me exprese de verdad,enojo
hoy me siento orgulloso de donde estoy y me afecta,feliz
parce quede muy contento con el resultado hermano,feliz
siento que algo malo va a pasar y me afecta mucho,miedo
mira perdi mi negocio y no se como seguir y no es facil,triste
mira no te soporto mas y no lo voy a tolerar,enojo
hoy mi abuela ya no esta y me tiene mal,triste
ahora mismo me dejo en visto y no respondio y no puedo evitarlo,triste
oye siento que finjo estar bien tan seguido que ya ni se y no es facil,triste
me aceptaron en la universidad y eso me pesa,feliz
men me comparan con otros y eso me molesta mucho,enojo
fijate que consegui apartamento en arriendo bien precio y me tiene mal,feliz
la verdad es que me paraliza la idea de tener que hablar en grupo de verdad,miedo
fijate que me pusieron a hacer el trabajo de todos y ya,enojo
es que me tienen muy mamado con esa vuelta,enojo
definitivamente esto es injusto ultimamente,enojo
me alegra mucho el resultado final,feliz
desde hace dias me respondieron con mala actitud sin razon y trato de disimularlo,enojo
hoy el transporte salio tardisimo y llegue tarde por eso y me tiene mal,enojo
sinceramente me hicieron sentir mal por preguntar,enojo
estoy muy nervioso y no puedo calmarme,miedo
estoy disfrutando mucho otra vez,feliz
realmente me siento nervioso desde hace dias,miedo
no te miento no se si actue bien y eso no me deja tranquilo y me tiene agotado,miedo
la verdad estoy muy enojado otra vez,enojo
no te miento tengo miedo de lo que piensen de mi la verdad,miedo
no te miento no duermo de la preocupacion todo el tiempo,miedo
hoy me subieron el sueldo y no se que hacer,feliz
desde hace dias siempre me pasa lo mismo con las mismas personas sinceramente,enojo
me tiene con los nervios destrozados de verdad,miedo
fijate que estoy con una nota hoy pero bueno,feliz
mira lo que paso no entiendo nada y me da verguenza preguntar y me afecta mucho,triste
te cuento que me tiene muy bajoneado lo que paso la verdad,triste
te digo que que buen resultado tuvimos hoy,feliz
te digo que hoy el clima estuvo perfecto de verdad,feliz
te digo que me da terror lo que pueda pasar despues y me tiene muy nervioso,miedo
en serio nadie reconocio lo que aporte sinceramente,enojo
te cuento que me robaron el celular y estoy muy mal de verdad,triste
realmente hoy fue un gran dia ultimamente,feliz
te digo que me duele mucho haberlo perdido y no se como seguir,triste
me da ansiedad publicar algo y que lo juzguen de verdad,miedo
oye tengo miedo de ver lo que me respondieron y no se como manejarlo,miedo
la verdad es que me hicieron una videollamada sorpresa y no se que hacer,feliz
te digo que me siento muy afortunado,feliz
fijate que nadie me eligio para su equipo y nadie lo entiende,triste
hoy me tiene muy bajoneado lo que paso pero bueno,triste
lo que pasa es que eso que hiciste estuvo muy feo,enojo
ahora mismo me mandaron un mensaje muy agresivo pero necesitaba decirlo,enojo
sinceramente minimizaron lo que sentia pero ya no puedo mas,enojo
estoy muy agradecido con todos,feliz
mira siento que voy a fallar manana pero bueno,miedo
no te miento ya no hablo con alguien que queria mucho,triste
desde hace dias me canse de pedir lo mismo sin resultado y me cuesta mucho,enojo
es que me usaron cuando les convenia y despues nada y eso me duele,enojo
sinceramente me eliminaron del grupo sin decir nada,enojo
hoy me da pena hablar en publico y manana me toca y no puedo evitarlo,miedo
de verdad no respetas nada ni a nadie y eso no esta bien,enojo
no te miento me hicieron esperar demasiado de verdad,enojo
no te miento me usaron y despues me ignoraron,enojo
es que mi pareja me sorprendio y ya,feliz
la verdad es que me siento muy feliz ahora mismo de verdad,feliz
en serio me tienen muy mamado con esa vuelta y me tiene mal,enojo
hoy amaneci con toda la actitud y ya,feliz
para serte honesto cambiaron las reglas sin avisarme y eso me tiene mal,enojo
ultimamente todo salio perfecto por todo lo que paso,feliz
te cuento que me cobraron de mas y no me quieren devolver y ya,enojo
definitivamente todo me da miedo en este momento,miedo
ultimamente pude expresarme sin que me juzgaran y me tiene agotado,feliz
te juro que todo el mundo parece tener todo claro menos yo y me cuesta aceptarlo,triste
bro no me toman en serio por mi edad,enojo
me canse de pedir ayuda y no recibirla,triste
ahora mismo cargue con toda la responsabilidad del grupo y no lo digo seguido,enojo
desde hace dias mi grupo de trabajo funciono muy bien y trato de disimularlo,feliz
realmente no tengo ganas de nada y no se que hacer,triste
desde hace dias me prometieron que no volveria a pasar pero necesitaba decirlo,enojo
hoy me siento inseguro en este momento,miedo
oye me siento realizado y me afecta mucho,feliz
parce me robaron el celular y estoy muy mal y ya,triste
te cuento que tengo un presentimiento muy malo pero no digo nada,miedo
oye me etiquetaron en algo que me alegro el dia y eso me tiene mal,feliz
desde hace dias tengo panico de no saber como actuar en esa situacion y eso me tiene mal,miedo
sinceramente me parece increible tu actitud,enojo
en serio estoy muy bajo de animo y sin ganas,triste
para serte honesto me siento desconectado de todo todo el tiempo,triste
fijate que me siento muy lejos de todos la verdad,triste
ahora mismo tengo miedo de ver lo que me respondieron y me pesa cargarlo solo,miedo
la verdad estoy disfrutando mucho en este momento,feliz
es que hoy me fue de pelos pero bueno,feliz
la verdad no quise hablar con nadie hoy sinceramente,triste
no se si contarte pero no se si ese mensaje significaba lo que creo y nadie lo entiende,miedo
ya no quiero esforzarme y ya,triste
me asusta mucho lo que esta pasando en el barrio la verdad,miedo
te digo que me duele el corazon con lo que paso de verdad,triste
no se si contarte pero me prometieron que no volveria a pasar y nadie lo entiende,enojo
ahora mismo no aguanto mas otra vez,enojo
realmente hoy fue un mal dia en este momento,triste
la verdad estoy re contento con todo de verdad,feliz
bro llegue a los seguidores que queria y no es facil,feliz
la verdad es que siento una inquietud muy grande ahora y no puedo calmarlo,miedo
la verdad es que hable con alguien nuevo y no fue tan malo y nadie lo entiende,feliz
ahora mismo me bloqueo sin darme una explicacion pero ya no puedo mas,triste
honestamente no aguanto mas esta situacion,enojo
me fue bien en la sustentacion y no puedo evitarlo,feliz
me comparan con otros y eso me molesta mucho y me tiene pensando mucho,enojo
pase el semestre sin perder nada pero ya no puedo mas,feliz
me da mucha rabia esta semana,enojo
termino mi relacion de verdad,triste
es que me toco dejar los estudios por plata,triste
definitivamente me siento incomodo con esto en este momento,miedo
me hicieron perder un dia entero pero bueno,enojo
es que tengo ansiedad de pensar en el futuro,miedo
no te miento hicimos sancocho en familia y fue muy rico y ya,feliz
realmente ya me canse de esto,enojo
no me gusto tu trabajo y no sé qué hacer,enojo
no te miento no me puedo sacar esta sensacion de encima,miedo
sinceramente no supe si era una broma o algo serio y no puedo evitarlo,triste
hoy estoy muy contento,feliz
es que algo cambio de repente y no entiendo por que,miedo
hoy siento que no soy suficiente y ya,triste
ahora mismo logre lo que queria la verdad,feliz
es que borre todas mis fotos porque no me gustaba nada y no puedo evitarlo,triste
te cuento que tengo miedo de que me juzguen y me afecta mucho,miedo
lo que pasa es que tengo miedo de caerle mal sin querer y eso me tiene mal,miedo
sinceramente siento demasiado temor y no puedo dormir,miedo
te digo que que suerte tan grande la mia y no lo puedo creer,feliz
realmente estoy realmente frustrado ultimamente,enojo
hoy me asusta mucho lo que esta pasando en el barrio,miedo
ahora mismo nadie entendio como me sentia pero no digo nada,triste
en serio estoy muy feliz con el resultado y estoy muy agradecido,feliz
en serio me hicieron perder el tiempo y estoy cansado,enojo
no entiendo como la gente puede ser asi y no puedo evitarlo,enojo
te digo que llegue a los seguidores que queria,feliz
no me enoja lo que hizo sino que lo haya negado mirándome a los ojos,enojo
me aprobo el credito el banco y me cuesta mucho,feliz
todo el mundo esta en planes y yo solo en casa y no es facil,triste
realmente todo salio mal y me duele mucho,triste
ultimamente todo me irrita otra vez,enojo
para serte honesto mi jefe quedo contento con mi trabajo pero ya no puedo mas,feliz
ahora mismo estoy realmente frustrado todo el tiempo,enojo
mira lo que paso me pusieron en evidencia en un grupo y no puedo evitarlo,enojo
mira lo que paso pude expresarme sin que me juzgaran,feliz
la verdad es que tengo mucho temor de lo que viene,miedo
es que me quede sin trabajo y no se que hacer la verdad,triste
ultimamente me respondio el mensaje que esperaba pero necesitaba decirlo,feliz
hoy me embargaron la cuenta y no entiendo por que la verdad,miedo
todo cambio de golpe y ya,triste
sinceramente todo esta funcionando bien ultimamente,feliz
oye me dieron la visa,feliz
me da pena decirlo pero logre terminar algo que habia dejado pendiente y no se como manejarlo,feliz
es que extraño mucho a las personas que ya no estan,triste
ayer no puedo seguir por esa calle vacia todavía,miedo
ultimamente me salio la receta que estaba intentando y no se que hacer,feliz
me citaron a declarar y estoy muy nervioso,miedo
hoy me pone ansioso salir de casa y no se que hacer,miedo
parce siento que todo el mundo sigue y yo me quede quieto la verdad,triste
es que no tenemos para el arriendo este mes hermano,triste
sinceramente me aterra quedarme sin opciones,miedo
te juro que tengo miedo de que se den cuenta que no entiendo pero ya no puedo mas,miedo
realmente ya no aguanto mas ultimamente,enojo
me gane una chamba buenisima y no se que hacer,feliz
es que me asusta pensar en el futuro y eso me pesa,miedo
la verdad es que estoy muy asustado con la situacion,miedo
siento el alma muy pesada hoy,triste
en este momento estoy agotado emocionalmente todo el tiempo,triste
es que ya no tengo fuerzas para nada pero no digo nada,triste
te digo que me dicen que exagero cuando digo como me siento,enojo
es que siento panico de enfrentar lo que viene y me tiene muy nervioso,miedo
que buena racha estoy teniendo de verdad,feliz
estoy muy contento con mi progreso y estoy muy agradecido,feliz
no se si contarte pero hablaron de algo que yo no sabia y me senti excluido y no se como manejarlo,triste
hoy estoy muy frustrado con todo esto pero bueno,enojo
la verdad logre ahorrar lo que necesitaba,feliz
hoy fue un mal dia esta semana,triste
fijate que hoy fue un dia muy chévere la verdad,feliz
hoy hicieron como si yo no existiera en la reunion y me pesa cargarlo solo,enojo
eso me pone muy furioso parce y me tiene mal,enojo
me da pena decirlo pero nadie reconocio lo que aporte y nadie lo entiende,enojo
no se dijeron mentiras sobre mi en redes men,enojo
te juro que nadie me eligio para su equipo y no lo digo seguido,triste
te cuento que nacio mi hijo y nadie lo sabe,feliz
la verdad es que hoy no tuve que fingir que estaba bien y me afecta mucho,feliz
sinceramente estoy muy nervioso y asustado y no se que hacer,miedo
lo que pasa es que estoy muy apenado con lo que paso,triste
hoy gane el concurso y ya,feliz
fijate que me despidieron hoy y no sé qué hacer,triste
realmente me hicieron perder el tiempo otra vez,enojo
mira me canse de esperar que las cosas cambien solas y nadie lo entiende,triste
en serio me cancelaron a ultimo momento y me tiene mal,enojo
tengo miedo de fallar por todo lo que paso,miedo
la verdad todo me hace enojar todo el tiempo,enojo
sinceramente hoy no tengo que trabajar de verdad,feliz
me echaron sin explicacion y ya,triste
oye no me dejaron hablar y no se que hacer,enojo
hoy llore sin saber por que todo el tiempo,triste
estoy muy ido hoy no se que me pasa,triste
te cuento que las cosas estan saliendo como quiero y me afecta,feliz
mira me gane una chamba buenisima de verdad,feliz
me puse a pensar en lo peor y no puedo parar,miedo
desde hace dias el profesor me humillo frente a todos y me afecta mucho,triste
la verdad compre mi primera casa y ya,feliz
no puedo con esta rabia que siento,enojo
te cuento que extraño como eran las cosas antes y es agotador,triste
que impotencia siento ahora y me parece muy mal,enojo
sinceramente siento que algo esta pasando y nadie me dice que,miedo
me tiene muy desanimado todo esto y nadie lo sabe,triste
hoy me siento orgulloso de donde estoy la verdad,feliz
no puedo evitar que estoy muy nervioso y asustado y no puedo calmarlo,miedo
sinceramente nos separamos despues de mucho tiempo,triste
realmente me siento nervioso ultimamente,miedo
hoy no me merecia este trato la verdad,enojo
no se me invitaron a participar en algo importante,feliz
ahora mismo hoy todo fluyo bien y eso me pesa,feliz
mira eso me pone muy furioso parce y ya,enojo
me bloqueo sin darme una explicacion y eso me tiene mal,triste
hoy nacio mi hijo la verdad,feliz
ultimamente no se que va a pasar esta semana,miedo
realmente no quiero salir solo desde hace dias,miedo
oye no supe leer la situacion y meti la pata pero ya no puedo mas,triste
hoy siento que nadie me toma en serio pero necesitaba decirlo,enojo
fijate que pase el dia en cama y ya,triste
hoy me ignoraron cuando trate de explicarme y me cuesta mucho,enojo
te digo que siento que algo malo va a pasar de verdad,miedo
no te miento siento que no soy tan inteligente como los demas y eso me tiene mal,triste
es que me cambiaron el turno sin avisarme la verdad,enojo
me siento muy bien y muy contento sin duda,feliz
te digo que por fin publique lo que venia trabajando y me tiene pensando mucho,feliz
hoy me descuentan del sueldo cosas que no firmé y ya,enojo
en serio estoy harto de esto ultimamente,enojo
esto arruino mi dia y me afecta mucho,enojo
la verdad me llamaron de un numero desconocido de verdad,miedo
no te miento mi grupo hizo el trabajo sin contar conmigo de verdad,triste
ahora mismo me ignoraron completamente pero no digo nada,enojo
la verdad es que estoy muy bajo de animo hoy y me duele mucho,triste
no te miento no entiendo nada y me da verguenza preguntar y no se como manejarlo,triste
en serio me hicieron perder el tiempo de verdad,enojo
fijate que el transporte salio tardisimo y llegue tarde por eso y ya,enojo
realmente tengo panico y eso me preocupa,miedo
hoy me siento muy feliz en este momento,feliz
es que me siento muy lejos de todos y me afecta,triste
no te miento me trataron como si no existiera y no lo puedo ocultar,enojo
mira lo que paso me excluyeron de la decision sin explicacion pero necesitaba decirlo,enojo
desde ayer me siento muy triste desde hace dias,triste
no se para donde voy y eso me asusta y me pone triste la verdad,triste
no te miento extraño como eran las cosas antes y no puedo evitarlo,triste
la verdad me invitaron a algo importante de verdad,feliz
en serio me paralizo cuando tengo que decidir y no lo puedo ocultar,miedo
te digo que me pagan mal y me exigen demasiado bro,enojo
definitivamente me siento muy triste todo el tiempo,triste
men por fin publique lo que venia trabajando la verdad,feliz
logre lo que queria y no lo puedo ocultar,feliz
fijate que mi mejor amigo se fue para otro pais y me cuesta mucho,triste
en serio me asusta que piensen que soy raro de verdad,miedo
sinceramente siento que nadie me toma en serio y eso me tiene mal,enojo
es que que fastidio me da esta situacion sin excusas,enojo
te juro que me ignoraron cuando trate de explicarme y no se como manejarlo,enojo
mira siento que las cosas mejoran y me afecta mucho,feliz
hoy me faltaron el respeto y me tiene mal,enojo
en serio me entristece mucho la situacion y no se como seguir,triste
estoy muy angustiado con las noticias de hoy de verdad,miedo
me da mucho miedo la situacion actual y me tiene muy nervioso,miedo
todo salio mal por todo lo que paso,triste
me enfurece tu actitud en serio,enojo
hermano siento que la estoy embarrando en todo,triste
sinceramente estoy muy nervioso con esa vuelta de verdad,miedo
hoy me tienen hasta la coronilla parce,enojo
fijate que me siento muy desconectado de todo y de todos y me tiene pensando mucho,triste
para serte honesto me tratan diferente y no entienden por que me molesta y no se como manejarlo,enojo
ultimamente me asusta no saber si voy a conseguir trabajo y ya,miedo
tengo un miedo que no me deja pensar,miedo
para serte honesto me tratan diferente y no entienden por que me molesta y eso me tiene mal,enojo
realmente no tengo ganas de nada ultimamente,triste
en serio todo me irrita todo el tiempo,enojo
lo que es cierto es que estoy muy feliz y emocionado,feliz
siento un vacio enorme dentro de mi y me duele mucho,triste
me siento horrible hoy,triste
la verdad me dieron la beca de la universidad publica y no puedo evitarlo,feliz
men hoy no tuve que madrugar y lo disfrute y no puedo evitarlo,feliz
sinceramente lei el mensaje diez veces y no se como responder y no lo digo seguido,miedo
fijate que me preocupa no poder pagar el arriendo el otro mes de verdad,miedo
es que me dieron el trabajo que queria sinceramente,feliz
la verdad me tiene harto que siempre pase lo mismo bro,enojo
oye siento que las cosas mejoran la verdad,feliz
no se si contarte pero me da terror mostrarme como soy de verdad,miedo
hoy me faltaron el respeto delante de todos de verdad,enojo
la verdad es que hable con alguien nuevo y no fue tan malo y me cuesta mucho,feliz
me invitaron a algo importante pero necesitaba decirlo,feliz
fijate que me angustia pensar que quiza elegi mal mi carrera,miedo
oye me costo mucho levantarme hoy y ya,triste
sinceramente me hicieron esperar demasiado y me tiene mal,enojo
siento una preocupacion muy grande,miedo
mira ya no quiero esforzarme y eso me pesa,triste
es que siento que el tiempo paso y yo no hice nada,triste
no te miento me saca de quicio todo esto pero no digo nada,enojo
sinceramente no entendi el tono del mensaje y me confundi,triste
borre todas mis fotos porque no me gustaba nada de verdad,triste
sinceramente estoy muy asustado con lo que puede pasar de verdad,miedo
la verdad me tiene completamente harto la verdad,enojo
ahora mismo abusaron de mi confianza la verdad,enojo
me siento lleno de energia y me afecta mucho,feliz
no te miento todo tiene sentido ahora pero no digo nada,feliz
ahora mismo me siento muy triste por todo lo que paso,triste
siento una soledad muy grande ahora y no se como seguir,triste
lo que pasa es que tengo miedo de que todo cambie y no se que hacer,miedo
vieja me toca salir tarde y me da miedo en la calle de verdad,miedo
te juro que me da miedo no estar a la altura de lo que se espera y ya,miedo
ultimamente todo esta fluyendo muy bien,feliz
definitivamente estoy muy preocupado esta semana,miedo
es que mi mejor amigo se fue para otro pais y ya,triste
estoy con una nota hoy de verdad,feliz
es que tengo panico de enfrentar esto solo,miedo
es que me mandaron de una oficina a otra sin solucion la verdad,enojo
sinceramente tengo panico otra vez,miedo
me gane una chamba buenisima de verdad,feliz
hoy me gane una chamba buenisima,feliz
en este momento me siento lleno de energia,feliz
para serte honesto me dieron la beca de verdad,feliz
mira no se si lo que estoy haciendo es lo correcto la verdad,miedo
estoy muy triste por la noticia y no se como seguir,triste
en serio me pone muy nervioso tener que dar explicaciones de verdad,miedo
la verdad me preocupa no poder lograrlo todo el tiempo,miedo
bro me mencionaron en algo que me puso en ridiculo y no puedo evitarlo,enojo
me tienen hasta la coronilla y me cuesta mucho,enojo
ahora mismo no se si estan enojados conmigo o es mi imaginacion sinceramente,miedo
de verdad siento una tristeza que me invade todo y me duele mucho,triste
lo que pasa es que me siento muy decaido en este momento,triste
mira quede encantado con como salio todo y no es facil,feliz
hermano me usaron cuando les convenia y despues nada y eso me duele,enojo
parce me da pena hablar en publico y manana me toca pero bueno,miedo
extraño mucho a las personas que ya no estan parce,triste
hoy estoy muy contento y no se que hacer,feliz
mira me siento muy solo en esta ciudad,triste
oye me molesta tu actitud de siempre,enojo
me citaron a declarar y estoy muy nervioso de verdad,miedo
no se si contarte pero no se si actue bien y eso no me deja tranquilo sinceramente,miedo
te cuento que me tocó pagar una multa que no era justa y no es facil,enojo
ultimamente me mandaron audio de voz gritando y eso me tiene mal,enojo
hoy me toca salir tarde y me da miedo en la calle y nadie lo sabe,miedo
la verdad todo me hace enojar esta semana,enojo
en serio perdi una oportunidad importante sinceramente,triste
sinceramente me da terror mostrarme como soy de verdad,miedo
hoy que experiencia tan maravillosa fue en serio,feliz
eso no estuvo bien para nada y no lo entiendo,enojo
la verdad es que que irresponsable eres con todo y no lo entiendo,enojo
hoy me alegra mucho tu compania,feliz
no se si contarte pero publico algo que me dejo muy mal y no se como manejarlo,triste
sinceramente me siento muy solo y sin apoyo,triste
fijate que estoy realmente indignado pero no digo nada,enojo
la verdad me tocó repetir el tramite porque perdieron mis papeles pero bueno,enojo
la verdad me aceptaron en la universidad de verdad,feliz
honestamente que estupidez lo que hiciste y punto,enojo
no te miento no supe leer la situacion y meti la pata y trato de disimularlo,triste
parce mi equipo gano hoy y estoy feliz,feliz
men ya no aguanto mas esa situacion y no puedo evitarlo,enojo
hoy me pone muy nervioso hablar en publico sinceramente,miedo
es que me da miedo decepcionarme a mi mismo y no se que hacer,miedo
fijate que tengo panico de decir algo y que lo malinterpreten sinceramente,miedo
todo me fastidia desde hace dias,enojo
men todo el mundo esta en planes y yo solo en casa y nadie lo entiende,triste
la verdad me siento nervioso todo el tiempo,miedo
hermano me cayo del cielo esa noticia,feliz
ya no aguanto mas esa situacion y me cuesta aceptarlo,enojo
te cuento que me tienen muy hastiado con lo mismo de verdad,enojo
por fin me compre lo que queria pero necesitaba decirlo,feliz
fijate que hoy todo el transporte me funciono perfecto pero bueno,feliz
ultimamente hoy fue un dia muy gris y es agotador,triste
desde ayer hoy fue un gran dia por todo lo que paso,feliz
es que las cosas estan saliendo como quiero y no puedo evitarlo,feliz
te cuento que me da miedo ir al medico y no puedo evitarlo,miedo
fijate que me fallaron cuando mas los necesitaba y eso me pesa,triste
para serte honesto minimizaron lo que sentia y no se como manejarlo,enojo
lo que pasa es que por fin me contestaron y no lo digo seguido,feliz
para serte honesto perdi algo muy importante y me afecta mucho,triste
la verdad gane el concurso pero no digo nada,feliz
fijate que hable con alguien nuevo y no fue tan malo pero necesitaba decirlo,feliz
mira perdi una oportunidad importante y no se que hacer,triste
ultimamente me da ansiedad cuando hay silencio en la conversacion y no puedo evitarlo,miedo
todo me da miedo desde hace dias,miedo
me mintieron descaradamente en la cara y no se que hacer,enojo
oye me cambiaron las condiciones a ultimo momento de verdad,enojo
hoy todo salio mal y no se que hacer,triste
mira que me echaron del trabajo y me afectó mucho,triste
sinceramente me hicieron sentir especial la verdad,feliz
estoy muy decaido y sin fuerzas y quisiera que no fuera así,triste
en este momento me siento excelente y eso me alegra,feliz
mira tengo miedo de que sea algo grave,miedo
fijate que minimizaron lo que sentia y me cuesta mucho,enojo
oye me ignoraron completamente todo el tiempo,enojo
mi familia esta pasando un momento muy dificil de verdad,triste
es que no tengo plan b si esto falla,miedo
es que me siento muy solo en esta ciudad,triste
el partido de colombia salio bien parce,feliz
no se si contarte pero me canse de pedir lo mismo sin resultado y me tiene agotado,enojo
realmente tengo miedo de hablar desde hace dias,miedo
es que me da mucho miedo enfrentar esta situacion y no puedo calmarlo,miedo
en serio me tienen hasta la coronilla la verdad,enojo
sinceramente no puedo mas con tanto y necesito que alguien me entienda,triste
para serte honesto abusaron de mi confianza la verdad,enojo
parce hicimos sancocho en familia y fue muy rico y me tiene mal,feliz
hoy estoy muy molesto con lo que hicieron,enojo
oye me da terror enfrentar esto solo la verdad,miedo
estoy muy emocionado con el futuro de verdad,feliz
la verdad es que siento una pena enorme que no pasa y no lo puedo superar,triste
hermano me dejaron plantado y ni se disculparon,enojo
sinceramente por fin me salio el pasaporte y no es facil,feliz
es que tengo miedo de tomar la decision equivocada pero no digo nada,miedo
hoy ya no hablo con alguien que queria mucho y nadie lo sabe,triste
me asusta mucho lo que esta pasando en el barrio,miedo
es que que descaro tan grande el de esa gente,enojo
la verdad es que me alegra mucho el resultado final de verdad,feliz
lo que pasa es que me escribieron solo para reclamarme y nadie lo entiende,enojo
no puedo creer tanta irresponsabilidad,enojo
la verdad es que me reconocieron el esfuerzo en el trabajo pero necesitaba decirlo,feliz
la verdad no me puedo sacar esta sensacion de encima pero bueno,miedo
es que me siento muy perdido con mi vida,triste
ultimamente no tengo ganas de nada,triste
sinceramente me mandaron un mensaje raro y no entiendo que quieren y nadie lo sabe,miedo
no se no se si lo que estoy haciendo es lo correcto,miedo
mira publicaron algo mio sin pedirme permiso,enojo
nadie entendio como me sentia sinceramente,triste
la verdad es que me tienes cansado con eso,enojo
te cuento que me dieron una sorpresa muy bonita hoy y ya,feliz
no te miento me mandaron un mensaje raro y no entiendo que quieren la verdad,miedo
la verdad me tiene muy cansado esa actitud y me afecta,enojo
siento que cargo con demasiado para mi edad y ya,triste
parce me tiene con los nervios destrozados y ya,miedo
oye me tiene muy cansado esta gente,enojo
sinceramente estoy muy angustiado con las posibilidades y no puedo calmarlo,miedo
la verdad por fin lo logre y necesito que alguien me entienda,feliz
ya me canse de repetirte lo mismo,enojo
realmente me siento muy feliz,feliz
te cuento que ya no tengo fuerzas para nada sinceramente,triste
mira no logre lo que esperaba y ya,triste
no se si contarte pero tengo miedo de decir algo fuera de lugar y no se como manejarlo,miedo
lo que pasa es que estoy muy bajo de animo desde entonces y me duele mucho,triste
hoy me fui de viaje la verdad,feliz
realmente estoy agotado emocionalmente en este momento,triste
en serio manana tengo una prueba importante y estoy nervioso todo el tiempo,miedo
definitivamente siento demasiado temor,miedo
en este momento estoy muy enojado desde hace dias,enojo
sinceramente siento que no tengo proposito la verdad,triste
te juro que pude decir lo que sentia sin miedo y no lo digo seguido,feliz
en este momento todo me irrita esta semana,enojo
la verdad es que ya me canse de repetirte lo mismo en serio,enojo
desde ayer estoy muy emocionado todo el tiempo,feliz
ultimamente me da mucha rabia desde hace dias,enojo
es que me hicieron sentir que molestaba pero bueno,enojo
no puedo creer que no puedo creer lo que hiciste y ya me canse,enojo
sinceramente me cambiaron el trabajo sin consultarme y trato de disimularlo,enojo
desde ayer me siento incomodo con esto esta semana,miedo
sinceramente perdi una oportunidad importante y me tiene mal,triste
lo que pasa es que lei el mensaje diez veces y no se como responder y me pesa cargarlo solo,miedo
parce extraño mucho a las personas que ya no estan y me cuesta mucho,triste
me saco del grupo sin razon sinceramente,triste
no se si voy a poder con lo que viene,miedo
en serio no entiendo nada y me da verguenza preguntar y me pesa cargarlo solo,triste
sinceramente estoy muy preocupado y no se que hacer,miedo
me ignoraron cuando tenia toda la razon y me tiene mal,enojo
estoy muy triste y no se que hacer y quisiera que no fuera así,triste
ahora mismo todo esta funcionando bien ultimamente,feliz
para serte honesto siento que algo se rompio dentro de mi y me tiene mal,triste
fijate que me cancelaron la cita sin avisar y ya,enojo
las cosas estan saliendo como quiero de verdad,feliz
la verdad estoy cansado mentalmente otra vez,triste
hermano mi mejor amigo se fue para otro pais,triste
lo que pasa es que no supe si era una broma o algo serio y no es facil admitirlo,triste
oye me da pavor equivocarme y no lo puedo ocultar,miedo
lo que es cierto es que que buena suerte la mia hoy y es lo mejor que me paso,feliz
hoy termine todo lo que tenia pendiente y no es facil admitirlo,feliz
ultimamente lei el mensaje mal y arruine todo pero necesitaba decirlo,triste
hermano me tienen hasta la coronilla y eso me duele,enojo
bro no entiendo como la gente puede ser asi,enojo
mira me duele el alma,triste
en serio siento una tristeza muy profunda y quisiera que no fuera así,triste
la verdad el silencio de esa persona me preocupa mucho y me afecta,miedo
me senti aceptado como soy y no se como manejarlo,feliz
sinceramente no se que va a pasar y me aterra,miedo
en serio me entristece mucho la situacion y quisiera que no fuera así,triste
estoy muy apesadumbrado con las noticias de verdad,triste
ahora mismo siento que fracase y es agotador,triste
te juro que no se puede confiar en ti de verdad,enojo
llevo dias sin ganas de nada y no lo puedo creer,triste
no te miento abusaron de mi confianza y no se que hacer,enojo
mira estoy muy nervioso con esa vuelta de verdad,miedo
definitivamente tengo miedo de fallar en este momento,miedo
ultimamente hoy no tuve que madrugar y lo disfrute de verdad,feliz
ahora mismo me ignoraron cuando tenia razon y necesito que alguien me entienda,enojo
estoy realmente frustrado ultimamente,enojo
por fin me compre lo que queria sinceramente,feliz
te digo que hoy hice algo que me daba mucho miedo y salio bien la verdad,feliz
es que me dejo de seguir en redes sociales,triste
es que cumpli mi meta del año pero bueno,feliz
mira me copiaron el contenido y ni siquiera lo cambiaron y no puedo evitarlo,enojo
sinceramente me siento horrible todo el tiempo,triste
es que me tiene muy apagado esta situacion de verdad,triste
tengo un miedo muy grande en este momento de verdad,miedo
en serio me critican las decisiones sin conocer mi situacion,enojo
hoy me dejaron esperando sin explicacion y ya,enojo
te cuento que hoy fue un parche buenisimo de verdad,feliz
lo que pasa es que me da terror mostrarme como soy de verdad pero ya no puedo mas,miedo
es que me siento realizado y necesito que alguien me entienda,feliz
ultimamente tengo miedo de ver lo que me respondieron y no lo digo seguido,miedo
me tiene muy bravo la falta de respeto y me cuesta aceptarlo,enojo
te digo que me tiene muy irritado todo lo que esta pasando y me afecta,enojo
ultimamente tengo panico de fallar frente a todos,miedo
en serio me siento en paz y es agotador,feliz
sabes que que buenas noticias me llegaron hoy y estoy muy agradecido,feliz
en este momento estoy demasiado preocupado ultimamente,miedo
en serio me dejaron plantado y ni se disculparon hermano,enojo
no puedo dejar de sentir miedo y me tiene muy nervioso,miedo
hermano me tienen muy hastiado con lo mismo y ya,enojo
la verdad esto es injusto otra vez,enojo
hoy no tuve que madrugar y lo disfrute bro,feliz
ahora mismo me siento muy bien conmigo mismo y no lo puedo ocultar,feliz
me trataron diferente a los demas y ya,enojo
mira que me robaron la moto y estoy mal,enojo
la verdad es que me tratan diferente y no entienden por que me molesta sinceramente,enojo
me tocó repetir el tramite porque perdieron mis papeles,enojo
en serio me dijeron que era muy sensible por sentirme mal de verdad,enojo
en serio vi que estaba en linea pero no me respondio y eso me tiene mal,triste
oye nadie me eligio para su equipo y me cuesta mucho,triste
te cuento que tengo un mal presentimiento con eso y no puedo evitarlo,miedo
no se si contarte pero me mandaron buenas noticias por whatsapp,feliz
te cuento que manana es el dia y no estoy listo y ya,miedo
en serio me da panico enviar ese mensaje y quedar mal,miedo
mira me siento muy solo en esta ciudad la verdad,triste
hoy estoy con el animo muy por el piso y no se que hacer,triste
ultimamente hoy llore sin saber por que y no se que hacer,triste
la verdad me siento en paz y es agotador,feliz
sinceramente me saca de quicio todo esto,enojo
no se si contarte pero perdi la materia que mas me esforcé y quisiera que alguien me ayudara,triste
ahora mismo me sacaron la paciencia y no se que hacer,enojo
en serio estoy muy feliz con los resultados y estoy muy contento,feliz
la verdad no se que va a pasar y no se que hacer,miedo
fijate que me dijeron que era mi culpa cuando no lo era y ya,enojo
desde ayer estoy pasando un gran momento,feliz
sinceramente me siento destruido y me afecta mucho,triste
me pone de buen humor todo hoy en serio,feliz
es que me escribieron solo para reclamarme y me afecta mucho,enojo
oye me salio redondo todo hoy,feliz
hoy me tiene muy desanimado todo esto,triste
me da mucha pena decirle eso a la gente de verdad,miedo
oye tuve que repetir lo mismo mil veces y me afecta mucho,enojo
ahora mismo hoy fue un gran dia y no se que hacer,feliz
definitivamente me siento destruido en este momento,triste
la verdad es que me da mucho miedo enfrentar esta situacion y eso me preocupa mucho,miedo
oye cambio su estado y supe que era por mi sinceramente,triste
es que me da mucha pena decirle eso a la gente pero bueno,miedo
en serio no supe si era una broma o algo serio y trato de disimularlo,triste
me respondieron que si al proyecto,feliz
me da pena decirlo pero me escribieron solo para reclamarme y no se como manejarlo,enojo
hoy tengo miedo de que me quiten el trabajo hermano,miedo
realmente esto es injusto todo el tiempo,enojo
siento que algo esta muy mal y me asusta de verdad,miedo
me asusta no saber si voy a conseguir trabajo la verdad,miedo
me salio todo bien y no me lo esperaba y me afecta,feliz
la verdad estoy demasiado cansado ultimamente,triste
ultimamente tengo miedo de caerle mal sin querer y no se que hacer,miedo
tengo los mejores amigos y es agotador,feliz
fijate que me dejaron plantado y ni se disculparon y ya,enojo
es que me dijeron que me quieren y es agotador,feliz
mira estoy rodeado de gente y me siento solo y ya,triste
tengo miedo de equivocarme y arrepentirme despues y me cuesta aceptarlo,miedo
te cuento que me escribio la persona que me gusta,feliz
es que me aceptaron en la universidad y ya,feliz
no se si contarte pero me eliminó de sus contactos sin decir nada pero necesitaba decirlo,triste
realmente me siento vacio,triste
hoy gane el concurso de verdad,feliz
vieja estoy muy bacano con la noticia parce,feliz
sinceramente abusaron de mi confianza pero no digo nada,enojo
me da miedo que graben algo mio sin permiso,miedo
te cuento que me citaron a declarar y estoy muy nervioso,miedo
mira lo que paso me copiaron el trabajo y lo publicaron como propio y me tiene agotado,enojo
no se si contarte pero mi grupo de trabajo funciono muy bien y no se que hacer,feliz
me reconocieron el esfuerzo en el trabajo de verdad,feliz
ahora mismo me hicieron perder el tiempo ultimamente,enojo
para serte honesto el resultado me tiene muy angustiado y no se que hacer,miedo
oye no entiendo nada y me da verguenza preguntar y me afecta mucho,triste
ultimamente me asusta pensar en el futuro,miedo
no te lo voy a perdonar tan facil de verdad,enojo
me tienen muy mamado con esa vuelta y nadie lo sabe,enojo
lo que pasa es que nadie reconocio lo que aporte y me pesa cargarlo solo,enojo
la verdad ya no quiero esforzarme y me tiene mal,triste
hoy vi que me sacaron de un grupo y no dije nada y no se que hacer,triste
oye nacio mi hija sinceramente,feliz
realmente me siento decepcionado ultimamente,triste
hoy lei el mensaje mal y arruine todo de verdad,triste
es que no se si voy a poder sostenerme solo bro,miedo
en serio aprobe el examen y no se que hacer,feliz
hoy me siento orgulloso de donde estoy y ya,feliz
oye siento que voy a fallar manana,miedo
mira me ignoraron cuando tenia toda la razon,enojo
hoy me siento vacio desde hace dias,triste
en serio me dejo mi novia y estoy muy bajoneado la verdad,triste
no te miento no me dejaron hablar y no se que hacer,enojo
sinceramente tengo panico de no salir de esto,miedo
hoy ya nada es igual,triste
es que compre mi primera casa sinceramente,feliz
sinceramente me toco vender el carro que tanto queria hermano,triste
fijate que el partido de colombia salio bien hermano,feliz
la verdad me saca de quicio todo esto y eso me pesa,enojo
en serio llegue a tiempo a todo y ya,feliz
men me dicen que deberia estar agradecido por poco de verdad,enojo
en serio me da ansiedad publicar algo y que lo juzguen y me tiene pensando mucho,miedo
fijate que me rechazaron y duela mucho y no puedo evitarlo,triste
te juro que me produce mucho enojo esto y no lo entiendo,enojo
parce el partido de colombia salio bien,feliz
la verdad me da miedo no estar a la altura de lo que se espera de verdad,miedo
hoy me hicieron sentir mal por preguntar la verdad,enojo
en serio mi jefe quedo contento con mi trabajo pero ya no puedo mas,feliz
es que se fue mi perro hoy y me afecta,triste
te juro que tengo miedo de equivocarme y arrepentirme despues y no es facil,miedo
no entiendo como la gente puede ser asi la verdad,enojo
en serio siento que algo muy importante se perdio y no se como seguir,triste
me aterra quedar mal frente a todos la verdad,miedo
lo que pasa es que siento una pena muy grande ahora y me duele mucho,triste
hoy no tenemos para el arriendo este mes parce,triste
lo que pasa es que me faltaron el respeto,enojo
hermano mi familia se fue a vivir lejos y me siento solo,triste
vieja me graduo el sabado en el paraninfo,feliz
sinceramente no aguanto mas ultimamente,enojo
para serte honesto alguien me entendio sin que yo explicara mucho y trato de disimularlo,feliz
realmente me siento incomodo con esto desde hace dias,miedo
la verdad siento que estoy de mas y no se que hacer,triste
fijate que tengo ansiedad de aparecer en camara y nadie lo entiende,miedo
me toco irme del barrio que queria pero bueno,triste
men encontre algo que habia perdido hace tiempo y me cuesta aceptarlo,feliz
hoy me cambiaron el turno sin avisarme y me cuesta mucho,enojo
sinceramente compre mi primera casa,feliz
hoy siempre me pasa lo mismo con las mismas personas,enojo
me hicieron fila tres horas y no me atendieron pero bueno,enojo
sinceramente me duele mucho haber fallado en eso,triste
no se si contarte pero me canse de pedir lo mismo sin resultado y me pesa cargarlo solo,enojo
mira perdi algo muy importante,triste
vieja me sacaron de la jugada sin ninguna explicacion de verdad,enojo
no tenemos para el arriendo este mes y eso me duele,triste
oye me ignoraron completamente y es agotador,enojo
hoy nada de lo que hago vale la pena otra vez,triste
sinceramente no me puedo sacar esta sensacion de encima y no se que hacer,miedo
ultimamente perdi tiempo en algo que no valio y no puedo evitarlo,enojo
hoy me da mucha pena decirle eso a la gente,miedo
hoy me angustia no saber como interpretar eso y no puedo evitarlo,miedo
fijate que tengo miedo de que me rechacen si digo lo que pienso y no es facil,miedo
hoy me mandaron de una oficina a otra sin solucion pero necesitaba decirlo,enojo
fijate que hoy me senti comodo siendo yo mismo de verdad,feliz
en serio me da miedo que graben algo mio sin permiso la verdad,miedo
la verdad es que tengo panico de perder lo que tengo y me tiene muy nervioso,miedo
hoy me interrumpieron cada vez que hable y me cuesta mucho,enojo
mira me aterra quedar mal frente a todos y no se que hacer,miedo
estoy agotado emocionalmente y me afecta mucho,triste
oye me quede sin trabajo y no se que hacer y no es facil,triste
fijate que hoy fue un dia muy chévere y eso me duele,feliz
es que me aterra quedar mal frente a todos y no es facil,miedo
hoy me ignoraron cuando tenia razon otra vez,enojo
desde hace dias todo esta mal organizado,enojo
estoy muy asustado con lo que dijiste y no puedo calmarlo,miedo
parce me da mucha pena decirle eso a la gente y ya,miedo
tengo panico de fallar frente a todos y ya,miedo
estoy rodeado de gente y me siento solo y es agotador,triste
la verdad es que me indigna tu forma de actuar y eso no esta bien,enojo
estoy muy preocupado por lo que puede venir,miedo
te cuento que hoy descanse muy bien,feliz
que noticia tan buena me dieron sin duda,feliz
hoy me reportaron sin motivo y me bloquearon la cuenta,enojo
no te miento me dieron la nota que esperaba y nadie lo entiende,feliz
no se si lo que estoy haciendo es lo correcto y no es facil,miedo
te digo que que bonito dia fue este para todos de verdad,feliz
me compre una moto,feliz
ahora mismo me siento sin energia y me afecta mucho,triste
fijate que lei el mensaje diez veces y no se como responder pero ya no puedo mas,miedo
oye me hicieron repetir el tramite tres veces sinceramente,enojo
te cuento que siento que el miedo no me deja avanzar y no lo puedo ocultar,miedo
sinceramente me fue muy mal en el examen,triste
desde hace dias extraño como eran las cosas antes y no lo puedo ocultar,triste
sinceramente aprobe la materia que tenia perdida y no es facil admitirlo,feliz
definitivamente tengo panico todo el tiempo,miedo
no puedo evitar que me aterra la idea de perder todo de verdad,miedo
realmente todo salio excelente ultimamente,feliz
mira me usaron cuando les convenia y despues nada de verdad,enojo
no se si contarte pero me escribieron para disculparse y me alegro y trato de disimularlo,feliz
fijate que estoy muy bravo con lo que paso de verdad,enojo
me tienen muy mamado con esa vuelta parce,enojo
me dejaron hacer todo el trabajo solo sinceramente,enojo
me parece terrible lo que hiciste y me parece muy mal,enojo
no se si contarte pero no quiero mandar el audio por miedo a como sueno y no lo digo seguido,miedo
ahora mismo no duermo de la preocupacion y eso me pesa,miedo
fijate que defendi mi proyecto y quede bien,feliz
quede muy contento con el resultado y no puedo evitarlo,feliz
sinceramente me trataron muy mal sin razon y me tiene mal,enojo
lo que pasa es que me cambiaron el trabajo sin consultarme sinceramente,enojo
en serio que descaro tan grande el de esa gente y ya,enojo
no se si contarte pero nadie me eligio para su equipo y no lo digo seguido,triste
me ignoraron cuando tenia toda la razon y no puedo evitarlo,enojo
sinceramente termine la semana sin ningun problema y no se que hacer,feliz
sinceramente estoy muy asustado por lo que viene y eso me preocupa mucho,miedo
ahora mismo me reconocieron el esfuerzo en el trabajo y me afecta mucho,feliz
lo que pasa es que siento un dolor emocional muy grande,triste
hoy me dejaron de verdad,triste
te cuento que estoy muy mamado de todo y no es facil,triste
me hicieron perder el tiempo esta semana,enojo
me mandaron un mensaje raro y no entiendo que quieren,miedo
no se tengo miedo de equivocarme y arrepentirme despues de verdad,miedo
la verdad no se si voy a poder con esto de verdad,miedo
desde ayer me siento sin energia en este momento,triste
la verdad termine mi tesis y me tiene mal,feliz
hoy me cancelaron a ultimo momento de verdad,enojo
oye nada de lo que hago vale la pena sinceramente,triste
para serte honesto me respondieron con mala actitud sin razon de verdad,enojo
hoy tengo miedo de que me quiten el trabajo,miedo
no te miento me da terror que noten que estoy nervioso y quisiera que alguien me ayudara,miedo
sinceramente no tolero que me trates asi y eso no esta bien,enojo
te cuento que me robaron hoy,enojo
vieja me llegó una carta del juzgado y no se que es,miedo
hoy extraño como eran las cosas antes y me afecta mucho,triste
te cuento que me tiene con los nervios destrozados parce,miedo
la verdad me tiene muy desanimado todo esto,triste
hoy nada me salio bien hoy y es agotador,enojo
es que me da mucho miedo entrar al salon y que todos me miren,miedo
mira me dejaron solo en esto y me tiene mal,triste
sinceramente me siento re bien parce,feliz
estoy muy apenado con lo que resulto,triste
fijate que me escribio la persona que me gusta y es agotador,feliz
oye me da pena hablar en publico y manana me toca,miedo
te juro que que injusto es todo esto y no lo voy a tolerar,enojo
sinceramente me dieron la nota que esperaba y me pesa cargarlo solo,feliz
la verdad me siento increible ultimamente,feliz
sinceramente me angustia no saber si estoy en el camino correcto y me tiene pensando mucho,miedo
ahora mismo me quede callado cuando debi haber hablado y no lo digo seguido,triste
sinceramente tengo miedo de que las cosas empeoren de verdad,miedo
ultimamente estoy realmente indignado y no puedo evitarlo,enojo
definitivamente me siento horrible hoy y me afecta mucho,triste
la verdad me dejo mi novio y estoy muy mal y no es facil,triste
no te miento estrene mi apartamento de verdad,feliz
vieja extraño mucho a las personas que ya no estan,triste
hoy me cobraron de mas sin avisar otra vez,enojo
sinceramente me cobraron de mas y no me quieren devolver la verdad,enojo
siento que voy a fallar manana,miedo
la verdad es que me aterra quedarme sin opciones,miedo
la verdad estrene mi apartamento,feliz
lo que pasa es que me cambiaron el trabajo sin consultarme,enojo
hoy me siento realizado y es agotador,feliz
ultimamente me pusieron en evidencia en un grupo y no se como manejarlo,enojo
no se si contarte pero el profesor me felicito por el trabajo y no se que hacer,feliz
en serio tengo un presentimiento muy malo todo el tiempo,miedo
ultimamente no entiendo como la gente puede ser asi y no es facil,enojo
lo que pasa es que estoy muy ilusionado con lo que viene,feliz
hoy que felicidad tan grande siento ahora en serio,feliz
te cuento que mi pareja me sorprendio y ya,feliz
sinceramente me mandaron un mensaje raro y no entiendo que quieren pero necesitaba decirlo,miedo
te digo que tengo miedo de equivocarme y arrepentirme despues bro,miedo
definitivamente tengo panico y me afecta mucho,miedo
hoy no tenemos para el arriendo este mes y me cuesta mucho,triste
me da miedo decepcionarme a mi mismo men,miedo
mira tengo una entrevista y me muero del susto la verdad,miedo
ahora mismo me interrumpieron todo el tiempo y me afecta mucho,enojo
fijate que no quiero nada mas contigo,enojo
desde ayer todo me fastidia todo el tiempo,enojo
sinceramente me siento destruido desde hace dias,triste
la verdad me toca salir tarde y me da miedo en la calle,miedo
hoy tengo un presentimiento muy malo pero no digo nada,miedo
me dijeron que era mi culpa cuando no lo era y ya,enojo
siento una angustia muy grande ahora,miedo
vieja me mintieron descaradamente en la cara,enojo
el partido de colombia salio bien de verdad,feliz
sinceramente el medico me dijo que necesita hablar conmigo,miedo
hoy me toca salir tarde y me da miedo en la calle,miedo
cambiaron todo sin avisarme y me tiene mal,enojo
sinceramente tengo miedo de decepcionar a todos y me tiene mal,miedo
no te miento siempre me pasa lo mismo con las mismas personas pero necesitaba decirlo,enojo
mira ya no somos lo que eramos y eso me entristece parce,triste
oye me tiene muy enojado esa situacion la verdad,enojo
hermano me graduo el sabado en el paraninfo y me tiene mal,feliz
en serio publicaron algo mio sin pedirme permiso y no lo digo seguido,enojo
termino mi relacion pero necesitaba decirlo,triste
es que tengo miedo de caerle mal sin querer,miedo
hoy me alegra que todo haya salido bien y estoy muy contento,feliz
ya me canse de repetirte lo mismo y no lo voy a tolerar,enojo
en serio no quiero mandar el audio por miedo a como sueno de verdad,miedo
hoy odio esta situacion por todo lo que paso,enojo
desde hace dias me paralizo cuando tengo que decidir de verdad,miedo
parce quedamos de una con el plan,feliz
te cuento que me salio el traslado que pedi y no se que hacer,feliz
fijate que no tengo con quien hablar de verdad,triste
es que me tiene con los nervios destrozados la verdad,miedo
te juro que me copiaron el trabajo y lo publicaron como propio y me afecta mucho,enojo
en serio no es la primera vez y eso me tiene agotado sinceramente,enojo
mira tengo miedo de decir algo y que lo malinterpreten y me afecta,miedo
hoy si me cai en el trabajo y me afectó mucho,triste
lo que pasa es que me dijeron que me quieren y es agotador,feliz
sinceramente me tocó pagar una multa que no era justa y eso me duele,enojo
fijate que termine todo lo que tenia pendiente y eso me tiene mal,feliz
la verdad me sorprendieron hoy,feliz
vieja me siento re bien parce,feliz
ahora mismo el profesor me felicito por el trabajo y me pesa cargarlo solo,feliz
fijate que no quiero mandar el audio por miedo a como sueno pero ya no puedo mas,miedo
oye siento que nadie me toma en serio sinceramente,enojo
de verdad no te lo voy a perdonar tan facil y punto,enojo
no te miento publico algo que me dejo muy mal y no puedo evitarlo,triste
hermano me cambiaron el turno sin avisarme pero bueno,enojo
sinceramente no puedo creer lo que hicieron de verdad,enojo
la verdad es que termine la semana sin ningun problema y no se que hacer,feliz
fijate que me corrigieron el tono sin escuchar lo que dije y me pesa cargarlo solo,enojo
ahora mismo dije algo que no quise decir y no se como explicarlo y nadie lo entiende,triste
ahora mismo no tuve ganas de comer sinceramente,triste
es que me citaron a declarar y estoy muy nervioso parce,miedo
oye me pusieron en evidencia en un grupo y me afecta mucho,enojo
el resultado me tiene muy angustiado,miedo
la verdad no tengo con quien hablar y es agotador,triste
hoy me llamaron de un numero desconocido pero necesitaba decirlo,miedo
mira fallecio alguien cercano,triste
no te miento me subieron el sueldo y me pesa cargarlo solo,feliz
bro dijeron mentiras sobre mi en redes pero bueno,enojo
vieja el transporte salio tardisimo y llegue tarde por eso parce,enojo
no te miento estoy muy asustado con lo que puede pasar la verdad,miedo
para serte honesto no se como decirlo sin que se enojen y nadie lo entiende,miedo
oye me prometieron el trabajo y al final le dieron a otro y ya,enojo
ahora mismo pude expresarme sin que me juzgaran y trato de disimularlo,feliz
hoy todo me da miedo esta semana,miedo
oye me ignoraron completamente y eso me pesa,enojo
en serio me respondieron que si al proyecto,feliz
la verdad ya no quiero hablar de eso porque nadie entiende bro,triste
hermano me pone muy ansioso pensar en eso y me tiene mal,miedo
ultimamente me cobraron de mas sin avisar pero no digo nada,enojo
te cuento que nacio mi hija y ya,feliz
estoy muy contento con los avances en serio,feliz
mira lo que paso usaron lo que les conte en mi contra y no se que hacer,enojo
hoy no quise hablar con nadie hoy todo el tiempo,triste
fijate que me siento desconectado de todo y necesito que alguien me entienda,triste
es que perdi una oportunidad importante y ya,triste
me sacaron la paciencia por todo lo que paso,enojo
sinceramente me siento horrible hoy esta semana,triste
la verdad quiero estar solo y no se que hacer,triste
te juro que eso no estuvo bien para nada y ya me canse,enojo
ahora mismo lei el mensaje mal y arruine todo y me cuesta mucho,triste
me siento sin energia en este momento,triste
me angustia no tener todo claro a mi edad,miedo
te cuento que nos separamos despues de mucho tiempo y nadie lo sabe,triste
en serio tengo miedo de ver lo que me respondieron y me tiene agotado,miedo
no me merecia este trato y eso me pesa,enojo
que buena experiencia fue esa de verdad,feliz
en serio tengo ansiedad de pensar en el futuro bro,miedo
no te miento me mintieron en mi cara y necesito que alguien me entienda,enojo
mira hoy hice algo que me daba mucho miedo y salio bien y ya,feliz
me dieron el trabajo que queria sinceramente,feliz
todo el mundo parece tener todo claro menos yo men,triste
la verdad todo esta mejorando y no se que hacer,feliz
en serio me siento muy decaido en este momento de verdad,triste
es que me tienen hasta la coronilla y nadie lo sabe,enojo
la verdad me salio rico lo que cocine y necesito que alguien me entienda,feliz
me tiene muy angustiado esa situacion la verdad,miedo
sinceramente quiero estar solo por todo lo que paso,triste
lo que pasa es que siento una tristeza profunda que no pasa y no lo puedo superar,triste
ahora mismo pude decir lo que sentia sin miedo y no es facil admitirlo,feliz
ultimamente todo esta mejorando con todo lo que paso,feliz
me mencionaron en algo que me puso en ridiculo de verdad,enojo
mira me regalaron algo que queria hace mucho,feliz
no te miento me tiene con los nervios destrozados y eso me duele,miedo
la verdad odio esta situacion y me afecta mucho,enojo
te cuento que tengo miedo de que me quiten el trabajo parce,miedo
no te miento ya les dije mil veces y no cambia nada sinceramente,enojo
lo que es cierto es que estoy muy contento con los avances,feliz
desde hace dias tengo miedo de que se den cuenta que no entiendo pero necesitaba decirlo,miedo
me tiene con los nervios destrozados parce,miedo
sinceramente gane el concurso y necesito que alguien me entienda,feliz
la verdad me siento inseguro en este momento,miedo
que buen dia para estar bien,feliz
parce quede encantado con como salio todo,feliz
es que tengo miedo de que me quiten el trabajo de verdad,miedo
hoy me sacaron la paciencia desde hace dias,enojo
me dejaron plantado y ni se disculparon y me cuesta mucho,enojo
te cuento que me hicieron sentir especial y no se que hacer,feliz
parce hoy amaneci con toda la actitud y no puedo evitarlo,feliz
hoy siento que me estoy quedando sin opciones pero necesitaba decirlo,miedo
es que me critican las decisiones sin conocer mi situacion,enojo
no te miento nadie me escucha sinceramente,triste
sinceramente me hicieron sentir especial y no lo puedo ocultar,feliz
lo que pasa es que tengo miedo de mandar ese mensaje y que lo tomen mal y nadie lo entiende,miedo
en serio me tiene completamente harto todo el tiempo,enojo
me siento muy afortunado en serio,feliz
lo que pasa es que tengo miedo de decir algo fuera de lugar y me pesa cargarlo solo,miedo
ahora mismo me siento derrotado todo el tiempo,triste
definitivamente esto arruino mi dia en este momento,enojo
es que estoy muy ilusionado con lo que viene la verdad,feliz
la verdad es que me interrumpieron cada vez que hable y quisiera que alguien me ayudara,enojo
desde hace dias me pone muy nervioso hablar en publico todo el tiempo,miedo
la verdad ya nada es igual,triste
oye me preocupa tanto que no puedo dormir de verdad,miedo
en serio hoy fue exactamente lo que necesitaba y no se que hacer,feliz
en este momento me sacaron la paciencia esta semana,enojo
te juro que dije algo que no quise decir y no se como explicarlo y me tiene agotado,triste
hoy me toco dejar los estudios por plata y me tiene mal,triste
ultimamente siento que a nadie le importo y me afecta mucho,triste
ahora mismo me tratan diferente y no entienden por que me molesta y no puedo evitarlo,enojo
es que vi que estaba en linea pero no me respondio y nadie lo entiende,triste
fijate que subi una foto y me arrepenti de haberla subido la verdad,triste
te cuento que me hicieron fila tres horas y no me atendieron y me cuesta mucho,enojo
oye me ignoraron durante horas y me tiene mal,enojo
hoy estoy agotado de tener que explicar como me siento de verdad,triste
mira nada de lo que hago vale la pena y no puedo evitarlo,triste
que buen momento para estar feliz en serio,feliz
mira me siento completo otra vez,feliz
la verdad me cuesta aceptar que eso ya termino de verdad,triste
desde hace dias me prometieron que no volveria a pasar pero ya no puedo mas,enojo
te juro que me enoja mucho lo que dijiste de verdad,enojo
parce estoy con el animo muy por el piso pero bueno,triste
la verdad me dejaron plantado y ni se disculparon y eso me duele,enojo
la verdad es que el profesor me felicito por el trabajo y no es facil admitirlo,feliz
no quise hablar con nadie hoy y necesito que alguien me entienda,triste
para serte honesto estoy realmente indignado y no se que hacer,enojo
te digo que me aterra quedarme sin opciones y me tiene muy nervioso,miedo
desde ayer me tienen harto con esto en este momento,enojo
hermano estoy con el animo muy por el piso y ya,triste
hoy no se que va a pasar,miedo
no te miento estoy rodeado de gente y me siento solo todo el tiempo,triste
sinceramente siento que algo no esta bien aunque todo parece normal,miedo
lo que pasa es que el resultado me tiene muy angustiado y eso me pesa,miedo
es que tuve que dejar mis estudios sinceramente,triste
ahora mismo no tengo ganas de nada todo el tiempo,triste
estoy muy deprimido en este momento y no se como seguir,triste
ultimamente siempre me pasa lo mismo con las mismas personas y quisiera que alguien me ayudara,enojo
que dia tan bueno fue hoy y estoy muy contento,feliz
hicimos una reunioncita y quedo muy buena y me tiene mal,feliz
lo que es cierto es que me siento muy bien en este momento,feliz
en serio me dejo mi novio y estoy muy mal y me tiene mal,triste
no se si lo que estoy haciendo es lo correcto la verdad,miedo
hoy me hicieron firmar algo que no entendi de verdad,enojo
fijate que no puedo mas con tanto todo el tiempo,triste
es que dijeron mentiras sobre mi en redes,enojo
sinceramente aprobe todas las materias este semestre la verdad,feliz
mira lo que paso no supe si era una broma o algo serio y no es facil admitirlo,triste
hoy tengo miedo de embarrarla con esa decision de verdad,miedo
la verdad me tiene muy bravo la falta de respeto,enojo
no te miento hoy amaneci con mucha energia y no se que hacer,feliz
es que me echaron sin explicacion,triste
fijate que me faltaron el respeto y necesito que alguien me entienda,enojo
fijate que me descuentan del sueldo cosas que no firmé,enojo
ultimamente me tratan diferente por ser joven,enojo
defendi mi proyecto y quede bien sinceramente,feliz
en serio por fin lo logre y me afecta mucho,feliz
estoy demasiado feliz,feliz
te cuento que me cancelaron a ultimo momento y no lo puedo ocultar,enojo
te cuento que me cobraron de mas y no me quieren devolver y no puedo evitarlo,enojo
en serio hoy fue un dia increible,feliz
mira no estudie suficiente para esto y ya,miedo
sinceramente estoy muy preocupado en este momento,miedo
es que nadie entendio como me sentia de verdad,triste
no voy a tolerar esto mas y me parece muy mal,enojo
definitivamente estoy cansado mentalmente esta semana,triste
no te miento me da terror enfrentar esto solo y me afecta mucho,miedo
mira termino mi carrera,feliz
hoy me trataron como si yo fuera el problema parce,enojo
mira estoy muy mamado de todo,triste
oye me dicen que me esfuerce mas cuando ya doy todo,enojo
no te miento siento que voy a fallar manana y me afecta,miedo
oye publicaron algo mio sin pedirme permiso y me cuesta mucho,enojo
es que me dejaron y ya,triste
me cambiaron el trabajo sin consultarme y no lo digo seguido,enojo
ahora mismo me preocupa tanto que no puedo dormir y eso me pesa,miedo
ultimamente no se si estan enojados conmigo o es mi imaginacion pero necesitaba decirlo,miedo
lo que pasa es que tengo miedo de caerle mal sin querer,miedo
es que vi las historias de todos y me senti muy mal y ya,triste
tengo ansiedad de pensar en todo lo que falta la verdad,miedo
hoy no tengo ganas de nada en este momento,triste
ultimamente estoy harto de todo todo el tiempo,enojo
te cuento que tuve que repetir lo mismo mil veces sinceramente,enojo
te cuento que tengo miedo de que sea algo grave y es agotador,miedo
la verdad hoy me di cuenta que avance mucho y no puedo evitarlo,feliz
ahora mismo ya no tengo fuerzas para nada y necesito que alguien me entienda,triste
sinceramente pude expresarme sin que me juzgaran,feliz
siento un vacio que no puedo llenar y no lo puedo superar,triste
lo que pasa es que me dijeron que exageraba pero necesitaba decirlo,enojo
hoy fue exactamente lo que necesitaba men,feliz
no puedo creer que me cansas con tanta excusa y no lo entiendo,enojo
te juro que estoy cansado de aparentar que todo esta bien y nadie lo entiende,triste
ahora mismo me canse de pedir lo mismo sin resultado y eso me tiene mal,enojo
para serte honesto me dieron el viernes libre y me tiene agotado,feliz
fijate que tengo miedo de llegar a cierta edad sin haber logrado nada y me afecta,miedo
es que las cosas ya no son como antes pero bueno,triste
estoy muy bravo con lo que paso parce,enojo
me prometieron que no volveria a pasar y no se como manejarlo,enojo
te cuento que siento que se me acaba el tiempo,miedo
me tiene muy intranquilo todo esto y eso me duele,miedo
hoy me tiene muy cansado esa actitud la verdad,enojo
en serio me encontre con un amigo que no veia hace tiempo y ya,feliz
hoy tengo panico de fallar cuando todos confian en mi,miedo
en serio tuve que repetir lo mismo mil veces,enojo
oye me da miedo ir al medico y es agotador,miedo
sinceramente ya no tengo fuerzas para nada y es agotador,triste
me siento muy afortunado sin duda,feliz
no te miento nadie me eligio para su equipo y no lo digo seguido,triste
estoy que no me la creo de verdad,feliz
en serio me tiene muy preocupado lo que esta pasando,miedo
es que no tenemos para el arriendo este mes y ya,triste
sinceramente me siento vacio y no se que hacer,triste
que irresponsable eres con todo y me parece muy mal,enojo
desde ayer hoy fue maravilloso todo el tiempo,feliz
me dieron la visa la verdad,feliz
de verdad me duele mucho haberlo perdido y quisiera que no fuera así,triste
fijate que me hicieron una videollamada sorpresa sinceramente,feliz
en serio no puedo creer que hayan hecho eso de verdad,enojo
fijate que estoy muy ido hoy no se que me pasa hermano,triste
ahora mismo me siento horrible hoy esta semana,triste
te cuento que dijeron cosas que no son verdad sobre mi y me afecta mucho,enojo
mira lo que paso tengo miedo de que las cosas cambien de repente y no puedo evitarlo,miedo
hoy me preocupa tanto que no puedo dormir y no se que hacer,miedo
desde hace dias me dejaron solo en esto y me tiene mal,triste
ya me canse de esto en este momento,enojo
lo que pasa es que siento que perdi algo muy importante y no se como seguir,triste
oye llegue a los seguidores que queria y me afecta,feliz
mira me tiene muy bajoneado lo que paso y eso me duele,triste
no te miento mi mejor amigo se fue a vivir lejos y no se que hacer,triste
no se si contarte pero me dijeron que cambie como si estuviera mal ser yo y no se como manejarlo,triste
me da mucho miedo estar solo en esto y eso me preocupa mucho,miedo
oye no quise hablar con nadie hoy y no puedo evitarlo,triste
en este momento ya no quiero hablar y me afecta mucho,triste
me hicieron firmar algo que no entendi y no se que hacer,enojo
ahora mismo siento que no encajo en ningún lado y no se que hacer,triste
la verdad me echaron la culpa de algo que hizo otro,enojo
que buen dia tuve hoy en serio y estoy muy contento,feliz
te cuento que fallecio alguien cercano de verdad,triste
la verdad es que me da mucho miedo enfrentar esta situacion de verdad,miedo
hoy me siento en paz y no puedo evitarlo,feliz
hoy me dejaron hacer todo el trabajo solo otra vez,enojo
es que mi jefe quedo contento con mi trabajo y no lo digo seguido,feliz
en este momento me siento increible ultimamente,feliz
para serte honesto todo tiene sentido ahora,feliz
ahora mismo siento que no soy tan inteligente como los demas y me afecta mucho,triste
mira no duermo de la preocupacion y necesito que alguien me entienda,miedo
hoy me angustia no saber como interpretar eso pero ya no puedo mas,miedo
la verdad es que me decepciono mucho lo que hiciste sin excusas,enojo
sinceramente ya me colmaste la paciencia y me parece muy mal,enojo
mira termine el curso que venia haciendo,feliz
hicimos una reunioncita y quedo muy buena y ya,feliz
es que me da miedo decepcionarme a mi mismo y nadie lo entiende,miedo
mira manana tengo una prueba importante y estoy nervioso pero no digo nada,miedo
oye siento que fracase y no lo puedo ocultar,triste
me respondieron que si al proyecto y me cuesta aceptarlo,feliz
realmente me siento motivado y eso me alegra,feliz
para serte honesto me excluyeron de la decision sin explicacion y me cuesta mucho,enojo
me descuentan del sueldo cosas que no firmé hermano,enojo
me salio redondo todo hoy de verdad,feliz
hoy estoy agotado emocionalmente y me afecta mucho,triste
fijate que me cambiaron las condiciones a ultimo momento,enojo
que alegria tan grande la que siento y estoy muy agradecido,feliz
es que esto me pone de muy mal humor sin excusas,enojo
ultimamente el resultado me tiene muy angustiado y me tiene mal,miedo
fijate que me siento re bien parce y no es facil,feliz
siento un dolor muy grande en el pecho,triste
en serio me prometieron que no volveria a pasar y trato de disimularlo,enojo
hoy siento mucha presion por todo lo que paso,miedo
hoy me pusieron obstaculos que no tenian sentido y no se que hacer,enojo
oye me tiene harto tu falta de respeto y eso no esta bien,enojo
realmente estoy muy enojado y estoy cansado,enojo
en este momento me siento muy feliz todo el tiempo,feliz
ahora mismo estoy harto de esto todo el tiempo,enojo
la verdad es que estoy muy apenado con lo que paso y no lo puedo superar,triste
la verdad es que siento una tristeza que no me abandona,triste
no se si contarte pero ya les dije mil veces y no cambia nada y no se que hacer,enojo
te juro que el profesor me felicito por el trabajo y me pesa cargarlo solo,feliz
oye mi familia esta bien y no lo puedo ocultar,feliz
es que mi equipo gano hoy y estoy feliz pero bueno,feliz
hoy siento que si me equivoco no hay vuelta atras bro,miedo
me duele mucho esta situacion de verdad,triste
en serio siento que nadie me toma en serio y no se que hacer,enojo
sinceramente me siento destruido otra vez,triste
lo que pasa es que me dejaron solo en esto y no puedo evitarlo,triste
siento una inquietud que no me deja tranquilo,miedo
fijate que me tiene muy apagado esta situacion parce,triste
es que me hablaron muy feo sin ninguna razon y ya,enojo
en este momento no tengo ganas de nada todo el tiempo,triste
la verdad siento que todo el mundo sigue y yo me quede quieto,triste
la verdad mi pareja me sorprendio de verdad,feliz
me aterra la idea de perder todo y eso me preocupa mucho,miedo
me da mucho miedo enfrentar esta situacion,miedo
de verdad que irresponsable eres con todo y me parece muy mal,enojo
honestamente no voy a tolerar esto mas y no lo entiendo,enojo
me siento muy bien con todo y estoy muy contento,feliz
hoy me llamaron de la empresa y no dijeron para que y no puedo evitarlo,miedo
lo que pasa es que me fui de la reunion antes porque no podia mas pero ya no puedo mas,triste
ultimamente me siento horrible hoy esta semana,triste
te digo que estoy muy asustado sin saber que hacer,miedo
ultimamente ya me canse de esto y no se que hacer,enojo
honestamente me produce rabia pensar en lo que hiciste de verdad,enojo
en serio me rechazaron y duela mucho y me tiene mal,triste
vieja hoy fue un dia muy chévere y no es facil,feliz
la verdad es que me excluyeron de la decision sin explicacion y no puedo evitarlo,enojo
la verdad es que tengo miedo de que se den cuenta que no entiendo y no se que hacer,miedo
hoy me faltaron el respeto delante de todos y me tiene mal,enojo
fijate que me toco el dia libre de verdad,feliz
sinceramente me tiene muy enojado esa situacion de verdad,enojo
te cuento que ya no hablo con alguien que queria mucho,triste
no te miento las cosas estan saliendo como quiero de verdad,feliz
es que hoy amaneci con toda la actitud y no es facil,feliz
definitivamente me siento furioso,enojo
hoy me enfurece que actuen asi otra vez,enojo
sinceramente no puedo mas con tanto sinceramente,triste
hoy me tiene con los nervios destrozados hermano,miedo
sinceramente me toco vender el carro que tanto queria y ya,triste
fijate que llevo dias aguantando esto y ya no puedo y nadie lo entiende,enojo
la verdad siento demasiado temor,miedo
en este momento todo me fastidia en este momento,enojo
hoy tengo panico desde hace dias,miedo
hermano mi equipo gano hoy y estoy feliz de verdad,feliz
desde ayer hoy fue maravilloso desde hace dias,feliz
hoy por fin me salio el pasaporte la verdad,feliz
fijate que estoy muy emocionado con lo que viene y me cuesta aceptarlo,feliz
la verdad estoy muy bravo con lo que paso y no es facil,enojo
la verdad no me toman en serio por mi edad y me afecta,enojo
ultimamente me bloquearon sin darme ninguna explicacion,enojo
vieja me toco irme del barrio que queria y me tiene mal,triste
la verdad hoy fue un gran dia por todo lo que paso,feliz
me hicieron sentir mal por preguntar,enojo
la verdad me estan ocultando algo y eso me pone nervioso la verdad,miedo
oye hoy amaneci con toda la actitud,feliz
men me mencionaron en algo que me puso en ridiculo,enojo
sinceramente tengo panico de fallar frente a todos pero no digo nada,miedo
no te miento me da pena que se den cuenta que no entendi parce,miedo
no se si contarte pero me excluyeron de la decision sin explicacion y me afecta mucho,enojo
la verdad tengo los mejores amigos sinceramente,feliz
lo que pasa es que no se que va a pasar con mi vida y es agotador,miedo
realmente me siento increible en este momento,feliz
te cuento que estoy muy mamado de todo y ya,triste
para serte honesto me da miedo pedir ayuda todo el tiempo,miedo
fijate que estoy que no me la creo y nadie lo sabe,feliz
en serio siempre me pasa lo mismo con las mismas personas y no se como manejarlo,enojo
es que no se si voy a poder con lo que viene,miedo
lo que pasa es que ya no tengo fuerzas para nada y es agotador,triste
en serio me pidieron algo de ultimo momento y me afecta mucho,enojo
la verdad estoy con una nota hoy y me tiene mal,feliz
la verdad es que estoy muy feliz con mis logros y no lo puedo creer,feliz
mira lo que paso me cambiaron el trabajo sin consultarme,enojo
mi mejor amigo se fue a vivir lejos y me afecta,triste
sinceramente me dejo de seguir en redes sociales y me afecta mucho,triste
la verdad me dijeron que me quieren y me tiene mal,feliz
mira me ignoraron cuando tenia toda la razon hermano,enojo
nos separamos despues de mucho tiempo y no puedo evitarlo,triste
no se si contarte pero me tratan diferente y no entienden por que me molesta y no es facil admitirlo,enojo
es que siento que cargo con demasiado para mi edad,triste
ya no hablo con alguien que queria mucho y nadie lo sabe,triste
hoy tengo panico de fallar frente a todos,miedo
estoy con una nota hoy pero bueno,feliz
no puedo creer tu irresponsabilidad sin excusas,enojo
mira lo que paso me pusieron el visto y luego respondieron bien y no lo digo seguido,feliz
que mal comportamiento tienes y me parece muy mal,enojo
que descarado eres en serio en serio,enojo
quedamos de una con el plan y ya,feliz
fijate que estoy muy nervioso con esa vuelta parce,miedo
oye me tienen hasta la coronilla la verdad,enojo
realmente me siento horrible en este momento,triste
hicimos sancocho en familia y fue muy rico de verdad,feliz
te juro que me mandaron buenas noticias por whatsapp y no se que hacer,feliz
parce el partido de colombia salio bien la verdad,feliz
hoy me siento sin energia por todo lo que paso,triste
me prometieron algo y no lo cumplieron de verdad,enojo
la verdad no se que va a pasar y eso me preocupa,miedo
vieja mi familia esta pasando un momento muy dificil,triste
hoy me da pena hablar en publico y manana me toca y no se que hacer,miedo
no te miento perdi algo muy importante la verdad,triste
ultimamente me siento muy bien con mi proceso,feliz
me dejaron esperando sin explicacion,enojo
ultimamente me cobraron de mas sin avisar y me afecta mucho,enojo
me da pena decirlo pero cargue con toda la responsabilidad del grupo y me pesa cargarlo solo,enojo
ultimamente nada tiene sentido y me duele mucho,triste
la verdad me siento derrotado desde hace dias,triste
me duele mucho haberlo perdido,triste
fijate que no tengo plan b si esto falla de verdad,miedo
la verdad me saca de quicio que no cambien nada,enojo
sinceramente estoy muy bacano con la noticia pero bueno,feliz
oye todo el mundo sigue y yo estoy quieto,triste
la verdad es que estoy muy apenado por todo lo que perdí y no lo puedo superar,triste
fijate que me graduo este sabado,feliz
definitivamente me siento feliz en este momento,feliz
no te miento me trataron muy mal sin razon de verdad,enojo
me tocó madrugar y no dormí nada y encima salio mal y nadie lo sabe,triste
es que tengo miedo de caerle mal sin querer y me afecta mucho,miedo
men ya no tengo energia para nada de lo que antes me gustaba y ya,triste
claro como no perfecto momento para esto,enojo
lo que es cierto es que que buen dia tuve hoy en serio de verdad,feliz
hoy me prometieron el trabajo y al final le dieron a otro y nadie lo sabe,enojo
fijate que me pidieron que fuera a recursos humanos parce,miedo
es que hoy fue exactamente lo que necesitaba y me afecta,feliz
en serio me tiene muy bajoneado lo que paso parce,triste
fijate que me fallaron cuando mas los necesitaba y ya,triste
es que vi algo que me dejo muy intranquilo y no puedo evitarlo,miedo
mira lo que paso no supe leer la situacion y meti la pata y no se como manejarlo,triste
me cancelaron la cita sin avisar,enojo
te cuento que me cambiaron las condiciones a ultimo momento pero necesitaba decirlo,enojo
no te miento me fui de la reunion antes porque no podia mas y me cuesta mucho,triste
me da pavor la incertidumbre que siento,miedo
hoy me dejo mi novio y estoy muy mal y no es facil,triste
sinceramente me tiene muy cansado esta gente de verdad,enojo
la verdad cambiaron todo sin avisarme la verdad,enojo
estoy muy cansado de lucharla solo la verdad,triste
me da pena decirlo pero no se si actue bien y eso no me deja tranquilo y me tiene agotado,miedo
hoy todo el mundo sigue y yo estoy quieto,triste
fijate que hable con alguien nuevo y no fue tan malo y nadie lo entiende,feliz
es que tengo miedo de que me vaya mal en las parciales pero bueno,miedo
es que quise decir algo pero no encontre las palabras de verdad,triste
la verdad ya no quiero hablar de eso porque nadie entiende la verdad,triste
en este momento me siento decepcionado y me afecta mucho,triste
pase el dia en cama otra vez,triste
lo que es cierto es que que bonito momento vivimos hoy de verdad,feliz
no se si contarte pero me ofrecieron un mejor cargo y no se que hacer,feliz
hoy me citaron a declarar y estoy muy nervioso y me cuesta mucho,miedo
te juro que tengo miedo de caerle mal sin querer y eso me tiene mal,miedo
estoy muy ido hoy no se que me pasa y nadie lo sabe,triste
hoy me siento feliz desde hace dias,feliz
sinceramente tengo miedo de lo que no puedo ver,miedo
no voy a seguir tolerando esto en serio,enojo
sinceramente todo tiene sentido ahora sinceramente,feliz
ahora mismo estoy disfrutando mucho y me encanta,feliz
no voy a seguir tolerando esto y ya me canse,enojo
no te miento me dejaron hacer todo el trabajo solo y necesito que alguien me entienda,enojo
ahora mismo esto es injusto ultimamente,enojo
desde hace dias nadie me eligio para su equipo de verdad,triste
en serio siento que estoy muy solo en todo esto,triste
ultimamente me costo mucho levantarme hoy y me tiene mal,triste
la verdad todo el mundo sigue y yo estoy quieto,triste
en serio hoy descanse bien por primera vez en mucho tiempo,feliz
me canse de pedir lo mismo sin resultado y no lo digo seguido,enojo
mira lo que paso me pusieron en evidencia en un grupo y no es facil admitirlo,enojo
eso estuvo muy mal de tu parte y no lo entiendo,enojo
hoy cumpli mi meta del año la verdad,feliz
realmente me siento motivado otra vez,feliz
me estan ocultando algo y eso me pone nervioso pero bueno,miedo
la verdad me pidieron que fuera a recursos humanos pero bueno,miedo
en serio me siento muy mal por todo lo vivido y no se como seguir,triste
sinceramente eso no estuvo bien para nada y ya me canse,enojo
sabes que estoy muy agradecido por este momento de verdad,feliz
es que no se si voy a poder sostenerme solo,miedo
en serio hoy descanse muy bien y es agotador,feliz
hoy me quede callado cuando debi haber hablado pero ya no puedo mas,triste
estoy muy agradecido con todos de verdad,feliz
para serte honesto manana tengo una prueba importante y estoy nervioso y me tiene mal,miedo
me robaron hoy y ya,enojo
te digo que todo el mundo parece tener todo claro menos yo bro,triste
es que hoy me senti muy bien conmigo mismo bro,feliz
oye no se si voy a poder sostenerme solo,miedo
te digo que me siento muy feliz con mi familia y estoy muy agradecido,feliz
ahora mismo tengo miedo de haber arruinado algo sin saberlo y quisiera que alguien me ayudara,miedo
de verdad no puedo con esta rabia que siento,enojo
fijate que me citaron a declarar y estoy muy nervioso y eso me duele,miedo
men me saca de quicio que no cambien nada,enojo
hoy mi equipo gano hoy y estoy feliz la verdad,feliz
no te miento siento que las cosas mejoran y no puedo evitarlo,feliz
hermano me da muy duro enfrentar esa conversacion y ya,miedo
hermano estoy con el animo muy por el piso y no es facil,triste
la verdad mi familia estuvo muy unida hoy y me tiene mal,feliz
no se si contarte pero no supe como responder y ahora me arrepiento pero necesitaba decirlo,triste
desde ayer me siento derrotado todo el tiempo,triste
es que fallecio alguien cercano y me tiene mal,triste
lo que es cierto es que estoy muy contento y agradecido y no lo puedo creer,feliz
no quiero ir,miedo
estoy muy bravo con lo que paso de verdad,enojo
la verdad es que no se si ese mensaje significaba lo que creo,miedo
te cuento que no puedo mas con tanto y no se que hacer,triste
sinceramente hicieron como si yo no existiera en la reunion y me tiene agotado,enojo
mira me cambiaron las condiciones a ultimo momento la verdad,enojo
hoy me pelee con mi mejor amigo y me duele mucho y me cuesta mucho,triste
sinceramente siento que algo malo va a pasar y no lo puedo ocultar,miedo
es que me tiene con los nervios destrozados y no es facil,miedo
sinceramente todo me pone mal esta semana,triste
ultimamente me siento muy triste por todo lo que paso,triste
desde ayer tengo mucho miedo por todo lo que pasa,miedo
oye me borraron un comentario que tenia toda la razon,enojo
para serte honesto me fui de la reunion antes porque no podia mas,triste
no se si contarte pero me dijeron que exageraba y me cuesta mucho,enojo
no puedo creer que me agota tu comportamiento y me parece muy mal,enojo
parce hicimos una reunioncita y quedo muy buena y ya,feliz
sinceramente estoy re contento con todo de verdad,feliz
hermano no tenemos para el arriendo este mes pero bueno,triste
sinceramente me duele mucho esto ultimamente,triste
ultimamente esto es injusto otra vez,enojo
me mencionaron en algo que me puso en ridiculo y no es facil,enojo
lo que es cierto es que que experiencia tan maravillosa fue sin duda,feliz
te digo que siento que ya no tengo fuerzas para nada y no lo puedo superar,triste
hoy esto me molesta demasiado desde hace dias,enojo
sinceramente estoy muy bajoneado con todo,triste
hermano me toco dejar los estudios por plata y me cuesta mucho,triste
fijate que me salio el cupo en el sena,feliz
es que siento una angustia muy grande ahora y no puedo calmarlo,miedo
sinceramente tengo miedo de mandar ese mensaje y que lo tomen mal y me afecta mucho,miedo
lo que pasa es que siento tristeza cuando pienso en eso y me duele mucho,triste
desde hace dias me da terror enfrentar esto solo pero no digo nada,miedo
no te miento tuve que dejar mis estudios,triste
hoy tengo panico de que algo que dije llegue a las manos equivocadas,miedo
sinceramente siento una pena muy grande ahora de verdad,triste
te cuento que me cuesta aceptar que eso ya termino la verdad,triste
la verdad es que siento que el tiempo no cura esto y no lo puedo superar,triste
termine todo lo que tenia pendiente y eso me tiene mal,feliz
no te miento me salio el negocio que queria hermano,feliz
lo que pasa es que me da terror decepcionar a alguien que confio en mi y me pesa cargarlo solo,miedo
me pusieron obstaculos que no tenian sentido pero bueno,enojo
sinceramente tengo un miedo que no me deja pensar de verdad,miedo
tengo miedo de fallar y me afecta mucho,miedo
ultimamente me dijeron que cambie como si estuviera mal ser yo de verdad,triste
no puedo creer que eso que hiciste estuvo muy feo de verdad,enojo
no te miento me pusieron a hacer el trabajo de todos hermano,enojo
sinceramente me siento nervioso por todo lo que pasa,miedo
oye llegue y me dijeron que no habia cupo pero necesitaba decirlo,enojo
ultimamente me copiaron el contenido y ni siquiera lo cambiaron la verdad,enojo
oye me sacaron de la jugada sin ninguna explicacion y eso me duele,enojo
ultimamente me hicieron perder el tiempo y estoy cansado,enojo
la verdad me fui de viaje y no puedo evitarlo,feliz
la verdad es que estoy emocionado con las noticias y es lo mejor que me paso,feliz
desde ayer me siento muy feliz,feliz
la verdad ya no tengo ganas en este momento,triste
es que me puse muy feliz con eso parce y me cuesta mucho,feliz
me pelee con mi mejor amigo y me duele mucho y me tiene mal,triste
la verdad es que me entristece mucho lo que paso y no se como seguir,triste
la verdad me paraliza no saber cual es el camino correcto y no puedo evitarlo,miedo
ultimamente me siento destruido desde hace dias,triste
te juro que hable con alguien nuevo y no fue tan malo y me pesa cargarlo solo,feliz
me duele mucho lo que me dijeron,triste
me tiene muy enojado esa situacion parce,enojo
me respondieron con mala cara sin razon de verdad,enojo
la verdad todo cambio de golpe de verdad,triste
te juro que me canse de aguantarte en serio,enojo
para serte honesto me subieron el sueldo de verdad,feliz
me echaron la culpa de algo que no hice y eso me pesa,enojo
me embargaron la cuenta y no entiendo por que y no se que hacer,miedo
es que me interrumpieron cada vez que hable y no lo digo seguido,enojo
hoy mi familia esta bien otra vez,feliz
te juro que nadie me eligio para su equipo pero ya no puedo mas,triste
ultimamente me da ansiedad cuando hay silencio en la conversacion y no se que hacer,miedo
honestamente ya me canse de repetirte lo mismo de verdad,enojo
estoy demasiado preocupado,miedo
lo que pasa es que me siento muy solo y abandonado y no se como seguir,triste
hoy termino mi carrera y me afecta mucho,feliz
hoy siento que algo no esta bien aunque todo parece normal y no se que hacer,miedo
sinceramente me entristece mucho esta situacion y no se como seguir,triste
no te miento logre lo que queria y me afecta mucho,feliz
desde hace dias mi familia esta bien y ya,feliz
mira me salio el negocio que queria hermano,feliz
es que vi que estaba en linea pero no me respondio pero ya no puedo mas,triste
oye no puedo con esta rabia que siento sin excusas,enojo
en serio minimizaron lo que sentia y no puedo evitarlo,enojo
en serio me mandaron un mensaje muy agresivo pero ya no puedo mas,enojo
es que me cambiaron el trabajo sin consultarme y no lo digo seguido,enojo
en serio hicimos una reunioncita y quedo muy buena y no puedo evitarlo,feliz
me cambiaron el turno sin avisarme y ya,enojo
que noticia tan buena me dieron,feliz
lo que pasa es que me tiene indignado lo que paso y eso no esta bien,enojo
no te miento no quise hablar con nadie hoy,triste
definitivamente me siento increible y me encanta,feliz
es que no se si voy a poder sostenerme solo y me afecta,miedo
no te miento me cayo muy bien esa persona y ya,feliz
no tuve ganas de comer y me afecta mucho,triste
hoy descanse bien por primera vez en mucho tiempo y nadie lo entiende,feliz
me tienes cansado con eso,enojo
no supe si era una broma o algo serio pero necesitaba decirlo,triste
hoy estoy muy asustado con lo que puede pasar la verdad,miedo
ahora mismo tengo panico ultimamente,miedo
ahora mismo siento mucha presion esta semana,miedo
mira tengo miedo de decepcionar a todos sinceramente,miedo
te cuento que me siento muy lejos de todos y nadie lo sabe,triste
fijate que me hicieron firmar algo que no entendi sinceramente,enojo
vieja se aprovecharon de la buena fe mia y me tiene mal,enojo
sinceramente tengo mucho miedo y no puedo dormir,miedo
oye me tiene muy preocupado lo que esta pasando y me cuesta mucho,miedo
es que siento que algo no esta bien aunque todo parece normal pero bueno,miedo
es que me invitaron a algo importante y ya,feliz
la verdad es que siento una soledad enorme que me pesa,triste
ultimamente me corrigieron el tono sin escuchar lo que dije y no lo digo seguido,enojo
sinceramente me mandaron un audio muy lindo y trato de disimularlo,feliz
me tiene muy irritado todo lo que esta pasando y no es facil,enojo
no te miento me da pavor equivocarme otra vez,miedo
hoy me cobraron de mas y no me quieren devolver,enojo
la verdad me dijeron que era mi culpa cuando no lo era,enojo
oye me siento en paz pero no digo nada,feliz
ultimamente estoy muy contento y me encanta,feliz
hoy me mandaron un audio muy lindo y me cuesta mucho,feliz
te cuento que estoy realmente indignado todo el tiempo,enojo
hermano me tiene muy intranquilo todo esto y nadie lo sabe,miedo
oye me siento muy desconectado de todo y de todos y ya,triste
no se tengo ansiedad de pensar en todo lo que falta y ya,miedo
me siento muy bien por lo que logre de verdad,feliz
oye no tengo plan b si esto falla pero bueno,miedo
te digo que hoy todo el transporte me funciono perfecto la verdad,feliz
te cuento que siento que se me acaba el tiempo y no se que hacer,miedo
me puse muy feliz con eso parce de verdad,feliz
para serte honesto hoy descanse muy bien otra vez,feliz
cumpli la meta que me habia puesto,feliz
ahora mismo estoy muy emocionado,feliz
te juro que me interrumpieron cada vez que hable sinceramente,enojo
me toca salir tarde y me da miedo en la calle la verdad,miedo
estoy muy apenado y no se que decir y no se como seguir,triste
sinceramente no soporto esta situacion esta semana,enojo
oye me pone ansioso salir de casa y no lo puedo ocultar,miedo
la verdad me paraliza no saber cual es el camino correcto,miedo
ultimamente estoy muy contento hoy,feliz
en serio me angustia saber que todo queda guardado en internet,miedo
mi pareja me sorprendio y me afecta mucho,feliz
no te miento estoy con el animo muy por el piso y no es facil,triste
definitivamente todo me pone mal y me afecta mucho,triste
no te miento me da muy duro enfrentar esa conversacion,miedo
me llamaron de la empresa y no dijeron para que hermano,miedo
me da pena decirlo pero se rieron de como me exprese y no es facil admitirlo,enojo
desde hace dias me dijeron que cambie como si estuviera mal ser yo pero necesitaba decirlo,triste
ahora mismo tengo miedo de que las cosas cambien de repente pero necesitaba decirlo,miedo
la verdad tengo miedo de que me quiten el trabajo pero bueno,miedo
te cuento que tengo algo importante manana y no puedo dormir y me afecta,miedo
sinceramente me copiaron el contenido y ni siquiera lo cambiaron la verdad,enojo
realmente me siento inseguro otra vez,miedo
la verdad extraño como era todo antes sinceramente,triste
bro hoy me vi bien en el espejo y me gusto la verdad,feliz
hoy estoy muy satisfecho con todo lo hecho,feliz
vi algo que me dejo muy intranquilo pero bueno,miedo
me regalaron algo que queria hace mucho,feliz
la verdad esto arruino mi dia y me afecta mucho,enojo
la verdad es que logre cerrar el trato que necesitaba y me pesa cargarlo solo,feliz
lo que pasa es que no puedo mas con esta situacion en serio,enojo
estoy muy preocupado por lo que puede venir y eso me preocupa mucho,miedo
la verdad me siento motivado desde hace dias,feliz
en serio tengo los mejores amigos y eso me pesa,feliz
es que me cobraron mas de lo que decia el precio,enojo
no se si contarte pero me invitaron a participar en un proyecto y no puedo evitarlo,feliz
hoy hicieron lo que quisieron sin preguntarme nada pero bueno,enojo
la verdad es que me pusieron el visto y luego respondieron bien,feliz
desde hace dias llevo dias aguantando esto y ya no puedo y eso me tiene mal,enojo
oye me da ansiedad conocer gente nueva y es agotador,miedo
el silencio de esa persona me preocupa mucho y nadie lo sabe,miedo
no te miento se aprovecharon de que no sabia de verdad,enojo
la verdad ya no quiero hablar y no se que hacer,triste
es que no puedo creer que hayas hecho eso y eso no esta bien,enojo
te digo que siento una angustia muy grande ahora y no puedo calmarlo,miedo
es que hoy me senti muy a gusto con todo y me cuesta mucho,feliz
me preocupa no poder pagar el arriendo el otro mes la verdad,miedo
te digo que siento una angustia muy grande ahora y me tiene muy nervioso,miedo
la verdad es que estoy muy angustiado sin encontrar salida y no puedo calmarlo,miedo
en este momento no quiero salir solo,miedo
sinceramente me tiene completamente harto sinceramente,enojo
tengo panico de que algo me pase y no puedo calmarlo,miedo
lo que pasa es que ya no quiero esforzarme y eso me pesa,triste
en serio me quede sin trabajo y no se que hacer parce,triste
me mandaron un mensaje raro y no entiendo que quieren y no se que hacer,miedo
para serte honesto me etiquetaron en algo que me alegro el dia y trato de disimularlo,feliz
mira lo que paso no se como decirlo sin que se enojen y no se que hacer,miedo
la verdad hoy fue un gran dia desde hace dias,feliz
la verdad me siento destruido,triste
lo que pasa es que encontre lo que buscaba todo el tiempo,feliz
es que perdi mi negocio y no se como seguir,triste
fijate que estoy muy bravo con lo que paso y eso me duele,enojo
sinceramente nadie me dio una respuesta clara,enojo
hoy hoy me di cuenta que avance mucho de verdad,feliz
no te miento estoy muy nervioso con esa vuelta,miedo
mira lo que paso me dieron la nota que esperaba y no es facil admitirlo,feliz
hoy me siento re bien parce,feliz
te cuento que prometieron y no cumplieron todo el tiempo,enojo
la verdad la vida esta siendo buena conmigo sinceramente,feliz
ultimamente no se si voy a poder sostenerme solo,miedo
parce me cambiaron el turno sin avisarme la verdad,enojo
me robaron el celular y estoy muy mal y me cuesta mucho,triste
te digo que hoy me senti muy bien conmigo mismo,feliz
que felicidad tan grande siento ahora de verdad,feliz
oye me tratan diferente por ser joven de verdad,enojo
ultimamente me dijeron que me quieren todo el tiempo,feliz
sinceramente no se que quiero hacer con mi vida y nadie lo entiende,miedo
para serte honesto me pusieron en evidencia en un grupo y no se que hacer,enojo
hoy siento que todos avanzan menos yo la verdad,triste
mira lo que paso hoy me senti comodo siendo yo mismo y me pesa cargarlo solo,feliz
mira me hablaron muy feo sin ninguna razon parce,enojo
todo el mundo parece tener todo claro menos yo y me tiene pensando mucho,triste
oye me hicieron fila tres horas y no me atendieron la verdad,enojo
lo que es cierto es que me siento muy contento con la vida,feliz
tengo panico en este momento,miedo
no se hoy hice algo que me daba mucho miedo y salio bien y ya,feliz
mira me cancelaron a ultimo momento la verdad,enojo
lo que pasa es que hicieron como si yo no existiera en la reunion y me afecta mucho,enojo
sinceramente tengo ansiedad de aparecer en camara,miedo
hoy me tiene con los nervios destrozados y ya,miedo
de verdad que dia tan especial fue hoy para mi sin duda,feliz
hoy me dieron acceso a la oportunidad que queria,feliz
es que llevo dias aguantando esto y ya no puedo y trato de disimularlo,enojo
oye ya basta con esa actitud y me parece muy mal,enojo
la verdad me faltaron el respeto delante de todos hermano,enojo
lo que pasa es que me siento muy triste y desolado,triste
hoy me cambiaron las condiciones a ultimo momento,enojo
te digo que siento un vacio enorme dentro de mi,triste
fijate que me fue bien en la sustentacion y nadie lo entiende,feliz
hoy me dieron la beca de la universidad publica y eso me duele,feliz
mira lo que paso pude expresarme sin que me juzgaran y me cuesta mucho,feliz
lo que es cierto es que estoy muy emocionado con esto y es lo mejor que me paso,feliz
me da pena decirlo pero hice algo que me daba miedo y salio bien y me pesa cargarlo solo,feliz
ultimamente esto arruino mi dia,enojo
vieja me tiene con los nervios destrozados y eso me duele,miedo
hoy me dijeron que si y despues que no pero necesitaba decirlo,enojo
te cuento que me siento muy lejos de ser feliz la verdad,triste
te juro que me tiene muy irritado todo lo que esta pasando y no puedo evitarlo,enojo
ahora mismo me pusieron en evidencia en un grupo y no lo digo seguido,enojo
es que tengo miedo de responder mal y arruinar todo y no es facil,miedo
en serio todo lo que construi se cayo y me tiene mal,triste
te cuento que me pusieron a hacer el trabajo de todos parce,enojo
estoy muy ido hoy no se que me pasa la verdad,triste
ultimamente logre terminar algo que habia dejado pendiente y no lo digo seguido,feliz
hoy me siento muy bien con todo y no lo puedo creer,feliz
la verdad es que tengo miedo de que me rechacen si digo lo que pienso y no se como manejarlo,miedo
te juro que me enoja mucho lo que dijiste sin excusas,enojo
lo que pasa es que me preocupa haber dicho algo sin darme cuenta y me tiene agotado,miedo
te juro que dije algo que no quise decir y no se como explicarlo y trato de disimularlo,triste
es que hoy me senti comodo siendo yo mismo y me cuesta mucho,feliz
lo que pasa es que estoy muy bajoneado con la noticia y quisiera que no fuera así,triste
sinceramente me tiene muy triste esta vuelta hermano,triste
te cuento que me dieron informacion falsa la verdad,enojo
hoy encontre lo que buscaba y no se que hacer,feliz
definitivamente me siento lleno de energia en este momento,feliz
honestamente estoy muy enojado en este momento,enojo
lo que pasa es que me siento desconectado de todo y eso me pesa,triste
en serio me salio el primer cliente,feliz
es que no se si ese mensaje significaba lo que creo de verdad,miedo
en este momento todo esta mejorando ultimamente,feliz
para serte honesto se burlaron de mi otra vez,enojo
es que me tiene muy cansado esa actitud y no puedo evitarlo,enojo
es que siento que estoy decepcionando a todos men,triste
me da pena decirlo pero me prometieron que no volveria a pasar y me tiene agotado,enojo
no voy a tolerar esto mas y eso no esta bien,enojo
me salio el traslado que pedi y no se que hacer,feliz
siento que finjo estar bien tan seguido que ya ni se bro,triste
sinceramente tengo temor de que todo cambie de golpe de verdad,miedo
es que me independice por fin y ya,feliz
mira lo que paso entregue el proyecto a tiempo y no es facil admitirlo,feliz
hoy me mandaron buenas noticias por whatsapp pero ya no puedo mas,feliz
ahora mismo no se que va a pasar por todo lo que pasa,miedo
hoy manana es el dia y no estoy listo de verdad,miedo
oye por fin me salio el pasaporte,feliz
desde hace dias llevo dias aguantando esto y ya no puedo y no se como manejarlo,enojo
te digo que me dicen que me esfuerce mas cuando ya doy todo,enojo
sinceramente eso me pone muy furioso parce,enojo
para serte honesto me da terror que noten que estoy nervioso y no puedo evitarlo,miedo
la verdad me llamaron para el trabajo en medellin hermano,feliz
es que estoy realmente indignado,enojo
ultimamente me da miedo pedir ayuda y no se que hacer,miedo
sinceramente estoy muy cansado de lucharla solo,triste
mi jefe quedo contento con mi trabajo y me tiene agotado,feliz
me tiene muy angustiado esa situacion y ya,miedo
me da pena decirlo pero me saco del grupo sin razon y trato de disimularlo,triste
hermano me tiene muy angustiado esa situacion pero bueno,miedo
me da pena decirlo pero me respondio el mensaje que esperaba y me cuesta mucho,feliz
hoy nada me salio bien hoy y me tiene mal,enojo
tengo panico de que me pregunten algo frente a todos y trato de disimularlo,miedo
ultimamente por fin termine el proyecto y no lo puedo ocultar,feliz
ultimamente hoy fue maravilloso esta semana,feliz
definitivamente me encanta este momento en este momento,feliz
ultimamente me siento invisible y no puedo evitarlo,triste
sinceramente todo salio perfecto y me afecta mucho,feliz
realmente me siento horrible todo el tiempo,triste
ultimamente no supe leer la situacion y meti la pata y no puedo evitarlo,triste
hermano me tocó madrugar y no dormí nada y encima salio mal hermano,triste
me tiene muy irritado todo esto y no puedo evitarlo,enojo
en serio tengo miedo de embarrarla con esa decision,miedo
lo que es cierto es que estoy muy feliz y emocionado y es lo mejor que me paso,feliz
es que la incertidumbre me tiene paralizado todo el tiempo,miedo
hoy el profesor me felicito por el trabajo y me pesa cargarlo solo,feliz
lo que pasa es que minimizaron lo que sentia y no puedo evitarlo,enojo
te cuento que me fui de viaje pero necesitaba decirlo,feliz
ahora mismo no puedo dejar de preocuparme y ya,miedo
sinceramente estoy disfrutando mucho esta semana,feliz
es que me ignoraron durante horas y me tiene mal,enojo
la verdad no logre lo que esperaba y me afecta mucho,triste
oye me hablaron como si fuera tonto la verdad,enojo
fijate que me robaron hoy,enojo
fijate que me quedé sin trabajo y no sé qué hacer,triste
mira se aprovecharon de la buena fe mia y no se que hacer,enojo
me siento muy mal con lo que paso y quisiera que no fuera así,triste
te cuento que las cosas estan saliendo como quiero la verdad,feliz
es que esto me parece una falta de respeto total la verdad,enojo
me saca de quicio esa actitud y no lo voy a tolerar,enojo
hoy me siento derrotado todo el tiempo,triste
para serte honesto nadie reconocio lo que aporte pero ya no puedo mas,enojo
en serio abusaron de mi confianza la verdad,enojo
la verdad es que estoy lleno de felicidad ahora mismo y estoy muy contento,feliz
sinceramente no quiero salir solo esta semana,miedo
es que quede encantado con como salio todo parce,feliz
hoy siento que el tiempo se me acaba y no he hecho nada,miedo
en este momento no quiero salir solo todo el tiempo,miedo
me pelee con mi mejor amigo y me duele mucho,triste
ultimamente todo el mundo parece tener todo claro menos yo la verdad,triste
oye siento que voy por buen camino y no puedo evitarlo,feliz
la verdad es que me molesta tu falta de consideracion en serio,enojo
te cuento que me dejaron esperando sin explicacion pero necesitaba decirlo,enojo
hoy hoy me senti muy bien conmigo mismo y me tiene pensando mucho,feliz
es que me usaron cuando les convenia y despues nada y nadie lo sabe,enojo
ultimamente me saco del grupo sin razon y no lo digo seguido,triste
me siento re bien parce de verdad,feliz
te juro que capturaron una conversacion privada y la compartieron,enojo
me pusieron el visto y luego respondieron bien y no es facil admitirlo,feliz
en serio me puse muy feliz con eso parce la verdad,feliz
hoy mi abuela ya no esta,triste
siento que finjo estar bien tan seguido que ya ni se,triste
sinceramente estoy muy mamado de todo,triste
honestamente que manera tan irresponsable de actuar de verdad,enojo
oye estoy re contento con todo y me afecta,feliz
ultimamente me siento realizado y necesito que alguien me entienda,feliz
en serio hoy no tuve que madrugar y lo disfrute,feliz
mira por fin me salio el pasaporte y eso me duele,feliz
sinceramente me invitaron a algo importante pero bueno,feliz
es que todo el mundo esta en planes y yo solo en casa y nadie lo entiende,triste
de verdad siento una tristeza muy profunda,triste
me siento muy bien con todo,feliz
ultimamente todo salio perfecto,feliz
fijate que tengo miedo de que me vaya mal en las parciales la verdad,miedo
sinceramente me molesta mucho que hagas eso,enojo
hoy me respondieron con mala cara sin razon de verdad,enojo
vieja no alcance el cupo en la universidad publica y no se que hacer,triste
me pusieron a hacer el trabajo de todos y no se que hacer,enojo
me dieron la visa y ya,feliz
es que me dieron el trabajo que queria y no puedo evitarlo,feliz
la verdad me aceptaron en la universidad la verdad,feliz
hoy me fui de la reunion antes porque no podia mas pero ya no puedo mas,triste
de verdad estoy muy feliz y emocionado,feliz
en serio nada me salio bien hoy y es agotador,enojo
en este momento tengo ansiedad y eso me preocupa,miedo
te juro que ya no tengo energia para nada de lo que antes me gustaba y no es facil,triste
estoy muy angustiado con las noticias de hoy y no se que hacer,miedo
en serio estoy emocionado con las noticias y estoy muy agradecido,feliz
tengo miedo de mandar ese mensaje y que lo tomen mal y no puedo evitarlo,miedo
parce hoy fue un dia muy chévere,feliz
no te miento me cambiaron las condiciones a ultimo momento de verdad,enojo
me faltaron el respeto delante de todos y ya,enojo
en serio me mandaron un audio muy lindo y me tiene agotado,feliz
te cuento que me trataron como si yo fuera el problema pero bueno,enojo
sinceramente no se si voy a poder con esto y eso me pesa,miedo
estoy furioso,enojo
quede muy contento con el resultado,feliz
hoy no me merecia este trato de verdad,enojo
mira me cayo del cielo esa noticia hermano,feliz
la verdad me descuentan del sueldo cosas que no firmé de verdad,enojo
bro tengo panico de fallar cuando todos confian en mi pero bueno,miedo
la verdad estoy muy contento otra vez,feliz
hoy llegue a tiempo a todo y necesito que alguien me entienda,feliz
ultimamente hoy hice algo que me daba mucho miedo y salio bien y ya,feliz
es que subi algo y nadie reacciono y me senti invisible pero bueno,triste
lo que pasa es que que actitud tan mala la tuya sin excusas,enojo
sinceramente me pone muy ansioso pensar en eso la verdad,miedo
la verdad es que estoy muy nervioso y asustado por todo,miedo
me encanta este momento y me afecta mucho,feliz
es que me canse de pedir ayuda y no recibirla y no es facil,triste
te cuento que me toca salir tarde y me da miedo en la calle y ya,miedo
hoy me tocó madrugar y no dormí nada y encima salio mal de verdad,triste
la verdad es que me cansa tu falta de madurez,enojo
sinceramente estoy muy apagado y sin energia,triste
no se si contarte pero no entendi bien el tono y eso me tiene angustiado y quisiera que alguien me ayudara,miedo
en serio aprobe la materia que tenia perdida y me afecta mucho,feliz
te digo que me critican las decisiones sin conocer mi situacion de verdad,enojo
te juro que me respondieron con mala actitud sin razon y me pesa cargarlo solo,enojo
hoy todo esta mejorando ultimamente,feliz
vieja me da mucha pena decirle eso a la gente y nadie lo sabe,miedo
fijate que me interrumpieron cada vez que hable y trato de disimularlo,enojo
oye me fui de la reunion antes porque no podia mas pero ya no puedo mas,triste
no te miento no supe leer la situacion y meti la pata pero necesitaba decirlo,triste
fijate que me llegó una carta del juzgado y no se que es de verdad,miedo
estoy muy emocionado con el futuro,feliz
ultimamente publicaron algo mio sin pedirme permiso,enojo
lo que es cierto es que estoy lleno de felicidad ahora mismo,feliz
hoy me trataron diferente a los demas,enojo
bro me salio la receta que estaba intentando la verdad,feliz
fijate que me pelee con mi mejor amigo y me duele mucho parce,triste
ultimamente me canse de esperar que las cosas cambien solas de verdad,triste
parce me fue de maravilla en la entrevista de verdad,feliz
hoy prometieron y no cumplieron y eso me pesa,enojo
para serte honesto me duele el alma pero no digo nada,triste
te digo que me siento muy vacio aunque tenga cosas que hacer y me tiene pensando mucho,triste
es que me toco vender el carro que tanto queria la verdad,triste
para serte honesto me ignoraron cuando trate de explicarme y no lo digo seguido,enojo
bro me tiene muy irritado todo lo que esta pasando,enojo
oye consegui apartamento en arriendo bien precio y no se que hacer,feliz
es que estoy muy nervioso con todo lo que pasa y no puedo calmarlo,miedo
me dijeron que no hay de qué preocuparse pero igual no puedo relajarme,miedo
la verdad es que me da mucho miedo entrar al salon y que todos me miren,miedo
sabes que que buen momento para estar feliz,feliz
oye me escribio la persona que me gusta y me afecta mucho,feliz
fijate que la incertidumbre me tiene paralizado,miedo
ahora mismo no puedo creer lo que hicieron y no se que hacer,enojo
lo que pasa es que me siento vacio y sin ganas de nada y quisiera que no fuera así,triste
ultimamente siento que algo se rompio dentro de mi y me afecta mucho,triste
sinceramente se fue mi gato hoy y me tiene mal,triste
me graduo el sabado en el paraninfo,feliz
sinceramente no se como va a terminar esto otra vez,miedo
hoy hoy me pagaron y ya,feliz
es que me salio el primer cliente y me cuesta aceptarlo,feliz
de verdad no te soporto mas,enojo
lo que pasa es que el profesor me felicito por el trabajo y me cuesta mucho,feliz
no se si contarte pero se burlaron de algo que me costo decir y nadie lo entiende,enojo
sinceramente no quise hablar con nadie hoy la verdad,triste
fijate que me da miedo pedir ayuda,miedo
en serio me tiene muy preocupado lo que esta pasando pero bueno,miedo
te digo que estoy muy asustado con lo que se avecina,miedo
de verdad me siento increiblemente bien y estoy muy agradecido,feliz
sinceramente quise decir algo pero no encontre las palabras y trato de disimularlo,triste
hoy me tiene muy intranquilo todo esto y me tiene mal,miedo
fijate que me salio el traslado que pedi y no puedo evitarlo,feliz
te juro que me mandaron audio de voz gritando sinceramente,enojo
me da pena decirlo pero me senti aceptado como soy y no se como manejarlo,feliz
te juro que me dejo en visto y no respondio pero necesitaba decirlo,triste
no te miento hoy fue un dia muy chévere,feliz
te juro que eres un maleducado sin remedio y ya me canse,enojo
es que me llegó una carta del juzgado y no se que es la verdad,miedo
la verdad es que me interrumpieron cada vez que hable y no se que hacer,enojo
en serio me preocupa mucho el futuro economico y nadie lo entiende,miedo
lo que pasa es que estoy muy decaido y sin fuerzas y no se como seguir,triste
oye que fastidio eres en serio y no lo entiendo,enojo
no te miento todo me genera ansiedad ultimamente otra vez,miedo
oye me paralizo cuando tengo que decidir otra vez,miedo
ultimamente me asusta no saber si voy a conseguir trabajo y no puedo evitarlo,miedo
la verdad me comparo mucho con los demas y me hace mal de verdad,triste
hermano estoy muy nervioso con esa vuelta,miedo
mira tengo miedo de que me rechacen si digo lo que pienso pero bueno,miedo
hoy fue un dia increible en serio,feliz
fijate que me cambiaron las condiciones a ultimo momento y ya,enojo
en este momento me siento horrible hoy y no se que hacer,triste
ultimamente me tiene completamente harto y me tiene mal,enojo
desde hace dias el profesor me humillo frente a todos y no se que hacer,triste
sinceramente pude decir lo que sentia sin miedo y no puedo evitarlo,feliz
me duele mucho esta situacion,triste
hoy tuve que dejar mis estudios,triste
ya basta con esa actitud y no lo entiendo,enojo
siento mucha angustia en este momento y me tiene muy nervioso,miedo
la verdad me siento nervioso otra vez,miedo
es que estas actuando muy mal,enojo
me siento nervioso desde hace dias,miedo
fijate que alguien me entendio sin que yo explicara mucho de verdad,feliz
en serio me entristece mucho la distancia entre nosotros y me duele mucho,triste
la verdad hicieron algo injusto y nadie dijo nada y me tiene mal,enojo
fijate que cambiaron todo sin avisarme y no puedo evitarlo,enojo
te cuento que se llevaron el credito de lo que yo hice y necesito que alguien me entienda,enojo
te digo que estoy muy emocionado con lo que viene la verdad,feliz
no se si contarte pero no es la primera vez y eso me tiene agotado y no puedo evitarlo,enojo
oye siento que el tiempo se me acaba y no he hecho nada y me afecta,miedo
ultimamente el profesor me felicito por el trabajo pero ya no puedo mas,feliz
me hicieron una videollamada sorpresa y no puedo evitarlo,feliz
me siento solo aunque este rodeado de gente la verdad,triste
parce me llamaron para el trabajo en medellin la verdad,feliz
desde hace dias me hablaron muy mal y no lo puedo ocultar,enojo
tengo panico de que me pregunten algo frente a todos pero necesitaba decirlo,miedo
la verdad es que estoy muy angustiado con las posibilidades,miedo
estoy muy nervioso y no puedo calmarme y me tiene muy nervioso,miedo
todo esta mal organizado y no se que hacer,enojo
en este momento tengo ansiedad otra vez,miedo
la verdad me hablaron muy feo sin ninguna razon y eso me duele,enojo
en serio tengo miedo de que mi respuesta suene agresiva,miedo
no pude ir a la graduacion y no puedo evitarlo,triste
ultimamente me siento nervioso y no se que hacer,miedo
desde hace dias me dijeron que cambie como si estuviera mal ser yo y no lo digo seguido,triste
de verdad me alegra muchisimo lo que paso,feliz
honestamente me da demasiada rabia otra vez,enojo
me dijeron que si y despues que no y nadie lo sabe,enojo
para serte honesto quise decir algo pero no encontre las palabras y me pesa cargarlo solo,triste
es que no puedo creer que hayan hecho eso y ya,enojo
ultimamente hoy amaneci con mucha energia otra vez,feliz
oye me preocupa no poder pagar el arriendo el otro mes y me tiene mal,miedo
realmente todo esta mejorando de verdad,feliz
estoy muy bajoneado con todo y me duele mucho,triste
no te miento hoy no tengo que trabajar sinceramente,feliz
no entendi bien el tono y eso me tiene angustiado y nadie lo entiende,miedo
en serio tengo miedo de que sea algo grave y eso me pesa,miedo
desde ayer me preocupa el futuro todo el tiempo,miedo
te digo que estoy muy apenado con lo que resulto y me duele mucho,triste
mira lo que paso aprobe la materia que tenia perdida y eso me tiene mal,feliz
no voy a permitir que me hagas eso y punto,enojo
lo que pasa es que por fin lo logre otra vez,feliz
ultimamente alguien me entendio sin que yo explicara mucho y no se que hacer,feliz
no se encontre algo que habia perdido hace tiempo,feliz
oye me usaron cuando les convenia y despues nada,enojo
te cuento que me siento muy lejos de todos la verdad,triste
me tiene muy cansado esta gente pero bueno,enojo
fijate que me exigen resultados sin darme las herramientas,enojo
la verdad me bloquearon sin darme ninguna explicacion y ya,enojo
es que ya no somos lo que eramos y eso me entristece de verdad,triste
mira lo que paso nadie noto que algo me pasaba y no se que hacer,triste
estoy muy apenado con lo que resulto y quisiera que no fuera así,triste
oye estrene mi apartamento,feliz
hermano ya no hablo con mi parcero de toda la vida y no puedo evitarlo,triste
en serio todo esta fluyendo muy bien ultimamente bro,feliz
es que hoy el clima estuvo perfecto y nadie lo entiende,feliz
no se si contarte pero alguien noto que estaba bien y me lo dijo y no es facil admitirlo,feliz
vieja estoy muy nervioso con esa vuelta parce,miedo
ultimamente me siento excelente hoy esta semana,feliz
sinceramente me contactaron por mi trabajo y quede feliz y me afecta,feliz
en serio me copiaron el contenido y ni siquiera lo cambiaron,enojo
es que me da una ira terrible,enojo
en serio me asusta mucho lo que esta pasando en el barrio y ya,miedo
estoy muy cansado de lucharla solo y no es facil,triste
me saca de quicio que no cambien nada men,enojo
mira me dieron informacion falsa y me afecta,enojo
para serte honesto siento que las cosas mejoran y no lo puedo ocultar,feliz
ultimamente me dejo de seguir en redes sociales y nadie lo entiende,triste
oye vi que estaba en linea pero no me respondio pero necesitaba decirlo,triste
es que me tiene indignado lo que paso,enojo
hoy compre mi primera casa pero bueno,feliz
me alegra muchisimo lo que paso sin duda,feliz
fijate que tengo panico de decir algo y que lo malinterpreten y no se como manejarlo,miedo
en serio me dejo en visto y no respondio y no lo digo seguido,triste
estoy muy asustado sin saber que hacer de verdad,miedo
te digo que estoy muy triste y no quiero nada,triste
lo que pasa es que me tiene indignado lo que paso,enojo
te digo que siento una melancolia muy grande ahora,triste
es que que rabia me da todo esto de verdad,enojo
mira me dieron la beca de la universidad publica y me tiene mal,feliz
te juro que me critican las decisiones sin conocer mi situacion la verdad,enojo
fijate que mi familia esta pasando un momento muy dificil y eso me duele,triste
hoy nos separamos despues de mucho tiempo la verdad,triste
es que hoy fue un dia muy chévere hermano,feliz
me da ansiedad ver cuanta gente vio mi historia y me cuesta aceptarlo,miedo
desde ayer no aguanto mas todo el tiempo,enojo
en teoría todo está bien pero sigo sintiendo que algo no está bien,miedo
realmente me hicieron perder el tiempo y eso empeora todo,enojo
hoy me siento horrible hoy en este momento,triste
mira me canse de pedir ayuda y no recibirla y nadie lo entiende,triste
fijate que me cobraron mas de lo que decia el precio y me tiene mal,enojo
no puedo evitar que estoy muy angustiado con todo esto y no se que hacer,miedo
definitivamente recibi buenas noticias ultimamente,feliz
en serio me echaron la culpa de algo que hizo otro y eso me duele,enojo
estoy muy apenado con lo que resulto y me duele mucho,triste
oye el profesor me humillo frente a todos y no lo digo seguido,triste
te cuento que tuve que repetir lo mismo mil veces de verdad,enojo
oye tengo miedo de haber arruinado algo sin saberlo y me cuesta mucho,miedo
lo que pasa es que no puedo soportar esta situacion y ya me canse,enojo
eso me pone muy furioso parce de verdad,enojo
mi abuela ya no esta y ya,triste
en serio me da miedo no estar a la altura de lo que se espera de verdad,miedo
hoy hoy amaneci con toda la actitud y nadie lo sabe,feliz
te digo que estoy muy bajo de animo y sin ganas,triste
no se usaron mis ideas sin darme credito la verdad,enojo
tengo miedo de hablar todo el tiempo,miedo
en este momento tengo ansiedad por lo que viene en este momento,miedo
realmente me siento vacio todo el tiempo,triste
es que tengo miedo de que mis sueños no sean suficientes de verdad,miedo
la verdad odio esta situacion y estoy cansado,enojo
es que me tiene muy triste esta vuelta y ya,triste
realmente estoy demasiado cansado ultimamente,triste
la verdad vi las historias de todos y me senti muy mal de verdad,triste
la verdad es que hoy fui honesto y salio bien pero ya no puedo mas,feliz
desde hace dias pude mantener una conversacion sin angustiarme,feliz
no te miento me da terror mostrarme como soy de verdad y no lo digo seguido,miedo
es que me pone muy nervioso tener que dar explicaciones,miedo
lo que pasa es que siento que el miedo no me deja avanzar de verdad,miedo
te cuento que perdi tiempo en algo que no valio y eso me pesa,enojo
la verdad es que no se como aguantarte tanto y no lo voy a tolerar,enojo
parce me robaron el celular y estoy muy mal pero bueno,triste
en este momento me preocupa el futuro otra vez,miedo
en serio estoy muy apenado y no puedo superarlo,triste
sinceramente no te soporto mas y eso no esta bien,enojo
sinceramente me tienen harto con esto ultimamente,enojo
oye termine mi tesis,feliz
no me reconozco ultimamente y me afecta,triste
te digo que siento que perdi algo muy importante de verdad,triste
no se todo el mundo parece tener todo claro menos yo,triste
oye estoy muy cansado de lucharla solo pero bueno,triste
desde hace dias pase el semestre sin perder nada y me cuesta mucho,feliz
vieja me preocupa no poder pagar el arriendo el otro mes y ya,miedo
sinceramente tengo miedo de que lo peor esta por venir y me tiene muy nervioso,miedo
la verdad me cayo muy bien esa persona y nadie lo sabe,feliz
desde ayer tengo ansiedad por lo que viene desde hace dias,miedo
es que me canse de esperar que las cosas cambien solas y no se que hacer,triste
la verdad tengo ansiedad de pensar en todo lo que falta y no puedo evitarlo,miedo
lo que pasa es que me ignoraron cuando trate de explicarme y quisiera que alguien me ayudara,enojo
mira me da pena hablar en publico y manana me toca pero bueno,miedo
te deseo,feliz
sabes que me siento muy contento con todo y no lo puedo creer,feliz
hoy estrene mi apartamento la verdad,feliz
en serio tengo miedo de caerle mal sin querer y no lo digo seguido,miedo
en serio estoy demasiado molesto otra vez,enojo
fijate que siento que el tiempo paso y yo no hice nada y ya,triste
en serio me costo mucho levantarme hoy y eso me pesa,triste
hoy siento que algo esta pasando y nadie me dice que y ya,miedo
la verdad es que no puedo creer que hayas hecho eso de verdad,enojo
ultimamente tengo miedo de que todo cambie todo el tiempo,miedo
me pagan mal y me exigen demasiado y no es facil,enojo
oye perdi mi negocio y no se como seguir parce,triste
fijate que siento que la estoy embarrando en todo,triste
realmente no tengo ganas de nada por todo lo que paso,triste
la verdad es que me alegra que todo haya salido bien y estoy muy contento,feliz
men me invitaron a participar en algo importante y ya,feliz
ultimamente siento que algo se rompio dentro de mi otra vez,triste
siento que algo esta muy mal y me asusta y no puedo calmarlo,miedo
te digo que me asusta no saber si voy a conseguir trabajo pero bueno,miedo
te juro que me paraliza la idea de tener que hablar en grupo sinceramente,miedo
la verdad me mintieron en mi cara la verdad,enojo
definitivamente todo me da miedo y me afecta mucho,miedo
es que tengo miedo de que mi respuesta suene agresiva pero necesitaba decirlo,miedo
te juro que tengo miedo de decir algo y que lo malinterpreten y me afecta,miedo
ahora mismo me dejo de seguir en redes sociales y nadie lo entiende,triste
tengo miedo de que todo se derrumbe y me tiene muy nervioso,miedo
sinceramente me saco del grupo sin razon,triste
siento que algo malo va a pasar todo el tiempo,miedo
es que quede muy contento con el resultado y ya,feliz
ultimamente todo me da miedo en este momento,miedo
mi abuelo ya no esta y no se que hacer,triste
me angustia no tener todo claro a mi edad y no puedo evitarlo,miedo
es que siento que estoy decepcionando a todos pero bueno,triste
es que me llamaron para el trabajo en medellin pero bueno,feliz
sinceramente fallecio alguien cercano pero necesitaba decirlo,triste
fijate que me salio el primer cliente men,feliz
es que me invitaron a algo importante y no puedo evitarlo,feliz
hoy no tuve ganas de comer y necesito que alguien me entienda,triste
hoy me salio el cupo en el sena y ya,feliz
es que me tiene muy irritado todo esto hermano,enojo
la verdad esto es injusto en este momento,enojo
sinceramente no quiero salir solo,miedo
mira estoy rodeado de gente y me siento solo y no se que hacer,triste
me dijeron que si y despues que no y ya,enojo
me da mucho miedo lo que puede pasar de verdad,miedo
estoy muy triste y no quiero nada y no se como seguir,triste
te cuento que me graduo el sabado en el paraninfo y no puedo evitarlo,feliz
fijate que me mintieron descaradamente en la cara y ya,enojo
me tiene muy cansado esta gente y nadie lo sabe,enojo
siento un vacio enorme dentro de mi,triste
sinceramente me indigna mucho tu comportamiento y me parece muy mal,enojo
desde hace dias me da terror decepcionar a alguien que confio en mi y no se que hacer,miedo
me alegra muchisimo lo que paso,feliz
lo que pasa es que cargue con toda la responsabilidad del grupo y no es facil admitirlo,enojo
mira no puedo con esta rabia que siento y ya me canse,enojo
te juro que me angustia pensar que quiza elegi mal mi carrera de verdad,miedo
sinceramente me tiene angustiado no saber que va a pasar todo el tiempo,miedo
ultimamente me hicieron esperar demasiado otra vez,enojo
me siento increiblemente bien en serio,feliz
hoy quede encantado con como salio todo y no se que hacer,feliz
lo que pasa es que estoy muy bajo de animo y sin ganas y no se como seguir,triste
fijate que tengo panico de que me pregunten algo frente a todos y nadie lo entiende,miedo
lo que pasa es que estoy muy apenado y sin palabras,triste
siento un dolor muy grande en el pecho y me duele mucho,triste
te cuento que me tienen muy hastiado con lo mismo y nadie lo sabe,enojo
no te miento no puedo dejar de preocuparme sinceramente,miedo
me comparo mucho con los demas y me hace mal de verdad,triste
la verdad es que que buen momento para estar feliz en serio,feliz
es que me da mucho miedo el futuro,miedo
en serio me trataron muy mal sin razon y ya,enojo
ahora mismo me mandaron buenas noticias por whatsapp y no se que hacer,feliz
la verdad me fue bien en el icfes,feliz
no puedo evitar que estoy muy angustiado sin encontrar salida y no se que hacer,miedo
fijate que se fue mi perro hoy y me afecta,triste
hoy me llamaron de un numero desconocido,miedo
oye me tiene muy desanimado todo esto la verdad,triste
hoy recibi buenas noticias en este momento,feliz
en serio no se si estan enojados conmigo o es mi imaginacion y trato de disimularlo,miedo
sinceramente no entiendo nada y me da verguenza preguntar y me cuesta mucho,triste
no me dejaron terminar de hablar y me tiene mal,enojo
hoy me da panico enviar ese mensaje y quedar mal y no se que hacer,miedo
desde hace dias siento que no encajo en ningún lado y no lo puedo ocultar,triste
ahora mismo me siento orgulloso y no se que hacer,feliz
no se si contarte pero me invitaron a participar en un proyecto y no se como manejarlo,feliz
te juro que me angustia no saber si estoy en el camino correcto y me tiene pensando mucho,miedo
llevo días esperando una respuesta y no llega,miedo
es que me canse de esperar que las cosas cambien solas,triste
de verdad me siento lleno de alegria,feliz
hoy estoy que no me la creo parce,feliz
me cuesta aceptar que eso ya termino la verdad,triste
ultimamente me eliminó de sus contactos sin decir nada pero ya no puedo mas,triste
en serio desactive mis redes porque me hacian sentir mal,triste
no te miento me dejo mi novia y estoy muy bajoneado y no se que hacer,triste
sinceramente estoy harto de todo todo el tiempo,enojo
hoy me siento muy achantado hoy y me cuesta mucho,triste
en serio me canse de pedir ayuda y no recibirla pero bueno,triste
no te miento logre terminar algo que habia dejado pendiente y no se como manejarlo,feliz
desde ayer ya no quiero hablar y me afecta mucho,triste
desde hace dias me invitaron a participar en un proyecto y me afecta mucho,feliz
la verdad me tiene muy irritado todo esto de verdad,enojo
no te miento me tiene muy intranquilo todo esto,miedo
fijate que me dejaron hacer todo el trabajo solo y eso me pesa,enojo
sinceramente siento que algo esta pasando y nadie me dice que sinceramente,miedo
hoy hoy fue un dia muy chévere pero bueno,feliz
nacio mi hijo y ya,feliz
la verdad me independice por fin,feliz
ahora mismo todo esta empeorando y me afecta mucho,triste
hoy me dieron la beca todo el tiempo,feliz
algo cambio de repente y no entiendo por que y nadie lo sabe,miedo
desde hace dias tengo miedo de haber arruinado algo sin saberlo pero ya no puedo mas,miedo
lo que pasa es que nadie hace las cosas bien aqui de verdad,enojo
en serio me tiene muy desanimado todo esto y no se que hacer,triste
vieja me trataron como si yo fuera el problema y ya,enojo
parce me toca salir tarde y me da miedo en la calle pero bueno,miedo
la verdad me tiene muy intranquilo todo esto,miedo
para serte honesto me dejo de seguir en redes sociales pero necesitaba decirlo,triste
oye llegue a tiempo a todo de verdad,feliz
fijate que me escribieron para disculparse y me alegro y me cuesta mucho,feliz
te juro que llevo dias aguantando esto y ya no puedo pero necesitaba decirlo,enojo
lo que pasa es que me pone muy nervioso hablar en publico y no se que hacer,miedo
de verdad estoy muy feliz con mi vida y estoy muy contento,feliz
sinceramente tengo ansiedad en este momento,miedo
te digo que me dieron acceso a la oportunidad que queria bro,feliz
te cuento que no logre lo que esperaba,triste
todo me pone mal,triste
me tiene muy angustiado esa situacion y no puedo evitarlo,miedo
sinceramente quiero estar solo,triste
tengo miedo de que me quiten el trabajo y me tiene mal,miedo
te digo que estoy muy frustrado con todo esto y no se que hacer,enojo
sinceramente vi que estaba en linea pero no me respondio y nadie lo entiende,triste
me da mucha pena decirle eso a la gente parce,miedo
ultimamente me siento muy triste y no se que hacer,triste
definitivamente me siento tranquilo y feliz desde hace dias,feliz
mira ya me colmaste la paciencia y no lo voy a tolerar,enojo
me alegra mucho saber eso y estoy muy agradecido,feliz
es que me di cuenta que nadie me busca si yo no busco y ya,triste
en serio quise decir algo pero no encontre las palabras y no puedo evitarlo,triste
mi familia esta bien y no lo puedo ocultar,feliz
te cuento que me cancelaron a ultimo momento sinceramente,enojo
sinceramente borre todas mis fotos porque no me gustaba nada y me tiene pensando mucho,triste
la verdad es que me da pavor la incertidumbre que siento de verdad,miedo
sinceramente cargue con toda la responsabilidad del grupo pero ya no puedo mas,enojo
siento que no soy suficiente bro,triste
ultimamente tengo panico de no saber como actuar en esa situacion y no es facil admitirlo,miedo
sinceramente estoy muy triste por la noticia y me duele mucho,triste
estoy muy ilusionado con lo que viene y ya,feliz
es que me exigen resultados sin darme las herramientas de verdad,enojo
ultimamente me da ansiedad abrir ese chat y no se como manejarlo,miedo
la verdad me tienen muy mamado con esa vuelta y no se que hacer,enojo
te cuento que me hicieron sentir especial y eso me pesa,feliz
lo que pasa es que nadie me eligio para su equipo sinceramente,triste
las cosas ya no son como antes y no puedo evitarlo,triste
no se tengo miedo de decir algo y que lo malinterpreten y me cuesta aceptarlo,miedo
no te miento se llevaron el credito de lo que yo hice pero no digo nada,enojo
sinceramente me escribieron solo para reclamarme y me pesa cargarlo solo,enojo
sinceramente que impotencia siento ahora,enojo
te digo que tengo miedo de tomar una decision y que salga mal y ya,miedo
en este momento me siento muy triste ultimamente,triste
lo que pasa es que no voy a seguir tolerando esto y no lo voy a tolerar,enojo
tengo ansiedad desde hace dias,miedo
desde hace dias tengo miedo de que todo cambie y ya,miedo
tengo que entregar algo mañana y no empece,miedo
estoy muy satisfecho con todo,feliz
de verdad que falta de respeto tan grande,enojo
te juro que hoy fui honesto y salio bien y no puedo evitarlo,feliz
es que me pidieron que fuera a recursos humanos y me cuesta mucho,miedo
sinceramente me prometieron que no volveria a pasar y no se que hacer,enojo
en este momento me siento destruido desde hace dias,triste
ultimamente tengo mucho miedo por todo lo que paso,miedo
por fin publique lo que venia trabajando la verdad,feliz
parce me asusta mucho lo que esta pasando en el barrio hermano,miedo
ya no esta la persona que queria y no se que hacer,triste
fijate que me fue bien en el icfes hermano,feliz
me aterra no saber como va a terminar y no se que hacer,miedo
me tiene muy intranquilo todo esto y nadie lo sabe,miedo
es que nadie me dio una respuesta clara y ya,enojo
oye me dijeron que era mi culpa cuando no lo era,enojo
te cuento que si esto no funciona no se que voy a hacer y ya,miedo
la verdad es que siento un temor constante que no desaparece y no puedo calmarlo,miedo
mira lo que paso hable con alguien nuevo y no fue tan malo y quisiera que alguien me ayudara,feliz
te digo que me siento muy desanimado hoy,triste
sinceramente me frustra muchisimo esto y no lo voy a tolerar,enojo
la verdad me tienen muy hastiado con lo mismo,enojo
me siento vacio y me afecta mucho,triste
desde hace dias me da panico equivocarme y que no me perdonen pero ya no puedo mas,miedo
en serio tengo miedo de tomar una decision y que salga mal y me tiene pensando mucho,miedo
lo que pasa es que me respondio el mensaje que esperaba y eso me tiene mal,feliz
la verdad es que todos parecen entender menos yo pero necesitaba decirlo,triste
fijate que vi que estaba en linea pero no me respondio y me cuesta mucho,triste
no te miento me faltaron el respeto delante de todos y me cuesta mucho,enojo
sinceramente me siento increible y eso me alegra,feliz
mira me pone muy ansioso pensar en eso de verdad,miedo
hoy me da susto pedir el favor porque me da pena,miedo
me siento solo y muy triste de verdad,triste
ahora mismo tengo ansiedad por lo que viene otra vez,miedo
realmente me hicieron perder el tiempo todo el tiempo,enojo
definitivamente todo esta saliendo bien hoy,feliz
fijate que me pusieron en evidencia en un grupo pero ya no puedo mas,enojo
no te miento pude expresarme sin que me juzgaran y no se que hacer,feliz
mira me canse de esperar que las cosas cambien solas de verdad,triste
ultimamente no se si lo que estoy haciendo es lo correcto de verdad,miedo
te juro que me saca de quicio tu actitud y eso no esta bien,enojo
es que termino mi relacion y ya,triste
en este momento me da mucha rabia y me afecta mucho,enojo
oye me escribio la persona que me gusta y no lo puedo ocultar,feliz
me salio redondo todo hoy,feliz
fijate que me fallaron cuando mas los necesitaba y me afecta mucho,triste
sinceramente me da pena que se den cuenta que no entendi pero bueno,miedo
men tengo miedo de que me cancelen por algo que dije,miedo
es que me pone muy nervioso hablar en publico otra vez,miedo
parce me sacaron de la jugada sin ninguna explicacion de verdad,enojo
que buen dia tuve hoy en serio de verdad,feliz
la verdad nadie hace las cosas bien aqui y necesito que alguien me entienda,enojo
te cuento que las cosas ya no son como antes sinceramente,triste
te digo que tengo miedo de llegar a cierta edad sin haber logrado nada,miedo
para serte honesto me salio rico lo que cocine y me afecta mucho,feliz
en serio me escribieron solo para reclamarme y me afecta mucho,enojo
me da pena decirlo pero me da terror que noten que estoy nervioso pero ya no puedo mas,miedo
es que no entiendo como puedes actuar asi y no lo voy a tolerar,enojo
es que me reconocieron el esfuerzo en el trabajo y no puedo evitarlo,feliz
desde hace dias siento que no soy tan inteligente como los demas y trato de disimularlo,triste
tengo miedo de ver lo que me respondieron y no lo digo seguido,miedo
la verdad es que no voy a seguir tolerando esto y eso no esta bien,enojo
de verdad siento el alma muy pesada hoy,triste
ahora mismo no supe leer la situacion y meti la pata de verdad,triste
en serio me siento muy desconectado de todo y de todos y me cuesta aceptarlo,triste
sali del pais por primera vez y no puedo evitarlo,feliz
hoy quede muy contento con el resultado,feliz
fijate que todo cambio de golpe y no puedo evitarlo,triste
no te miento me preocupa no poder pagar el arriendo el otro mes,miedo
ya me colmaste la paciencia y no lo voy a tolerar,enojo
oye hoy me fue de pelos parce,feliz
es que me hablaron como si fuera tonto y no se que hacer,enojo
hoy siento que me quede atras y me tiene mal,triste
estoy muy emocionado con el futuro y estoy muy agradecido,feliz
sabes que estoy muy contento con lo que paso y estoy muy contento,feliz
desde hace dias me da terror decepcionar a alguien que confio en mi y quisiera que alguien me ayudara,miedo
hoy me mandaron un mensaje raro y no entiendo que quieren y me afecta,miedo
oye me tiene muy cansado esta gente y ya,enojo
es que hoy me senti muy bien conmigo mismo pero bueno,feliz
no te miento no se si voy a poder con lo que viene y ya,miedo
desde ayer no quiero salir solo esta semana,miedo
fijate que me ofrecieron un mejor cargo sinceramente,feliz
me da mucho miedo enfrentar esta situacion y me tiene muy nervioso,miedo
en serio me aterra quedar mal frente a todos y me cuesta mucho,miedo
la verdad es que quise decir algo pero no encontre las palabras y no se que hacer,triste
sinceramente tengo ansiedad todo el tiempo,miedo
de verdad me entristece mucho la distancia entre nosotros y no se como seguir,triste
para serte honesto no se si estan enojados conmigo o es mi imaginacion y eso me tiene mal,miedo
hoy me subieron el sueldo y me pesa cargarlo solo,feliz
no te miento mi grupo hizo el trabajo sin contar conmigo y trato de disimularlo,triste
te juro que me fue bien en la sustentacion y eso me tiene mal,feliz
de verdad me siento muy orgulloso de lo logrado,feliz
te cuento que me dijeron que me quieren y necesito que alguien me entienda,feliz
la verdad tengo miedo de equivocarme y arrepentirme despues y me afecta,miedo
en serio estoy muy apenado por todo lo que perdí,triste
tengo miedo de equivocarme y arrepentirme despues de verdad,miedo
hoy siento que cargo con demasiado para mi edad y no es facil,triste
ultimamente todo salio mal todo el tiempo,triste
lo que pasa es que estoy muy apenado con lo que resulto y no se como seguir,triste
vieja me tiene con los nervios destrozados y ya,miedo
en este momento me siento inseguro ultimamente,miedo
ahora mismo todo me pone mal ultimamente,triste
me pidieron que fuera a una reunion sin decirme de que y no se que hacer,miedo
parce hoy me fue de pelos y no puedo evitarlo,feliz
mira lo que paso perdi la materia que mas me esforcé y no se como manejarlo,triste
hoy me siento completo,feliz
en serio me comparo mucho con los demas y me hace mal,triste
mira me citaron para hablar y no se de que y no puedo evitarlo,miedo
me da pena decirlo pero me prometieron que no volveria a pasar y no lo digo seguido,enojo
mira siento que cargue solo con todo y eso me pesa,triste
te digo que tengo panico de que algo que dije llegue a las manos equivocadas de verdad,miedo
mira ya no hablo con alguien que queria mucho sinceramente,triste
fijate que me canse de pedir lo mismo sin resultado y no se que hacer,enojo
sinceramente estoy con las personas que amo,feliz
no puedo evitar que tengo temor de que todo cambie de golpe de verdad,miedo
realmente me siento vacio por todo lo que paso,triste
fijate que tengo miedo de tomar la decision equivocada y es agotador,miedo
oye me pelee con mi mejor amigo y me duele mucho,triste
lo que pasa es que pase el semestre sin perder nada pero ya no puedo mas,feliz
termine de pagar mi deuda sinceramente,feliz
hoy me canse de pedir lo mismo sin resultado de verdad,enojo
hoy siempre me pasa lo mismo con las mismas personas y me afecta mucho,enojo
vieja me tocó pagar una multa que no era justa la verdad,enojo
sinceramente me saca de quicio tu actitud,enojo
desde ayer me sacaron la paciencia por todo lo que paso,enojo
me da pena decirlo pero cambiaron las reglas sin avisarme pero ya no puedo mas,enojo
realmente me da mucha rabia ultimamente,enojo
honestamente me tiene harto tu falta de respeto de verdad,enojo
hoy me angustia no tener todo claro a mi edad bro,miedo
en serio me encontre plata en un bolsillo que no sabia y nadie lo entiende,feliz
es que me asusta mucho lo que esta pasando en el barrio y no es facil,miedo
no duermo de la preocupacion la verdad,miedo
desde hace dias me eliminó de sus contactos sin decir nada y quisiera que alguien me ayudara,triste
la verdad es que me da terror mostrarme como soy de verdad y me pesa cargarlo solo,miedo
para serte honesto logre lo que queria de verdad,feliz
fijate que me salio la receta que estaba intentando la verdad,feliz
realmente ya no tengo ganas y no se que hacer,triste
sinceramente me da pavor equivocarme otra vez,miedo
es que siento panico cada vez que pienso en eso,miedo
estoy muy contento con lo logrado sin duda,feliz
te digo que siento una tristeza muy profunda y no se como seguir,triste
la verdad ya no esta la persona que queria y me afecta mucho,triste
men me da miedo no estar a la altura de lo que se espera y me tiene pensando mucho,miedo
la verdad no puedo mas con tanto y me tiene mal,triste
ultimamente por fin lo logre y no se que hacer,feliz
hoy me descuentan del sueldo cosas que no firmé,enojo
sinceramente me dijeron que era muy sensible por sentirme mal y me cuesta mucho,enojo
sinceramente no se que va a pasar y me aterra y eso me preocupa mucho,miedo
mira que no quiero nada mas contigo,enojo
es que me echaron la culpa de algo que hizo otro la verdad,enojo
es que siento que si me equivoco no hay vuelta atras,miedo
hoy tengo miedo de decir algo fuera de lugar y quisiera que alguien me ayudara,miedo
sinceramente me parece increible tu actitud de verdad,enojo
me fallaron cuando mas los necesitaba y no puedo evitarlo,triste
tengo algo importante manana y no puedo dormir y no se que hacer,miedo
no se si contarte pero tengo miedo de que se den cuenta que no entiendo pero ya no puedo mas,miedo
desde hace dias nadie hace las cosas bien aqui y no puedo evitarlo,enojo
no te miento me pidieron que fuera a recursos humanos y no es facil,miedo
oye me trataron muy mal sin razon y eso me pesa,enojo
no te miento nada de lo que hago vale la pena la verdad,triste
hoy siento que cargo con demasiado para mi edad y no se que hacer,triste
definitivamente no tengo ganas de nada por todo lo que paso,triste
hoy me tocó repetir el tramite porque perdieron mis papeles pero bueno,enojo
hoy me trataron diferente a los demas y no puedo evitarlo,enojo
sinceramente me aterra no saber como va a terminar de verdad,miedo
es que eres completamente irresponsable de verdad,enojo
lo que es cierto es que estoy muy feliz con mis logros y es lo mejor que me paso,feliz
mira estoy muy mamado de todo y no se que hacer,triste
me siento muy triste y sin motivacion y no se como seguir,triste
la verdad es que siento un vacio enorme dentro de mi,triste
ultimamente subi algo y nadie reacciono y me senti invisible de verdad,triste
me da pena que se den cuenta que no entendi hermano,miedo
siento una angustia que me paraliza,miedo
sinceramente me ofrecieron un mejor cargo sinceramente,feliz
estoy muy apenado por todo lo que perdí y no se como seguir,triste
lo que pasa es que logre cerrar el trato que necesitaba y no puedo evitarlo,feliz
ultimamente alguien noto que estaba bien y me lo dijo y no se que hacer,feliz
desde hace dias vi que estaba en linea pero no me respondio pero ya no puedo mas,triste
me hablaron como si fuera tonto y ya,enojo
me dejo mi novio y estoy muy mal y no puedo evitarlo,triste
lo que pasa es que me ofrecieron un mejor cargo y me afecta mucho,feliz
no te miento me mandaron un mensaje raro y no entiendo que quieren sinceramente,miedo
ahora mismo alguien noto que estaba bien y me lo dijo y quisiera que alguien me ayudara,feliz
fijate que siento que algo malo va a pasar,miedo
te digo que siento una preocupacion enorme ahora y no puedo calmarlo,miedo
te cuento que estoy muy asustado con lo que puede pasar de verdad,miedo
hoy amaneci con toda la actitud y no se que hacer,feliz
ultimamente me siento vacio esta semana,triste
ahora mismo me siento excelente ultimamente,feliz
hoy estoy con una nota hoy la verdad,feliz
realmente me siento muy triste desde hace dias,triste
es que me tiene muy apagado esta situacion y no puedo evitarlo,triste
la verdad la incertidumbre me tiene paralizado otra vez,miedo
lo que pasa es que siento que fracase y ya,triste
me cayo muy bien esa persona y ya,feliz
lo que pasa es que no aguanto mas esta situacion de verdad,enojo
la verdad nacio mi hija pero necesitaba decirlo,feliz
ultimamente me pusieron en evidencia en un grupo de verdad,enojo
es que tengo miedo de que no me entiendan y me cuesta mucho,miedo
me tiene muy angustiado esa situacion y no se que hacer,miedo
fijate que me tiene muy apagado esta situacion de verdad,triste
fijate que me angustia no tener todo claro a mi edad y no puedo evitarlo,miedo
hoy me preocupa no poder pagar el arriendo el otro mes pero bueno,miedo
ahora mismo no se que va a pasar,miedo
desde hace dias se burlaron de algo que me costo decir y no lo digo seguido,enojo
ultimamente me siento furioso todo el tiempo,enojo
te cuento que siento que a nadie le importo y eso me pesa,triste
me hablaron muy mal sinceramente,enojo
hoy estoy apostando todo a esto y no puedo evitarlo,miedo
sinceramente me siento inseguro ultimamente,miedo
te cuento que me invitaron a algo importante pero necesitaba decirlo,feliz
en este momento me siento excelente desde hace dias,feliz
men me siento muy desconectado de todo y de todos,triste
mira hoy el clima estuvo perfecto,feliz
sinceramente tengo miedo de embarrarla con esa decision,miedo
mira lo que paso tengo panico de decir algo y que lo malinterpreten y me pesa cargarlo solo,miedo
no te miento me toco irme del barrio que queria la verdad,triste
la verdad es que me da mucho miedo no estar listo y eso me preocupa mucho,miedo
ultimamente me da terror enfrentar esto solo y necesito que alguien me entienda,miedo
mira tengo miedo de que me rechacen si digo lo que pienso la verdad,miedo
no puedo evitar que me da terror no saber que va a pasar y no se que hacer,miedo
me etiquetaron en algo que me alegro el dia y me tiene agotado,feliz
hoy ya les dije mil veces y no cambia nada y nadie lo entiende,enojo
la verdad es que entregue el proyecto a tiempo y nadie lo entiende,feliz
parce hoy me senti muy a gusto con todo,feliz
te cuento que tuve que repetir lo mismo mil veces y eso me pesa,enojo
mi familia esta pasando un momento muy dificil la verdad,triste
para serte honesto me dijeron que me quieren sinceramente,feliz
la verdad es que que mal comportamiento tienes,enojo
hoy compre mi primer carro y no puedo evitarlo,feliz
sinceramente llegue y me dijeron que no habia cupo de verdad,enojo
fijate que tengo miedo de embarrarla con esa decision hermano,miedo
sinceramente todo me irrita en este momento,enojo
hoy me da panico enviar ese mensaje y quedar mal,miedo
oye no se si estan enojados conmigo o es mi imaginacion pero necesitaba decirlo,miedo
sabes que que alegria tan grande la que siento y estoy muy agradecido,feliz
mira estoy muy asustado con lo que puede pasar parce,miedo
todo esta mal organizado otra vez,enojo
sinceramente estoy cansado mentalmente todo el tiempo,triste
es que me tienen hasta la coronilla pero bueno,enojo
ya no hablo con mi parcero de toda la vida de verdad,triste
me tiene muy preocupado lo que esta pasando y me cuesta mucho,miedo
me molesta mucho tu actitud,enojo
me ignoraron durante horas y no se que hacer,enojo
la verdad estoy demasiado preocupado esta semana,miedo
mira lo que paso me pusieron en evidencia en un grupo y trato de disimularlo,enojo
lo que es cierto es que me alegra mucho el resultado final en serio,feliz
me tiene muy desanimado todo esto y ya,triste
no te miento me graduo este sabado y ya,feliz
de verdad no voy a permitir que me hagas eso y me parece muy mal,enojo
fijate que perdi mi negocio y no se como seguir parce,triste
te cuento que me dejo mi novia y estoy muy bajoneado,triste
es que siento que voy a fallar manana,miedo
mira no me dejaron terminar de hablar pero bueno,enojo
la verdad me cayo del cielo esa noticia y no se que hacer,feliz
me siento orgulloso de donde estoy,feliz
siento que me estoy quedando sin opciones y ya,miedo
ultimamente el profesor me humillo frente a todos y me cuesta mucho,triste
es que me enfurece tu actitud y punto,enojo
que maravilloso momento estoy viviendo y estoy muy agradecido,feliz
hoy me salio el traslado que pedi y me tiene mal,feliz
oye me asusta mucho lo que esta pasando en el barrio pero bueno,miedo
te juro que me reconocieron el esfuerzo en el trabajo y no es facil admitirlo,feliz
siento que cargue solo con todo la verdad,triste
en serio estoy muy bajo de animo desde entonces y no lo puedo superar,triste
ya nada es igual y me tiene mal,triste
mira estoy muy bacano con la noticia,feliz
mira lo que paso me saco del grupo sin razon sinceramente,triste
mira me tiene muy triste esta vuelta y no se que hacer,triste
hoy ya no aguanto mas desde hace dias,enojo
te digo que estoy muy asustado y no se que hacer y no puedo calmarlo,miedo
sinceramente me siento nervioso y me afecta mucho,miedo
hoy estoy demasiado angustiado para pensar y necesito que alguien me entienda,miedo
sinceramente me siento decepcionado todo el tiempo,triste
fijate que me trataron como si yo fuera el problema hermano,enojo
en serio me hablaron muy feo sin ninguna razon parce,enojo
oye me salio todo bien y no me lo esperaba y me afecta,feliz
la verdad mi abuela ya no esta y ya,triste
hoy hoy me senti muy bien conmigo mismo,feliz
fijate que consegui apartamento en arriendo bien precio y no es facil,feliz
en serio tengo miedo de que me rechacen si digo lo que pienso y no es facil,miedo
me respondieron que si al proyecto men,feliz
hoy fallecio alguien cercano y me tiene mal,triste
en serio por fin lo logre otra vez,feliz
en serio me encontre con un amigo que no veia hace tiempo,feliz
ahora mismo tengo miedo de que me alejen si se dan cuenta como soy de verdad,miedo
te cuento que hoy me fue de pelos y eso me duele,feliz
parce me pone muy nervioso tener que dar explicaciones pero bueno,miedo
me paraliza no saber cual es el camino correcto la verdad,miedo
me da pena que se den cuenta que no entendi y no puedo evitarlo,miedo
ultimamente me eliminaron del grupo sin decir nada y ya,enojo
estoy agotado de tener que explicar como me siento y me tiene pensando mucho,triste
hoy me dieron una sorpresa muy bonita hoy,feliz
te cuento que pase el dia en cama y ya,triste
te digo que que buena experiencia vivimos juntos y estoy muy agradecido,feliz
sinceramente mi mejor amigo se fue para otro pais y eso me duele,triste
te cuento que me dijeron que era mi culpa cuando no lo era pero bueno,enojo
ultimamente me siento completo y ya,feliz
fijate que me fui de la reunion antes porque no podia mas y no se que hacer,triste
la verdad me dejo mi novia y estoy muy bajoneado,triste
te juro que me quede callado cuando debi haber hablado y nadie lo entiende,triste
ahora mismo consegui el trabajo de verdad,feliz
sinceramente me siento excelente ultimamente,feliz
no te miento cambio su estado y supe que era por mi de verdad,triste
ultimamente no entiendo nada y me da verguenza preguntar sinceramente,triste
me salio redondo todo hoy la verdad,feliz
ultimamente usaron mis ideas sin darme credito y no es facil,enojo
ultimamente encontre lo que buscaba y es agotador,feliz
no se si contarte pero tengo panico de decir algo y que lo malinterpreten sinceramente,miedo
no te miento me mintieron descaradamente en la cara y no se que hacer,enojo
no se si contarte pero pude mantener una conversacion sin angustiarme pero necesitaba decirlo,feliz
me faltaron el respeto delante de todos de verdad,enojo
te cuento que todo tiene sentido ahora la verdad,feliz
no te miento por fin me compre lo que queria sinceramente,feliz
la verdad es que estoy muy angustiado con todo esto,miedo
ultimamente me hablaron muy mal y es agotador,enojo
hoy me cambiaron las condiciones a ultimo momento pero bueno,enojo
me cambiaron las condiciones a ultimo momento,enojo
no se me quitaron el like y eso me bajo el animo men,triste
no se si contarte pero me respondieron con mala actitud sin razon y no es facil admitirlo,enojo
hoy me dieron el viernes libre y me tiene agotado,feliz
no te miento me cobraron de mas sin avisar sinceramente,enojo
en serio se aprovecharon de la buena fe mia la verdad,enojo
lo que pasa es que no quiero mandar el audio por miedo a como sueno de verdad,miedo
hoy me toco vender el carro que tanto queria pero bueno,triste
para serte honesto ya no esta la persona que queria la verdad,triste
me tiene muy desanimado todo esto parce,triste
saque mi licencia de conducir,feliz
en serio nadie reconocio lo que aporte y quisiera que alguien me ayudara,enojo
me da una bronca tremenda,enojo
la verdad logre ahorrar lo que necesitaba pero necesitaba decirlo,feliz
es que siento que el tiempo paso y yo no hice nada pero bueno,triste
hoy me tiene muy apagado esta situacion y no es facil,triste
la verdad me hablaron como si fuera tonto y nadie lo sabe,enojo
no te miento me puse muy feliz con eso parce y nadie lo sabe,feliz
sinceramente me paralizo cuando tengo que decidir todo el tiempo,miedo
te juro que me senti aceptado como soy y quisiera que alguien me ayudara,feliz
oye me siento muy bien conmigo mismo y eso me pesa,feliz
me dejo mi novia y estoy muy bajoneado y me tiene mal,triste
fijate que me hablaron muy feo sin ninguna razon,enojo
la verdad me dejaron y me tiene mal,triste
ultimamente todos parecen entender menos yo pero ya no puedo mas,triste
la verdad estoy agradecido por todo por todo lo que paso,feliz
la verdad es que tengo miedo de que las cosas empeoren,miedo
no puedo creer que que injusto es todo esto sin excusas,enojo
ultimamente siento que a nadie le importo la verdad,triste
me hicieron esperar demasiado y eso me pesa,enojo
sinceramente nada de lo que hago vale la pena de verdad,triste
termino mi relacion pero bueno,triste
hoy me escribieron solo para reclamarme sinceramente,enojo
ahora mismo me cobraron de mas sin avisar y ya,enojo
lo que pasa es que no se si estan enojados conmigo o es mi imaginacion de verdad,miedo
definitivamente ya no se que hacer y no se que hacer,triste
en serio me siento muy bien con todo y no lo puedo creer,feliz
no se si contarte pero me da panico equivocarme y que no me perdonen y me tiene agotado,miedo
hoy siento demasiado temor otra vez,miedo
ultimamente me da panico enviar ese mensaje y quedar mal y ya,miedo
no se si contarte pero me fui de la reunion antes porque no podia mas y me tiene agotado,triste
tengo una entrevista y me muero del susto pero no digo nada,miedo
fijate que me tratan diferente y no entienden por que me molesta y trato de disimularlo,enojo
tengo panico de que algo que dije llegue a las manos equivocadas,miedo
la verdad todo me pesa demasiado y no puedo evitarlo,triste
ultimamente me respondieron con mala actitud sin razon y me tiene agotado,enojo
oye me da miedo pedir ayuda y ya,miedo
parce me pidieron que fuera a recursos humanos y no se que hacer,miedo
desde ayer estoy agradecido por todo por todo lo que paso,feliz
oye el silencio de esa persona me preocupa mucho,miedo
la verdad tengo miedo de decepcionar a todos y eso me pesa,miedo
me citaron a declarar y estoy muy nervioso y no es facil,miedo
definitivamente estoy demasiado preocupado todo el tiempo,miedo
oye que fastidio eres en serio y no lo voy a tolerar,enojo
la verdad compre mi primera casa,feliz
es que publicaron algo mio sin pedirme permiso y no se que hacer,enojo
la verdad mi abuelo ya no esta y me tiene mal,triste
fijate que me faltaron el respeto delante de todos de verdad,enojo
en serio estoy muy apenado con lo que paso y me duele mucho,triste
lo que pasa es que me siento muy triste y sin motivacion,triste
ahora mismo me pusieron en evidencia en un grupo y me afecta mucho,enojo
en serio que alegria tan grande siento y estoy muy agradecido,feliz
fijate que estoy esperando una respuesta y me tiene nervioso la verdad,miedo
es que siento que si me equivoco no hay vuelta atras la verdad,miedo
me da pena que se den cuenta que no entendi y me tiene mal,miedo
de verdad que buen dia tuve hoy en serio y estoy muy agradecido,feliz
vieja me gane una chamba buenisima de verdad,feliz
oye estoy al limite de mi paciencia la verdad,enojo
es que tengo miedo de cometer un error grave y no se que hacer,miedo
desde ayer me siento inseguro todo el tiempo,miedo
la verdad todo esta funcionando bien,feliz
ahora mismo no aguanto mas ultimamente,enojo
mira mi equipo gano hoy y estoy feliz y ya,feliz
mira lo que paso termine la semana sin ningun problema y quisiera que alguien me ayudara,feliz
honestamente eres muy desconsiderado con los demas sin excusas,enojo
te cuento que me llamaron de la empresa y no dijeron para que de verdad,miedo
hoy ya no tengo energia para nada de lo que antes me gustaba y nadie lo entiende,triste
la verdad hoy no tengo que trabajar y es agotador,feliz
en serio ya no quiero esforzarme,triste
hoy me dijeron que si y despues que no,enojo
me citaron para hablar y no se de que la verdad,miedo
no te miento estoy muy ido hoy no se que me pasa de verdad,triste
sinceramente tengo panico de que me pregunten algo frente a todos y me afecta mucho,miedo
oye me siento muy perdido con mi vida y no es facil,triste
hoy me pidieron algo de ultimo momento de verdad,enojo
realmente todo me hace enojar otra vez,enojo
te cuento que hicimos sancocho en familia y fue muy rico,feliz
te digo que estoy re contento con todo y me tiene pensando mucho,feliz
es que mi familia se fue a vivir lejos y me siento solo y no se que hacer,triste
me cambiaron las condiciones a ultimo momento sinceramente,enojo
lo que pasa es que me cobraron de mas sin avisar de verdad,enojo
estoy lleno de felicidad ahora mismo de verdad,feliz
te cuento que me prometieron el trabajo y al final le dieron a otro,enojo
en serio todo tiene sentido ahora y no lo puedo ocultar,feliz
mira me salio redondo todo hoy de verdad,feliz
no se si contarte pero me di cuenta que no me invitaron a la reunion y no lo digo seguido,triste
fijate que hoy me di cuenta que avance mucho,feliz
es que me irritas con ese comportamiento y punto,enojo
ultimamente no quiero salir solo otra vez,miedo
oye me costo mucho levantarme hoy y no puedo evitarlo,triste
hoy me invitaron a algo importante la verdad,feliz
fijate que no puedo dejar de preocuparme de verdad,miedo
fijate que vi que me sacaron de un grupo y no dije nada la verdad,triste
mira me da ira tu actitud y me parece muy mal,enojo
es que me tienen hasta la coronilla y me tiene mal,enojo
oye tengo miedo de que me rechacen si digo lo que pienso sinceramente,miedo
la verdad es que me alegra mucho saber eso en serio,feliz
sinceramente desactive mis redes porque me hacian sentir mal,triste
es que hoy amaneci con toda la actitud,feliz
hacía tiempo no me sentía tan tranquilo y contento a la vez,feliz
fijate que me siento muy vacio aunque tenga cosas que hacer la verdad,triste
es que no se que va a pasar y me aterra,miedo
es que me dieron la beca de la universidad publica parce,feliz
lo que pasa es que me asusta pensar en el futuro,miedo
sinceramente me siento destruido y no se que hacer,triste
desde ayer todo me fastidia y no se que hacer,enojo
la verdad es que estoy muy angustiado con todo esto de verdad,miedo
las cosas ya no son como antes la verdad,triste
te cuento que siento que a nadie le importo otra vez,triste
la verdad me siento muy triste otra vez,triste
me siento muy vacio aunque tenga cosas que hacer de verdad,triste
no puedo creer que hayan hecho eso y no puedo evitarlo,enojo
sabes que que buen dia tuve hoy en serio,feliz
definitivamente todo me irrita desde hace dias,enojo
oye me da pena hablar en publico y manana me toca parce,miedo
lo que pasa es que estoy muy apagado y sin energia y quisiera que no fuera así,triste
la verdad me siento muy feliz ultimamente,feliz
me dieron informacion falsa de verdad,enojo
tengo mucho miedo ultimamente,miedo
me tiene muy bajoneado lo que paso la verdad,triste
no te miento prometieron y no cumplieron otra vez,enojo
fijate que me tocó madrugar y no dormí nada y encima salio mal parce,triste
fijate que tengo miedo de decepcionar a todos y es agotador,miedo
ahora mismo mi grupo hizo el trabajo sin contar conmigo y no se que hacer,triste
es que me tienen muy mamado con esa vuelta pero bueno,enojo
no se si contarte pero siento que no soy tan inteligente como los demas y nadie lo entiende,triste
oye siento una rabia que no te imaginas,enojo
no se no se que quiero hacer con mi vida la verdad,miedo
sinceramente me duele mucho lo que esta pasando,triste
mira lo que paso aprobe la materia que tenia perdida sinceramente,feliz
oye me saca de quicio tu actitud de verdad,enojo
en serio mi mejor amigo se fue para otro pais pero bueno,triste
fallecio alguien cercano de verdad,triste
ahora mismo me mintieron en mi cara pero no digo nada,enojo
en serio hoy el clima estuvo perfecto men,feliz
es que tengo panico de que me pregunten algo frente a todos pero necesitaba decirlo,miedo
te digo que me da terror pensar en esa posibilidad,miedo
para serte honesto cambio su estado y supe que era por mi y me pesa cargarlo solo,triste
no te miento me salio el negocio que queria,feliz
mira me hicieron fila tres horas y no me atendieron y no se que hacer,enojo
mira lo que paso usaron lo que les conte en mi contra y quisiera que alguien me ayudara,enojo
te cuento que perdi algo muy importante sinceramente,triste
me trataron muy mal sin razon pero no digo nada,enojo
te juro que me senti aceptado como soy y no se como manejarlo,feliz
mira lo que paso alguien me entendio sin que yo explicara mucho pero ya no puedo mas,feliz
ultimamente me canse de pedir ayuda y no recibirla y no se que hacer,triste
fijate que nacio mi hija de verdad,feliz
hoy mi mejor amigo se fue a vivir lejos sinceramente,triste
la verdad no quiero salir solo en este momento,miedo
hoy estoy muy asustado con lo que puede pasar y no es facil,miedo
no te miento perdi mi negocio y no se como seguir,triste
oye hoy amaneci con mucha energia pero no digo nada,feliz
oye no se si actue bien y eso no me deja tranquilo y me pesa cargarlo solo,miedo
desde ayer que problema tan absurdo en este momento,enojo
hoy prometieron y no cumplieron y no lo puedo ocultar,enojo
desde hace dias me da panico equivocarme y que no me perdonen y nadie lo entiende,miedo
te digo que siento un vacio que no puedo llenar y no se como seguir,triste
es que me angustia pensar que quiza elegi mal mi carrera y ya,miedo
lo que pasa es que me ignoraron cuando tenia razon pero no digo nada,enojo
la verdad es que me mandaron un mensaje muy agresivo y me afecta mucho,enojo
ahora mismo me prometieron que no volveria a pasar y me afecta mucho,enojo
fijate que no me puedo sacar esta sensacion de encima y me afecta,miedo
ya no aguanto mas esa situacion men,enojo
mira me echaron la culpa de algo que hizo otro parce,enojo
oye hoy me senti muy a gusto con todo pero bueno,feliz
la verdad perdi mi trabajo hoy y me afecta,triste
en serio me siento muy agradecido con la vida hoy y me tiene pensando mucho,feliz
te cuento que el resultado me tiene muy angustiado y ya,miedo
es que llegue a los seguidores que queria pero bueno,feliz
la verdad aprobe el examen y no puedo evitarlo,feliz
hoy me descuentan del sueldo cosas que no firmé y eso me duele,enojo
la verdad es que me echaron la culpa de lo que salio mal y eso me tiene mal,enojo
para serte honesto me escribieron solo para reclamarme y no se como manejarlo,enojo
oye ya basta con esa actitud y no lo voy a tolerar,enojo
hermano me trataron como si yo fuera el problema parce,enojo
desde hace dias me ignoraron cuando trate de explicarme sinceramente,enojo
la verdad es que me tienes harto de verdad y ya me canse,enojo
la verdad esto es injusto,enojo
fijate que me tocó pagar una multa que no era justa,enojo
te juro que que falta de respeto tan grande y ya me canse,enojo
no puedo creer que me enoja mucho lo que dijiste,enojo
para serte honesto me angustia no saber como interpretar eso de verdad,miedo
de verdad siento un vacio muy grande en mi y quisiera que no fuera así,triste
te digo que me eliminaron del grupo sin decir nada y nadie lo entiende,enojo
hoy todo salio perfecto y no se que hacer,feliz
siento que el miedo no me deja avanzar sinceramente,miedo
me saco del grupo sin razon pero ya no puedo mas,triste
en este momento me siento inseguro esta semana,miedo
hoy mi grupo hizo el trabajo sin contar conmigo sinceramente,triste
te cuento que se llevaron el credito de lo que yo hice pero no digo nada,enojo
la verdad es que que alegria me da ver tus logros y estoy muy contento,feliz
ultimamente me canse de pedir lo mismo sin resultado sinceramente,enojo
la verdad estoy disfrutando mucho y me encanta,feliz
ultimamente estoy emocionalmente agotado y me tiene mal,triste
sinceramente tengo miedo de que todo cambie todo el tiempo,miedo
mira tengo miedo de que me rechacen si digo lo que pienso de verdad,miedo
no te miento hoy me di cuenta que avance mucho y nadie lo sabe,feliz
mira no puedo creer lo que hicieron y no lo puedo ocultar,enojo
hoy me citaron a declarar y estoy muy nervioso de verdad,miedo
es que me toco vender el carro que tanto queria y eso me duele,triste
te cuento que me ignoraron completamente y ya,enojo
no te miento fallecio alguien cercano y nadie lo sabe,triste
no te miento no me puedo sacar esta sensacion de encima y no se que hacer,miedo
fijate que me enfurece que actuen asi y necesito que alguien me entienda,enojo
en serio me canse de pedir lo mismo sin resultado y trato de disimularlo,enojo
mira el transporte salio tardisimo y llegue tarde por eso y nadie lo sabe,enojo
en serio tengo panico de fallar cuando todos confian en mi,miedo
en serio me subieron el sueldo y no se como manejarlo,feliz
me da pena decirlo pero publico algo que me dejo muy mal y no es facil admitirlo,triste
no te miento me estan ocultando algo y eso me pone nervioso de verdad,miedo
me cancelaron la cita sin avisar y me tiene mal,enojo
honestamente eso que hiciste estuvo muy feo y no lo entiendo,enojo
en serio me costo mucho levantarme hoy,triste
tengo miedo de que me vaya mal en las parciales pero bueno,miedo
tengo miedo de decepcionar a todos de verdad,miedo
es que mi grupo hizo el trabajo sin contar conmigo y no lo digo seguido,triste
lo que pasa es que me asusta pensar en el futuro y es agotador,miedo
no me dejaron terminar de hablar y no se que hacer,enojo
es que me dieron el trabajo que queria,feliz
me parece una falta de respeto y no lo entiendo,enojo
termino mi carrera pero no digo nada,feliz
ultimamente me hicieron perder el tiempo,enojo
vieja estoy que no me la creo hermano,feliz
sinceramente me salio el negocio que queria y me tiene mal,feliz
que buena noticia me dieron hoy y es lo mejor que me paso,feliz
en serio me dieron el viernes libre y no lo digo seguido,feliz
fijate que siento que algo esta pasando y nadie me dice que y ya,miedo
para serte honesto no se si ese mensaje significaba lo que creo de verdad,miedo
me pone muy nervioso tener que dar explicaciones parce,miedo
es que me da miedo pedir ayuda la verdad,miedo
parce me graduo el sabado en el paraninfo y no es facil,feliz
la verdad es que siento un dolor emocional muy grande y no se como seguir,triste
me da pena decirlo pero no entendi bien el tono y eso me tiene angustiado y eso me tiene mal,miedo
en serio no puedo mas con esta situacion de verdad,enojo
sinceramente todo salio excelente ultimamente,feliz
oye me siento muy lejos de ser feliz y ya,triste
realmente recibi buenas noticias y me afecta mucho,feliz
sinceramente me siento tranquilo y feliz y no se que hacer,feliz
en serio tengo miedo de que me vaya mal en las parciales parce,miedo
me preocupa no poder pagar el arriendo el otro mes,miedo
es que tengo un miedo muy grande en este momento y me tiene muy nervioso,miedo
te cuento que me sorprendieron hoy y ya,feliz
hoy estoy harto de esto y estoy cansado,enojo
para serte honesto tengo miedo de decir algo fuera de lugar,miedo
en este momento no aguanto mas y me afecta mucho,enojo
mira no tengo con quien hablar y eso me pesa,triste
resulta que que perro tan feo y no sé qué hacer,enojo
me da terror lo que pueda pasar despues y no se que hacer,miedo
te digo que estoy muy satisfecho con mis decisiones sin duda,feliz
para serte honesto me trataron como si no existiera y me tiene mal,enojo
pude expresarme sin que me juzgaran y nadie lo entiende,feliz
parce me llamaron para el trabajo en medellin y no puedo evitarlo,feliz
en serio no alcance el cupo en la universidad publica hermano,triste
ultimamente estoy temblando de nervios todo el tiempo,miedo
hoy tengo miedo de decir algo fuera de lugar y no se que hacer,miedo
lo que pasa es que me echaron la culpa de algo que no hice y es agotador,enojo
la verdad es que estoy muy asustado de perder lo que amo y me tiene muy nervioso,miedo
oye la vida esta siendo buena conmigo otra vez,feliz
hoy estoy muy contento en este momento,feliz
la verdad es que que dia tan productivo tuve hoy y estoy muy contento,feliz
me siento muy solo en esta ciudad y eso me duele,triste
hoy me alegra ver que todo salio bien,feliz
hoy me senti muy bien conmigo mismo pero bueno,feliz
la verdad me da mucha rabia y no se que hacer,enojo
es que vi las historias de todos y me senti muy mal y me tiene pensando mucho,triste
oye se aprovecharon de que no sabia y ya,enojo
en serio me duele mucho haberlo perdido y no lo puedo superar,triste
me perdi un momento importante,triste
sinceramente me fue bien en el icfes de verdad,feliz
hoy ya no quiero hablar ultimamente,triste
no te miento siento que fracase todo el tiempo,triste
me hicieron fila tres horas y no me atendieron,enojo
desde hace dias me siento invisible y no se que hacer,triste
oye por fin me contestaron y eso me tiene mal,feliz
es que me trataron como si yo fuera el problema y ya,enojo
para serte honesto nadie noto que algo me pasaba pero necesitaba decirlo,triste
parce me siento muy solo en esta ciudad,triste
te digo que estoy muy asustado sin saber que hacer de verdad,miedo
hoy manana es el dia y no estoy listo y no se que hacer,miedo
oye me tocó pagar una multa que no era justa y ya,enojo
hoy siento que voy por buen camino sinceramente,feliz
la verdad es que me siento increiblemente bien y estoy muy contento,feliz
en serio estoy muy bajoneado con todo y no se como seguir,triste
te digo que siento una ansiedad muy fuerte ahora y no puedo calmarlo,miedo
sinceramente me respondieron con mala cara sin razon y me afecta,enojo
hoy hoy no tuve que madrugar y lo disfrute bro,feliz
te juro que me da miedo decepcionarme a mi mismo y nadie lo entiende,miedo
te digo que estoy muy preocupado por lo que puede venir y eso me preocupa mucho,miedo
siento que todo el mundo sigue y yo me quede quieto pero bueno,triste
no te miento eso me pone muy furioso parce,enojo
es que compre mi primer carro de verdad,feliz
hoy estoy muy bravo con lo que paso y nadie lo sabe,enojo
me siento muy achantado hoy la verdad,triste
bro me da miedo no estar a la altura de lo que se espera de verdad,miedo
hoy no quiero salir solo por todo lo que paso,miedo
la verdad es que estoy muy contento con lo que paso y estoy muy contento,feliz
me da pena decirlo pero me eliminó de sus contactos sin decir nada y nadie lo entiende,triste
la verdad no se si voy a poder sostenerme solo y nadie lo entiende,miedo
ahora mismo no supe leer la situacion y meti la pata y no puedo evitarlo,triste
no te miento tengo miedo de ver lo que me respondieron sinceramente,miedo
es que me da mucha pena decirle eso a la gente y nadie lo sabe,miedo
desde hace dias me salio rico lo que cocine pero no digo nada,feliz
mira que no me gusto tu trabajo,enojo
mira me preocupa no poder pagar el arriendo el otro mes hermano,miedo
te digo que siento una melancolia muy grande ahora y quisiera que no fuera así,triste
desde ayer me preocupa demasiado esto en este momento,miedo
ultimamente hoy fue maravilloso por todo lo que paso,feliz
estoy muy bacano con la noticia y nadie lo sabe,feliz
hoy tengo miedo de que me alejen si se dan cuenta como soy y me pesa cargarlo solo,miedo
hermano estoy muy molesto con lo que hicieron pero bueno,enojo
es que eres una persona muy egoista y no lo entiendo,enojo
no te miento me da miedo ir al medico y es agotador,miedo
es que me asusta pensar en las consecuencias,miedo
me alegra muchisimo lo que paso y es lo mejor que me paso,feliz
me dijeron que era muy sensible por sentirme mal pero ya no puedo mas,enojo
la verdad es que siento que perdi algo muy importante,triste
vieja me embargaron la cuenta y no entiendo por que pero bueno,miedo
lo que pasa es que el profesor me felicito por el trabajo y no lo digo seguido,feliz
ultimamente siento que finjo estar bien tan seguido que ya ni se men,triste
hoy no me toman en serio por mi edad y no es facil,enojo
ultimamente todo salio mal desde hace dias,triste
sinceramente todo me irrita,enojo
la verdad vi algo que me dejo muy intranquilo,miedo
oye me hablaron muy mal pero no digo nada,enojo
realmente me siento incomodo con esto ultimamente,miedo
no te miento hoy no tengo que trabajar y ya,feliz
en serio tengo miedo de que sea algo grave de verdad,miedo
de verdad siento que perdi algo muy importante,triste
sinceramente me siento tranquilo y feliz,feliz
la verdad estoy al limite de mi paciencia y no puedo evitarlo,enojo
ahora mismo me duele el alma y no lo puedo ocultar,triste
honestamente estoy demasiado molesto y estoy cansado,enojo
todo esta terrible,triste
ultimamente me borraron un comentario que tenia toda la razon la verdad,enojo
quede encantado con como salio todo hermano,feliz
lo que pasa es que estoy muy bajoneado con todo y quisiera que no fuera así,triste
oye me hablaron muy feo sin ninguna razon y nadie lo sabe,enojo
te digo que tengo temor de que todo cambie de golpe,miedo
realmente todo me da miedo en este momento,miedo
te cuento que por fin me salio el pasaporte parce,feliz
en serio publicaron algo mio sin pedirme permiso,enojo
no se si contarte pero tengo panico de que me pregunten algo frente a todos y no puedo evitarlo,miedo
tengo miedo de que me rechacen si digo lo que pienso y no se que hacer,miedo
hoy me siento muy bien en este momento de verdad,feliz
lo que es cierto es que que bonita sorpresa me llevé hoy y estoy muy contento,feliz
hoy voy a dormir toda la noche y me afectó mucho,feliz
sinceramente me molesta tu falta de consideracion de verdad,enojo
sinceramente alguien noto que estaba bien y me lo dijo y eso me tiene mal,feliz
para serte honesto siento que no le importo a nadie de verdad y quisiera que alguien me ayudara,triste
fijate que termine mi tesis pero bueno,feliz
es que perdi una oportunidad importante y no se que hacer,triste
hoy estoy muy feliz con mi vida,feliz
definitivamente que problema tan absurdo en este momento,enojo
te juro que publicaron algo mio sin pedirme permiso pero ya no puedo mas,enojo
mira lo que paso no supe si era una broma o algo serio y eso me tiene mal,triste
te cuento que no estudie suficiente para esto la verdad,miedo
oye no me toman en serio por mi edad pero bueno,enojo
ahora mismo me siento muy bien conmigo mismo y necesito que alguien me entienda,feliz
de verdad me da mucha alegria saber eso en serio,feliz
mira estas actuando muy mal,enojo
en este momento tengo ansiedad por lo que viene y me afecta mucho,miedo
hoy me tiene muy irritado todo esto,enojo
la verdad todo me pone mal en este momento,triste
fijate que me case hoy de verdad,feliz
lo que pasa es que me dejaron solo en esto la verdad,triste
me cayo del cielo esa noticia y no es facil,feliz
es que nada de lo que hago vale la pena y es agotador,triste
ultimamente estoy rodeado de gente y me siento solo y necesito que alguien me entienda,triste
lo que pasa es que que mal te portas siempre y eso no esta bien,enojo
es que me reportaron sin motivo y me bloquearon la cuenta la verdad,enojo
hoy no se que quiero hacer con mi vida,miedo
cambiaron todo sin avisarme de verdad,enojo
la verdad me da ansiedad ver cuanta gente vio mi historia la verdad,miedo
en este momento estoy cansado mentalmente por todo lo que paso,triste
lo que es cierto es que me siento muy agradecido con la vida y estoy muy contento,feliz
que buena noticia me dieron hoy,feliz
me pidieron algo de ultimo momento y me cuesta mucho,enojo
es que me bloqueo sin darme una explicacion,triste
extraño mucho a las personas que ya no estan y no se que hacer,triste
te digo que tengo panico de no salir de esto y no puedo calmarlo,miedo
fijate que consegui apartamento en arriendo bien precio,feliz
te digo que me dicen que exagero cuando digo como me siento la verdad,enojo
me siento orgulloso de donde estoy pero necesitaba decirlo,feliz
fijate que me tocó pagar una multa que no era justa y me tiene mal,enojo
es que me siento muy bien conmigo mismo y eso me pesa,feliz
te cuento que me sorprendieron hoy y no se que hacer,feliz
mira estoy esperando una respuesta y me tiene nervioso la verdad,miedo
no te miento se burlaron de algo que me costo decir y me cuesta mucho,enojo
es que siento que todos avanzan menos yo bro,triste
te cuento que me tiene muy angustiado esa situacion la verdad,miedo
me comparo mucho con los demas y me hace mal pero bueno,triste
te cuento que extraño mucho a las personas que ya no estan de verdad,triste
no te miento me estan ocultando algo y eso me pone nervioso,miedo
desde hace dias me paraliza la idea de tener que hablar en grupo,miedo
ahora mismo hicieron como si yo no existiera en la reunion y me pesa cargarlo solo,enojo
ahora mismo me mandaron un mensaje muy agresivo y me tiene agotado,enojo
en serio me tiene muy apagado esta situacion y me cuesta mucho,triste
desde hace dias tengo miedo de que las cosas cambien de repente y me cuesta mucho,miedo
de verdad me da mucha rabia lo que hiciste y ya me canse,enojo
hoy el partido de colombia salio bien la verdad,feliz
es que me da ansiedad ver cuanta gente vio mi historia y ya,miedo
ahora mismo me dijeron que exageraba de verdad,enojo
en este momento estoy demasiado molesto esta semana,enojo
la verdad me rechazaron y duela mucho y no se que hacer,triste
en este momento me siento inseguro todo el tiempo,miedo
me da terror que noten que estoy nervioso,miedo
hoy fue un buen día,feliz
te cuento que siento que cargue solo con todo y es agotador,triste
mira me paralizo cuando tengo que decidir de verdad,miedo
parce hoy fue un parche buenisimo y eso me duele,feliz
oye quise decir algo pero no encontre las palabras y no puedo evitarlo,triste
hoy me encontre con un amigo que no veia hace tiempo,feliz
es que me pagan mal y me exigen demasiado y ya,enojo
estoy con el animo muy por el piso y me cuesta mucho,triste
mira subi una foto y me arrepenti de haberla subido y nadie lo entiende,triste
tengo miedo de tomar una decision y que salga mal de verdad,miedo
de verdad estoy muy contento con lo logrado y es lo mejor que me paso,feliz
estoy realmente indignado y me tiene mal,enojo
para serte honesto me graduo este mes y ya,feliz
hoy me siento inseguro por todo lo que paso,miedo
ahora mismo nada me salio bien hoy todo el tiempo,enojo
ultimamente me pone ansioso salir de casa sinceramente,miedo
ultimamente no se si voy a poder con esto y no puedo evitarlo,miedo
te digo que hoy me senti muy bien conmigo mismo y me afecta,feliz
en serio estoy muy agradecido con todos y no lo puedo creer,feliz
te juro que me eliminó de sus contactos sin decir nada y me afecta mucho,triste
para serte honesto siento que no soy tan inteligente como los demas y me cuesta mucho,triste
vieja me pusieron a hacer el trabajo de todos,enojo
mira que irresponsable eres con todo en serio,enojo
hoy me pidieron algo de ultimo momento y me cuesta mucho,enojo
ultimamente el profesor me felicito por el trabajo y me afecta mucho,feliz
ultimamente me tiene harto que siempre pase lo mismo de verdad,enojo
te cuento que hoy no tengo que trabajar y no se que hacer,feliz
oye me embargaron la cuenta y no entiendo por que y nadie lo sabe,miedo
no se termine el curso que venia haciendo de verdad,feliz
la verdad mi abuelo ya no esta y nadie lo sabe,triste
ultimamente publicaron algo mio sin pedirme permiso y me afecta,enojo
sinceramente siento que estoy muy solo en todo esto,triste
sinceramente que irresponsable eres con todo y no lo entiendo,enojo
me tiene muy cansado esta gente y ya,enojo
oye quede muy contento con el resultado de verdad,feliz
estoy apostando todo a esto sinceramente,miedo
no te miento nada me salio bien hoy la verdad,enojo
sinceramente estoy muy enojado ultimamente,enojo
sinceramente me asusta no saber si voy a conseguir trabajo bro,miedo
ahora mismo no se si voy a poder con esto y eso me pesa,miedo
vieja me da pena hablar en publico y manana me toca de verdad,miedo
sinceramente me angustia pensar que quiza elegi mal mi carrera,miedo
ahora mismo hoy todo fluyo bien y me afecta mucho,feliz
ultimamente me fallaron cuando mas los necesitaba todo el tiempo,triste
hermano me dieron una sorpresa muy bonita hoy de verdad,feliz
no te miento me mintieron descaradamente en la cara y ya,enojo
desde hace dias no se como va a terminar esto y eso me pesa,miedo
men me critican las decisiones sin conocer mi situacion y no se que hacer,enojo
capturaron una conversacion privada y la compartieron y me tiene pensando mucho,enojo
desde hace dias me corrigieron el tono sin escuchar lo que dije y no es facil admitirlo,enojo
termine el curso que venia haciendo y no puedo evitarlo,feliz
te cuento que me duele el alma y necesito que alguien me entienda,triste
no se me siento muy bien con mi proceso men,feliz
que alegria tan grande la mia y estoy muy contento,feliz
de verdad estoy muy contento con los avances,feliz
en serio me da muy duro enfrentar esa conversacion y no puedo evitarlo,miedo
honestamente que mal te portas siempre,enojo
la verdad es que tengo un presentimiento muy malo,miedo
te digo que me reportaron sin motivo y me bloquearon la cuenta pero bueno,enojo
para serte honesto tengo miedo de lo que piensen de mi otra vez,miedo
es que hoy no tuve que fingir que estaba bien pero ya no puedo mas,feliz
hoy me tiene muy enojado esa situacion parce,enojo
no te miento me asusta pensar en el futuro y eso me pesa,miedo
desde ayer tengo mucho miedo y eso me preocupa,miedo
es que me respondieron con mala cara sin razon la verdad,enojo
es que estoy apostando todo a esto y no se que hacer,miedo
es que me di cuenta que nadie me busca si yo no busco,triste
es que estrene mi apartamento de verdad,feliz
mira que manera tan irresponsable de actuar y no lo entiendo,enojo
mira cambiaron todo sin avisarme,enojo
fijate que hoy todo el transporte me funciono perfecto bro,feliz
hoy tengo un mal presentimiento con eso,miedo
hermano me preocupa no poder pagar el arriendo el otro mes y eso me duele,miedo
me da mucho miedo la situacion actual de verdad,miedo
fijate que se rieron de como me exprese y no lo digo seguido,enojo
la verdad es que me dieron la nota que esperaba y no lo digo seguido,feliz
no se si contarte pero tengo miedo de que se den cuenta que no entiendo sinceramente,miedo
siento que la estoy embarrando en todo y no puedo evitarlo,triste
en serio me graduo el sabado en el paraninfo pero bueno,feliz
oye estoy que no me la creo y me tiene mal,feliz
ahora mismo me encanta este momento todo el tiempo,feliz
men no se si lo que estoy haciendo es lo correcto pero bueno,miedo
me da terror decepcionar a alguien que confio en mi y no se que hacer,miedo
no te miento tengo miedo de decir algo fuera de lugar de verdad,miedo
sinceramente extraño mucho a las personas que ya no estan de verdad,triste
la verdad es que me excluyeron de la decision sin explicacion y me afecta mucho,enojo
te cuento que abusaron de mi confianza todo el tiempo,enojo
la verdad siento mucha presion ultimamente,miedo
te juro que no es la primera vez y eso me tiene agotado,enojo
te juro que dije algo que no quise decir y no se como explicarlo y me pesa cargarlo solo,triste
en serio me preocupa no poder lograrlo y no se que hacer,miedo
en serio hoy me senti muy a gusto con todo hermano,feliz
ahora mismo hoy fue un gran dia y me afecta mucho,feliz
mira no se si voy a poder sostenerme solo de verdad,miedo
estoy muy alegre con lo que vivo y estoy muy contento,feliz
hoy recibi buenas noticias y no se que hacer,feliz
hermano estoy muy cansado de lucharla solo,triste
que buen dia para estar bien sin duda,feliz
me siento muy triste y desolado y no se como seguir,triste
te juro que eres increiblemente irresponsable de verdad,enojo
de verdad estoy muy triste por la noticia y quisiera que no fuera así,triste
de verdad me entristece mucho lo que paso y no lo puedo superar,triste
hoy el transporte salio tardisimo y llegue tarde por eso y eso me duele,enojo
sinceramente me siento muy feliz en este momento,feliz
nadie me dio una respuesta clara pero necesitaba decirlo,enojo
hoy me vi bien en el espejo y me gusto y no es facil,feliz
la verdad es que me respondieron con mala actitud sin razon y no se que hacer,enojo
ahora mismo hoy todo fluyo bien sinceramente,feliz
no te miento la incertidumbre me tiene paralizado y eso me pesa,miedo
en serio me respondieron con mala actitud sin razon y nadie lo entiende,enojo
en serio me toco vender el carro que tanto queria y no puedo evitarlo,triste
te cuento que me mintieron en mi cara y me tiene mal,enojo
ahora mismo me siento increible todo el tiempo,feliz
oye me da ansiedad conocer gente nueva pero no digo nada,miedo
en serio estoy muy agradecido por todo,feliz
no te miento compre mi primer carro y ya,feliz
la verdad es que eso estuvo muy mal hecho sin excusas,enojo
definitivamente estoy muy preocupado en este momento,miedo
mira tengo ansiedad de aparecer en camara,miedo
ultimamente perdi una oportunidad importante y no se que hacer,triste
no se todo el mundo esta en planes y yo solo en casa,triste
mira me llamaron de la empresa y no dijeron para que y nadie lo sabe,miedo
me di cuenta que nadie me busca si yo no busco men,triste
hoy me da ansiedad abrir ese chat y no se como manejarlo,miedo
fijate que perdi una oportunidad importante,triste
que descarado eres en serio y punto,enojo
oye se aprovecharon de la buena fe mia parce,enojo
vieja estoy muy molesto con lo que hicieron y no puedo evitarlo,enojo
para serte honesto estoy rodeado de gente y me siento solo otra vez,triste
sinceramente estoy muy preocupado por todo lo que pasa,miedo
ultimamente me siento nervioso desde hace dias,miedo
mira me frustras mucho con eso,enojo
hoy tengo miedo de fallar ultimamente,miedo
sinceramente me fui de la reunion antes porque no podia mas sinceramente,triste
oye me pone muy nervioso tener que dar explicaciones parce,miedo
es que me pidieron algo de ultimo momento pero ya no puedo mas,enojo
hoy algo cambio de repente y no entiendo por que y nadie lo sabe,miedo
me siento muy achantado hoy hermano,triste
me da pena decirlo pero hablaron de algo que yo no sabia y me senti excluido y no se como manejarlo,triste
te digo que ya no aguanto mas esa situacion y no puedo evitarlo,enojo
hoy pude expresarme sin que me juzgaran y quisiera que alguien me ayudara,feliz
lo que pasa es que me copiaron el trabajo y lo publicaron como propio y nadie lo entiende,enojo
sinceramente me regalaron algo que queria hace mucho de verdad,feliz
ultimamente aprobe la materia que tenia perdida y eso me tiene mal,feliz
sinceramente siento que ya no tengo fuerzas para nada y no se como seguir,triste
no te miento hoy fue un dia muy gris y ya,triste
la verdad el resultado me tiene muy angustiado y eso me pesa,miedo
ahora mismo me pusieron en evidencia en un grupo,enojo
la verdad me siento lleno de energia en este momento,feliz
me produce rabia pensar en lo que hiciste sin excusas,enojo
ultimamente me hicieron sentir especial sinceramente,feliz
mira me da miedo decepcionarme a mi mismo y no se que hacer,miedo
que buena experiencia vivimos juntos y no lo puedo creer,feliz
oye hoy fue exactamente lo que necesitaba y no puedo evitarlo,feliz
la verdad me saca de quicio que no cambien nada de verdad,enojo
todo me da miedo esta semana,miedo
es que me mandaron un audio muy lindo y no es facil admitirlo,feliz
men me angustia no tener todo claro a mi edad pero bueno,miedo
sinceramente me siento muy feliz otra vez,feliz
fijate que me llamaron de la empresa y no dijeron para que pero bueno,miedo
desde ayer todo salio excelente desde hace dias,feliz
no te miento mi familia esta pasando un momento muy dificil de verdad,triste
vieja me citaron a declarar y estoy muy nervioso de verdad,miedo
no se como decirlo sin que se enojen y no puedo evitarlo,miedo
te digo que siento que algo malo va a pasar,miedo
me siento completo y no se que hacer,feliz
me exigen resultados sin darme las herramientas la verdad,enojo
lo que es cierto es que me siento muy motivado y feliz sin duda,feliz
ya basta con esa actitud y ya me canse,enojo
definitivamente todo salio perfecto desde hace dias,feliz
la verdad siento que fracase y no lo puedo ocultar,triste
hoy no tengo que trabajar pero no digo nada,feliz
perdi mi trabajo hoy y no puedo evitarlo,triste
te juro que cambiaron las reglas sin avisarme y trato de disimularlo,enojo
la verdad hoy fue mejor de lo que esperaba,feliz
hoy compre mi primera casa y me tiene mal,feliz
hoy me tienen harto con esto desde hace dias,enojo
mira mi familia estuvo muy unida hoy y ya,feliz
es que me respondieron que si al proyecto la verdad,feliz
desde hace dias tuve que fingir que estaba bien toda la noche y me afecta mucho,triste
te digo que que alegria me da ver tus logros,feliz
hermano tengo miedo de que me rechacen si digo lo que pienso y eso me duele,miedo
no te miento no puedo creer lo que hicieron otra vez,enojo
ahora mismo todo me irrita y no se que hacer,enojo
estoy lleno de felicidad ahora mismo y estoy muy agradecido,feliz
te digo que me dicen que me esfuerce mas cuando ya doy todo y me afecta,enojo
me independice por fin sinceramente,feliz
ahora mismo tuve que fingir que estaba bien toda la noche y no se como manejarlo,triste
no se si contarte pero usaron lo que les conte en mi contra y nadie lo entiende,enojo
siento un dolor muy grande en el pecho de verdad,triste
siento el alma muy pesada hoy y me duele mucho,triste
fijate que por fin me contestaron y me cuesta mucho,feliz
fijate que me siento muy lejos de todos y me tiene mal,triste
es que no tuve ganas de comer y ya,triste
hoy me hicieron sentir que molestaba y ya,enojo
la verdad tengo mucho miedo esta semana,miedo
eres un maleducado sin remedio sin excusas,enojo
fijate que me toco irme del barrio que queria,triste
te digo que siento una tristeza que no me abandona y me duele mucho,triste
me comparo mucho con los demas y me hace mal y me cuesta aceptarlo,triste
me siento muy triste y sin motivacion,triste
te cuento que siento que fracase y me afecta mucho,triste
oye hoy hice algo que me daba mucho miedo y salio bien y no se que hacer,feliz
te cuento que siento que estoy de mas sinceramente,triste
es que me llego un paquete que habia pedido pero bueno,feliz
tengo un mal presentimiento con eso hermano,miedo
ahora mismo me siento en paz y es agotador,feliz
ahora mismo estoy harto de esto y eso empeora todo,enojo
sinceramente estoy muy triste y no se que hacer y quisiera que no fuera así,triste
mira lo que paso me da ansiedad cuando hay silencio en la conversacion y me pesa cargarlo solo,miedo
sabes que que alegria tan grande la que siento en serio,feliz
es que me angustia saber que todo queda guardado en internet,miedo
ahora mismo perdi la materia que mas me esforcé de verdad,triste
la verdad me reportaron sin motivo y me bloquearon la cuenta y no es facil,enojo
mira tengo miedo de que me quiten el trabajo parce,miedo
lo que pasa es que me tiene harto esta situacion de verdad,enojo
fijate que me da miedo ir al medico otra vez,miedo
en serio hoy me senti muy a gusto con todo,feliz
me siento muy decaido sin saber por que,triste
no puedo evitar que estoy muy asustado con lo que dijiste,miedo
mira que que perro tan feo y no sé qué hacer,enojo
en este momento todo me da miedo,miedo
oye eres completamente irresponsable sin excusas,enojo
es que no puedo mas con tanto sinceramente,triste
lo que pasa es que estoy muy triste con el resultado de verdad,triste
la verdad me angustia no tener todo claro a mi edad,miedo
la verdad es que me entristece mucho lo que hiciste y no lo puedo superar,triste
es que estoy con las personas que amo y necesito que alguien me entienda,feliz
es que aprobe la materia que tenia perdida de verdad,feliz
no puedo creer que que fastidio me da esta situacion y no lo voy a tolerar,enojo
es que estoy que no me la creo y nadie lo sabe,feliz
me tienen muy mamado con esa vuelta hermano,enojo
me tienen harto con esto ultimamente,enojo
en serio no tengo con quien hablar y no puedo evitarlo,triste
te juro que no puedo creer lo que hiciste,enojo
te digo que hoy fue un dia increible y estoy muy agradecido,feliz
que impotencia siento ahora y no lo entiendo,enojo
sabes que estoy muy alegre con lo que vivo en serio,feliz
es que estoy que no me la creo,feliz
te juro que me da ansiedad abrir ese chat y me cuesta mucho,miedo
sabes que estoy muy satisfecho con el dia de hoy y no lo puedo creer,feliz
se fue mi perro hoy,triste
hermano hoy me senti muy a gusto con todo,feliz
es que me excluyeron de la decision sin explicacion y me tiene agotado,enojo
hoy me trataron como si yo fuera el problema,enojo
ultimamente me critican las decisiones sin conocer mi situacion y ya,enojo
cumpli mi meta del año la verdad,feliz
sabes que estoy muy emocionado con esto y estoy muy agradecido,feliz
definitivamente estoy disfrutando mucho hoy,feliz
no se no se si lo que estoy haciendo es lo correcto y me tiene pensando mucho,miedo
ultimamente me mandaron un audio muy lindo y nadie lo entiende,feliz
en serio me eliminó de sus contactos sin decir nada y nadie lo entiende,triste
mi equipo gano hoy y estoy feliz y ya,feliz
sinceramente hoy me vi bien en el espejo y me gusto y me afecta,feliz
lo que pasa es que me hicieron sentir especial sinceramente,feliz
definitivamente estoy demasiado molesto esta semana,enojo
mira me canse de ser el que siempre aguanta y nadie lo entiende,triste
mira me saca de quicio que no cambien nada y no puedo evitarlo,enojo
te digo que siento una ansiedad tremenda ahora y no se que hacer,miedo
hoy hoy amaneci con toda la actitud y me cuesta mucho,feliz
me da pena decirlo pero tengo miedo de decir algo fuera de lugar y nadie lo entiende,miedo
hoy no quise hablar con nadie hoy sinceramente,triste
la verdad ya no tengo fuerzas para nada de verdad,triste
hoy siento que perdi una etapa de mi vida,triste
fijate que me echaron la culpa de lo que salio mal y eso me tiene mal,enojo
fijate que estrene mi apartamento y no puedo evitarlo,feliz
nacio mi hija y ya,feliz
fijate que ya les dije mil veces y no cambia nada y me tiene agotado,enojo
tengo panico de que me pregunten algo en clase la verdad,miedo
ahora mismo hicieron como si yo no existiera en la reunion sinceramente,enojo
en serio no entendi bien el tono y eso me tiene angustiado y eso me tiene mal,miedo
sinceramente siento que cargue solo con todo pero no digo nada,triste
te digo que estoy re contento con todo la verdad,feliz
me tiene muy triste esta vuelta y no puedo evitarlo,triste
realmente tengo panico en este momento,miedo
desde hace dias me fallaron cuando mas los necesitaba y es agotador,triste
que suerte tan grande la mia sin duda,feliz
te cuento que defendi mi proyecto y quede bien y nadie lo sabe,feliz
te digo que me entristece mucho la situacion y quisiera que no fuera así,triste
realmente todo me fastidia,enojo
no se como aguantarte tanto en serio,enojo
es que me toco el dia libre y no se que hacer,feliz
hoy todo esta saliendo bien con todo lo que paso,feliz
no se no me toman en serio por mi edad y no es facil,enojo
ahora mismo extraño como eran las cosas antes otra vez,triste
me da pena decirlo pero quise decir algo pero no encontre las palabras sinceramente,triste
fijate que me subieron el sueldo y no puedo evitarlo,feliz
mira que mal te portas siempre y ya me canse,enojo
sinceramente me asusta que piensen que soy raro y quisiera que alguien me ayudara,miedo
oye me mandaron un mensaje raro y no entiendo que quieren de verdad,miedo
ultimamente me siento motivado,feliz
te juro que me dicen que me esfuerce mas cuando ya doy todo,enojo
te juro que alguien me entendio sin que yo explicara mucho y no se como manejarlo,feliz
ahora mismo tengo ansiedad todo el tiempo,miedo
la verdad me llamaron para el trabajo en medellin,feliz
la verdad tengo miedo de que sea algo grave sinceramente,miedo
sinceramente me da mucho miedo enfrentar esta situacion y eso me preocupa mucho,miedo
me hicieron perder un dia entero,enojo
hoy me da demasiada rabia de verdad,enojo
hoy me trataron diferente a los demas y me tiene mal,enojo
fijate que me llamaron de la empresa y no dijeron para que parce,miedo
realmente estoy muy enojado,enojo
me enfurece tu actitud y no lo voy a tolerar,enojo
sinceramente todo el mundo sigue y yo estoy quieto sinceramente,triste
te juro que no supe si era una broma o algo serio y no es facil admitirlo,triste
sinceramente no tengo plan b si esto falla pero bueno,miedo
no se si contarte pero pude expresarme sin que me juzgaran y me cuesta mucho,feliz
en serio no puedo dejar de preocuparme sinceramente,miedo
te juro que me dejo de seguir en redes sociales,triste
te digo que siento el alma muy pesada hoy y me duele mucho,triste
te digo que estoy muy apenado por lo sucedido y no lo puedo superar,triste
fijate que no alcance el cupo en la universidad publica y eso me duele,triste
me aterra pensar en perder el control,miedo
me pelee con mi mejor amigo y me duele mucho la verdad,triste
hoy tengo miedo de fallar todo el tiempo,miedo
mira perdi una oportunidad importante la verdad,triste
en serio me siento muy bien por lo que logre,feliz
hoy tengo miedo de llegar a cierta edad sin haber logrado nada,miedo
te cuento que me siento orgulloso de donde estoy y ya,feliz
hoy hice algo que me daba mucho miedo y salio bien y no es facil,feliz
para serte honesto estoy al limite de mi paciencia y no se que hacer,enojo
es que no voy a seguir tolerando esto y no lo entiendo,enojo
tuve que repetir lo mismo mil veces y me tiene mal,enojo
hoy me tiene harto que siempre pase lo mismo la verdad,enojo
ahora mismo no se si actue bien y eso no me deja tranquilo y me cuesta mucho,miedo
ahora mismo no se si actue bien y eso no me deja tranquilo sinceramente,miedo
lo que pasa es que siento tristeza y desesperanza ahora de verdad,triste
realmente estoy muy contento y me afecta mucho,feliz
oye me ignoraron cuando tenia toda la razon,enojo
men me siento muy bien con mi proceso la verdad,feliz
te cuento que me tiene con los nervios destrozados y ya,miedo
ahora mismo logre cerrar el trato que necesitaba sinceramente,feliz
fijate que me mintieron descaradamente en la cara,enojo
mira siento que todos avanzan menos yo y ya,triste
es que no se si actue bien y eso no me deja tranquilo y nadie lo entiende,miedo
fijate que me saca de quicio que no cambien nada y no puedo evitarlo,enojo
hoy me da panico enviar ese mensaje y quedar mal y ya,miedo
sinceramente siento una tristeza muy grande ahora y me duele mucho,triste
oye hoy me senti muy a gusto con todo,feliz
te cuento que todo el mundo sigue y yo estoy quieto,triste
sinceramente recibi buenas noticias y no se que hacer,feliz
ultimamente esto es injusto esta semana,enojo
mira me pelee con mi mejor amigo y me duele mucho y me cuesta mucho,triste
es que mi familia esta pasando un momento muy dificil y nadie lo sabe,triste
oye me agota tu comportamiento y eso no esta bien,enojo
ahora mismo ya no se que hacer y no se que hacer,triste
ultimamente me preocupa el futuro y no puedo dormir,miedo
fijate que alguien noto que estaba bien y me lo dijo y no es facil admitirlo,feliz
para serte honesto hoy llore sin saber por que y ya,triste
en serio me fallaron cuando mas los necesitaba pero no digo nada,triste
desde hace dias me faltaron el respeto de verdad,enojo
es que el transporte salio tardisimo y llegue tarde por eso y no es facil,enojo
en este momento todo me fastidia y no se que hacer,enojo
siento una ansiedad horrible en este momento y no puedo calmarlo,miedo
el medico me dijo que necesita hablar conmigo de verdad,miedo
estoy emocionalmente agotado sinceramente,triste
es que nacio mi hijo de verdad,feliz
en serio que irresponsable eres en serio,enojo
no te miento me dijeron que exageraba y eso me tiene mal,enojo
hoy me fue bien en la sustentacion y nadie lo entiende,feliz
hoy hoy fue un parche buenisimo y me cuesta mucho,feliz
bro siento que finjo estar bien tan seguido que ya ni se y me cuesta aceptarlo,triste
realmente me sacaron la paciencia en este momento,enojo
hoy siento que todos avanzan menos yo de verdad,triste
es que prometieron y no cumplieron y no puedo evitarlo,enojo
en serio me da ansiedad cuando hay silencio en la conversacion de verdad,miedo
no te miento me pidieron que fuera a recursos humanos de verdad,miedo
no puedo creer que eres un irresponsable total y no lo voy a tolerar,enojo
ultimamente vi las historias de todos y me senti muy mal men,triste
sabes que me alegra mucho haberte visto hoy en serio,feliz
la verdad me eliminaron del grupo sin decir nada,enojo
sinceramente siento una soledad enorme que me pesa y no lo puedo superar,triste
en serio me pone ansioso salir de casa otra vez,miedo
ultimamente recibi buenas noticias esta semana,feliz
eso estuvo muy mal de tu parte y ya me canse,enojo
ahora mismo tengo un presentimiento muy malo la verdad,miedo
en serio me tiene muy irritado todo esto,enojo
me da pena decirlo pero termine todo lo que tenia pendiente y quisiera que alguien me ayudara,feliz
realmente tengo mucho miedo esta semana,miedo
en serio me sorprendieron hoy pero no digo nada,feliz
ahora mismo todo salio mal otra vez,triste
en serio estoy muy satisfecho con todo,feliz
sinceramente ya no quiero hablar ultimamente,triste
hoy me preocupa mucho el futuro economico pero bueno,miedo
hoy me siento orgulloso de donde estoy de verdad,feliz
fijate que ya no somos lo que eramos y eso me entristece,triste
hermano me hablaron muy feo sin ninguna razon parce,enojo
es que termino mi relacion pero bueno,triste
en serio que buena suerte la mia hoy y es lo mejor que me paso,feliz
algo me dice que las cosas van a cambiar mal de verdad,miedo
desde hace dias hablaron de algo que yo no sabia y me senti excluido y no lo digo seguido,triste
lo que pasa es que estoy rodeado de gente y me siento solo y ya,triste
hermano me cobraron mas de lo que decia el precio parce,enojo
de verdad eres completamente irresponsable y ya me canse,enojo
ahora mismo me siento sin energia todo el tiempo,triste
la verdad es que estoy lleno de energia y alegria,feliz
parce hicimos una reunioncita y quedo muy buena la verdad,feliz
me cambiaron el turno sin avisarme y no se que hacer,enojo
sinceramente me toco el dia libre y es agotador,feliz
la verdad me sorprendieron hoy y eso me pesa,feliz
te cuento que me trataron diferente a los demas y me tiene mal,enojo
hoy tengo miedo de decepcionar a todos la verdad,miedo
te cuento que nadie me dio una respuesta clara pero necesitaba decirlo,enojo
parce me llamaron de la empresa y no dijeron para que y no es facil,miedo
oye por fin termine el proyecto,feliz
mira mi familia se fue a vivir lejos y me siento solo,triste
lo que pasa es que todo me pesa demasiado,triste
la verdad me dijeron que era mi culpa cuando no lo era la verdad,enojo
desde ayer todo salio perfecto ultimamente,feliz
hoy gane el concurso y no puedo evitarlo,feliz
usaron lo que les conte en mi contra y quisiera que alguien me ayudara,enojo
es que mi mejor amigo se fue para otro pais la verdad,triste
lo que pasa es que me di cuenta que no me invitaron a la reunion y no se como manejarlo,triste
ahora mismo tengo miedo de que sea algo grave y me tiene mal,miedo
para serte honesto nada me salio bien hoy otra vez,enojo
es que me graduo este mes y no puedo evitarlo,feliz
la verdad me siento horrible hoy y me afecta mucho,triste
lo que pasa es que me dijeron que era muy sensible por sentirme mal y eso me tiene mal,enojo
en este momento no soporto esta situacion ultimamente,enojo
hoy todo cambio de golpe de verdad,triste
fijate que tengo miedo de que me alejen si se dan cuenta como soy y no se que hacer,miedo
desde ayer ya no se que hacer por todo lo que paso,triste
realmente estoy muy enojado todo el tiempo,enojo
me respondieron con mala cara sin razon la verdad,enojo
fijate que me cobraron de mas y no me quieren devolver,enojo
lo que pasa es que me dijeron que cambie como si estuviera mal ser yo y nadie lo entiende,triste
tengo miedo de no tener a nadie conmigo y me tiene muy nervioso,miedo
estoy muy apenado con lo que paso de verdad,triste
la verdad me siento muy desconectado de todo y de todos y me tiene pensando mucho,triste
mira tengo panico de fallar cuando todos confian en mi y me cuesta aceptarlo,miedo
definitivamente todo esta mejorando otra vez,feliz
te juro que hoy fui honesto y salio bien y me pesa cargarlo solo,feliz
definitivamente recibi buenas noticias todo el tiempo,feliz
siento que no tengo proposito y nadie lo entiende,triste
oye tengo panico de que me pregunten algo en clase de verdad,miedo
te cuento que mi abuelo ya no esta y me tiene mal,triste
realmente todo salio mal desde hace dias,triste
parce me salio el traslado que pedi la verdad,feliz
hoy tengo miedo de tomar la decision equivocada,miedo
desde ayer ya no quiero hablar y no se que hacer,triste
sinceramente estoy muy cansado de lucharla solo pero bueno,triste
hoy me dijeron que si y despues que no la verdad,enojo
no te miento perdi mi trabajo hoy,triste
no se si contarte pero me saco del grupo sin razon y quisiera que alguien me ayudara,triste
es que me dieron el viernes libre,feliz
la verdad me gane una chamba buenisima pero bueno,feliz
me asusta mucho la incertidumbre y no se que hacer,miedo
hoy hicieron lo que quisieron sin preguntarme nada y no puedo evitarlo,enojo
te digo que siento una inquietud constante ahora,miedo
ultimamente termine todo lo que tenia pendiente y no es facil admitirlo,feliz
te cuento que estrene mi apartamento de verdad,feliz
estoy muy nervioso con esta situacion y no se que hacer,miedo
sinceramente me siento completo pero no digo nada,feliz
lo que pasa es que me mandaron un audio muy lindo y eso me tiene mal,feliz
oye me salio la receta que estaba intentando la verdad,feliz
desde hace dias alguien noto que estaba bien y me lo dijo y me tiene agotado,feliz
me graduo el sabado en el paraninfo y no es facil,feliz
la verdad me preocupa demasiado esto y me afecta mucho,miedo
mira que llevo dias sin ganas de nada y no sé qué hacer,triste
me pone muy feliz lo que dijiste sin duda,feliz
mira me robaron el celular y estoy muy mal,triste
sinceramente me tienen muy hastiado con lo mismo de verdad,enojo
desde hace dias no se si estoy listo para esto de verdad,miedo
te cuento que que quiere usted y estoy mal,enojo
sinceramente me dijeron que si y despues que no pero necesitaba decirlo,enojo
te cuento que no tuve ganas de comer y necesito que alguien me entienda,triste
la verdad me dieron la visa la verdad,feliz
no te miento me respondieron con mala actitud sin razon sinceramente,enojo
te juro que me excluyeron de la decision sin explicacion y no es facil admitirlo,enojo
hoy eso me pone muy furioso parce la verdad,enojo
men me mencionaron en algo que me puso en ridiculo y no se que hacer,enojo
ultimamente encontre lo que buscaba sinceramente,feliz
sinceramente estoy agotado de tener que explicar como me siento,triste
hoy me di cuenta que no me invitaron a la reunion y me cuesta mucho,triste
oye no logre lo que esperaba y no puedo evitarlo,triste
te cuento que perdi algo muy importante pero no digo nada,triste
de verdad estoy muy apenado con lo que paso,triste
me da pena decirlo pero mi grupo hizo el trabajo sin contar conmigo y me pesa cargarlo solo,triste
no entendi el tono del mensaje y me confundi sinceramente,triste
mira termino mi carrera otra vez,feliz
ahora mismo me fallaron cuando mas los necesitaba y me tiene mal,triste
no puedo evitar que me da mucho miedo la situacion actual de verdad,miedo
la verdad el medico me dijo que necesita hablar conmigo y ya,miedo
me bloquearon sin darme ninguna explicacion y me afecta,enojo
honestamente me cansas con tanta excusa,enojo
hoy fui honesto y salio bien y me afecta mucho,feliz
te juro que me preocupa haber dicho algo sin darme cuenta y me pesa cargarlo solo,miedo
fijate que estoy realmente indignado otra vez,enojo
la verdad mi mejor amigo se fue a vivir lejos pero necesitaba decirlo,triste
es que me reportaron sin motivo y me bloquearon la cuenta pero bueno,enojo
hoy siento que nadie me toma en serio y no es facil admitirlo,enojo
sinceramente me siento nervioso todo el tiempo,miedo
desde hace dias me pusieron el visto y luego respondieron bien y no se que hacer,feliz
sinceramente me embargaron la cuenta y no entiendo por que de verdad,miedo
me contactaron por mi trabajo y quede feliz y no se que hacer,feliz
en serio me alegra mucho tu compania,feliz
parce me da muy duro enfrentar esa conversacion y no se que hacer,miedo
te cuento que hoy me senti muy a gusto con todo,feliz
hoy las cosas ya no son como antes la verdad,triste
la verdad es que me enferma tu comportamiento sin excusas,enojo
te cuento que me pusieron a hacer el trabajo de todos de verdad,enojo
la verdad sali del pais por primera vez sinceramente,feliz
te juro que no entiendo nada y me da verguenza preguntar y me tiene agotado,triste
ultimamente tengo mucho miedo y no se que hacer,miedo
no alcance el cupo en la universidad publica parce,triste
realmente estoy emocionado ultimamente,feliz
hoy nacio mi hijo,feliz
la verdad tengo panico de fallar frente a todos la verdad,miedo
me da pena decirlo pero todos parecen entender menos yo y no es facil admitirlo,triste
desde hace dias me da miedo ir al medico de verdad,miedo
hoy no me dejaron terminar de hablar y nadie lo sabe,enojo
ultimamente quiero estar solo en este momento,triste
no entiendo como la gente puede ser asi men,enojo
la verdad aprobe todas las materias este semestre la verdad,feliz
la verdad me echaron la culpa de algo que no hice y eso me pesa,enojo
de verdad estoy muy contento con los avances en serio,feliz
es que ya no hablo con mi parcero de toda la vida parce,triste
oye siento una rabia horrible ahora mismo y me parece muy mal,enojo
la verdad estoy agradecido por todo ultimamente,feliz
me siento muy bien por todo,feliz
ahora mismo me siento motivado ultimamente,feliz
tengo miedo de lo que piensen de mi otra vez,miedo
desde ayer no soporto esta situacion desde hace dias,enojo
la verdad me tiene muy intranquilo todo esto y eso me duele,miedo
me cuesta aceptar que eso ya termino pero necesitaba decirlo,triste
ultimamente el profesor me humillo frente a todos y quisiera que alguien me ayudara,triste
lo que es cierto es que que buena noticia me alegra el dia y es lo mejor que me paso,feliz
desde hace dias perdi una oportunidad importante y ya,triste
salimos a rumbear y la pase muy bien,feliz
que impotencia siento con todo esto y eso no esta bien,enojo
hoy la vida esta siendo buena conmigo otra vez,feliz
en este momento no tengo ganas de nada por todo lo que paso,triste
sinceramente me siento nervioso y no puedo dormir,miedo
hoy estoy agotado de tener que explicar como me siento,triste
en serio eres increiblemente irresponsable en serio,enojo
de verdad me cansas con tanta excusa en serio,enojo
en serio me salio redondo todo hoy,feliz
en serio me tienes harto de verdad y eso no esta bien,enojo
tengo panico de fallar frente a todos y eso me pesa,miedo
me tocó pagar una multa que no era justa y ya,enojo
te cuento que no voy a tolerar esto mas,enojo
sinceramente no puedo mas con tanto y no puedo evitarlo,triste
siento que finjo estar bien tan seguido que ya ni se y nadie lo entiende,triste
te cuento que me independice por fin pero necesitaba decirlo,feliz
te digo que tengo ansiedad de pensar en todo lo que falta de verdad,miedo
oye me encontre con un amigo que no veia hace tiempo y no puedo evitarlo,feliz
hoy extraño como eran las cosas antes y necesito que alguien me entienda,triste
en serio todo me irrita y eso empeora todo,enojo
en serio me tiene muy cansado esta gente de verdad,enojo
te digo que que dia tan exitoso fue hoy,feliz
me da pena decirlo pero nadie reconocio lo que aporte y me cuesta mucho,enojo
me agota tu comportamiento y no lo voy a tolerar,enojo
te juro que eres un desconsiderado y no lo entiendo,enojo
no te miento me siento realizado todo el tiempo,feliz
sinceramente me entristece mucho lo que paso y no lo puedo superar,triste
en este momento hoy fue maravilloso ultimamente,feliz
en serio siento que ya no tengo fuerzas para nada,triste
mi grupo hizo el trabajo sin contar conmigo,triste
sinceramente nada tiene sentido desde hace dias,triste
no se si contarte pero tengo miedo de haber arruinado algo sin saberlo y no es facil admitirlo,miedo
es que saque mi licencia de conducir y ya,feliz
no estudie suficiente para esto,miedo
sinceramente tuve que dejar mis estudios y no se que hacer,triste
eres un desconsiderado y eso no esta bien,enojo
no se si contarte pero me dijeron que cambie como si estuviera mal ser yo y me pesa cargarlo solo,triste
mira lo que paso me da terror decepcionar a alguien que confio en mi y me cuesta mucho,miedo
te digo que estoy muy asustado de perder lo que amo y no se que hacer,miedo
te cuento que tengo miedo de que me rechacen si digo lo que pienso pero bueno,miedo
fijate que me reconocieron el esfuerzo en el trabajo de verdad,feliz
fijate que no tenemos para el arriendo este mes,triste
te juro que eres una persona muy egoista y ya me canse,enojo
en serio estoy muy contento con mi progreso sin duda,feliz
la verdad es que siento una pena muy grande ahora y quisiera que no fuera así,triste
sinceramente siento que el tiempo paso y yo no hice nada y ya,triste
desde hace dias mi grupo de trabajo funciono muy bien y no lo digo seguido,feliz
todo esta mejorando esta semana,feliz
no se me canse de esperar que las cosas cambien solas y ya,triste
sinceramente me siento muy lejos de todos,triste
la verdad es que me pone de muy buen humor esto de verdad,feliz
para serte honesto cambio su estado y supe que era por mi y no lo digo seguido,triste
bro siento que si me equivoco no hay vuelta atras y ya,miedo
ahora mismo todo me irrita otra vez,enojo
no puedo evitar que tengo miedo de que lo peor esta por venir y me tiene muy nervioso,miedo
la verdad es que que dia tan exitoso fue hoy,feliz
te digo que me angustia saber que todo queda guardado en internet la verdad,miedo
la verdad algo me dice que las cosas van a cambiar mal y nadie lo sabe,miedo
hoy me sacaron la paciencia todo el tiempo,enojo
me canse de pedir ayuda y no recibirla y no es facil,triste
para serte honesto usaron lo que les conte en mi contra y no se como manejarlo,enojo
sinceramente me dieron la beca de la universidad publica,feliz
no te miento me eliminó de sus contactos sin decir nada y no se como manejarlo,triste
sinceramente me siento excelente en este momento,feliz
las cosas estan saliendo como quiero,feliz
te cuento que me cayo del cielo esa noticia y me tiene mal,feliz
hoy me salio redondo todo hoy y me tiene mal,feliz
oye todo me pesa demasiado,triste
es que me tienen muy mamado con esa vuelta la verdad,enojo
ahora mismo no se si voy a poder con esto y necesito que alguien me entienda,miedo
no se me encontre plata en un bolsillo que no sabia men,feliz
no te miento siento que algo no esta bien aunque todo parece normal y nadie lo sabe,miedo
en serio me echaron la culpa de algo que hizo otro parce,enojo
hoy todo me fastidia otra vez,enojo
me da pena decirlo pero se burlaron de algo que me costo decir y no se como manejarlo,enojo
hoy me tratan diferente y no entienden por que me molesta y me cuesta mucho,enojo
es que me asusta mucho la situacion actual y no se que hacer,miedo
desde hace dias nadie me escucha y me tiene mal,triste
en este momento todo esta empeorando en este momento,triste
me pone muy nervioso tener que dar explicaciones,miedo
salimos a rumbear y la pase muy bien pero bueno,feliz
me da pena decirlo pero tuve que fingir que estaba bien toda la noche y me afecta mucho,triste
definitivamente me sacaron la paciencia esta semana,enojo
siento que las cosas nunca mejoran y no se como seguir,triste
quedamos de una con el plan y no puedo evitarlo,feliz
en serio manana tengo una prueba importante y estoy nervioso y ya,miedo
fijate que me toco irme del barrio que queria la verdad,triste
no te miento me tiene muy apagado esta situacion hermano,triste
en serio me da muy duro enfrentar esa conversacion y no se que hacer,miedo
te cuento que extraño mucho a las personas que ya no estan,triste
ahora mismo tengo un presentimiento muy malo y no se que hacer,miedo
ahora mismo tengo miedo de fallar esta semana,miedo
en serio estoy muy bajoneado sin poder levantarme,triste
desde ayer no aguanto mas desde hace dias,enojo
la verdad me siento vacio por todo lo que paso,triste
te digo que estoy muy triste con la situacion actual de verdad,triste
sinceramente hoy no tuve que madrugar y lo disfrute,feliz
te digo que tengo miedo de que me cancelen por algo que dije,miedo
lo que pasa es que siento que las cosas mejoran y no puedo evitarlo,feliz
oye me enoja mucho lo que dijiste,enojo
quedamos de una con el plan y nadie lo sabe,feliz
en serio estoy que no me la creo y eso me duele,feliz
la verdad no me puedo quitar esa preocupacion de encima,miedo
tengo un mal presentimiento con eso y me tiene mal,miedo
mira me tiene muy angustiado esa situacion y me tiene mal,miedo
no te miento tengo miedo de decir algo y que lo tomen mal la verdad,miedo
la verdad es que estoy muy angustiado con todo esto y me tiene muy nervioso,miedo
me dejaron esperando sin explicacion y me afecta,enojo
me dejo mi novio y estoy muy mal hermano,triste
ahora mismo hoy fue un dia muy gris todo el tiempo,triste
me salio el negocio que queria de verdad,feliz
desde hace dias me echaron la culpa de lo que salio mal y eso me tiene mal,enojo
hoy no entiendo como la gente puede ser asi y me cuesta aceptarlo,enojo
me dieron el día libre mañana,feliz
tengo miedo de responder mal y arruinar todo men,miedo
es que extraño como era todo antes pero bueno,triste
oye gane el concurso y no puedo evitarlo,feliz
hoy mi familia se fue a vivir lejos y me siento solo y no es facil,triste
ultimamente me saco del grupo sin razon y no puedo evitarlo,triste
oye todo me pesa demasiado y me afecta mucho,triste
me da pavor pensar en eso y no se que hacer,miedo
oye me angustia no saber como interpretar eso sinceramente,miedo
sinceramente tengo una angustia enorme en este momento y eso me preocupa mucho,miedo
no te miento me prometieron que no volveria a pasar y no se que hacer,enojo
me tiene muy irritado todo esto y no se que hacer,enojo
te digo que siento el corazon muy apesadumbrado y me duele mucho,triste
honestamente odio esta situacion ultimamente,enojo
hermano me gane una chamba buenisima,feliz
mira lo que paso me dejo en visto y no respondio y me cuesta mucho,triste
estoy muy bacano con la noticia,feliz
fijate que me cobraron mas de lo que decia el precio,enojo
te cuento que me tiene completamente harto y no se que hacer,enojo
en este momento todo salio mal y me duele mucho,triste
sinceramente hablaron de algo que yo no sabia y me senti excluido y quisiera que alguien me ayudara,triste
sinceramente me preocupa demasiado esto y me afecta mucho,miedo
de verdad estoy muy apagado y sin motivacion y no lo puedo superar,triste
siento que todos avanzan menos yo y no se que hacer,triste
sabes que que dia tan especial fue hoy para todos sin duda,feliz
en serio mi familia esta bien y no se que hacer,feliz
sinceramente tengo miedo de haber arruinado algo sin saberlo y me afecta mucho,miedo
realmente recibi buenas noticias otra vez,feliz
oye me siento orgulloso de donde estoy y no se que hacer,feliz
me siento muy lejos de todos sinceramente,triste
es que estoy muy angustiado con todo esto y me tiene muy nervioso,miedo
no soporto esta situacion ultimamente,enojo
hoy no aguanto mas desde hace dias,enojo
fijate que me mandaron audio de voz gritando sinceramente,enojo
oye me tiene muy apagado esta situacion y no es facil,triste
no estudie suficiente para esto de verdad,miedo
lo que es cierto es que estoy muy satisfecho con todo,feliz
las cosas estan saliendo como quiero y nadie lo sabe,feliz
me robaron la moto todavía,enojo
oye fallecio alguien cercano,triste
sinceramente todo me fastidia ultimamente,enojo
mira que llevo dias sin ganas de nada y no lo puedo creer,triste
mira lo que paso me angustia no saber como interpretar eso y no se que hacer,miedo
no te miento abusaron de mi confianza sinceramente,enojo
hoy me pone muy ansioso pensar en eso pero bueno,miedo
te cuento que me cobraron de mas y no me quieren devolver y me tiene mal,enojo
no te miento me hablaron muy mal otra vez,enojo
desde ayer me tienen harto con esto y no se que hacer,enojo
siento un dolor emocional muy grande y quisiera que no fuera así,triste
la verdad siento que se me acaba el tiempo de verdad,miedo
hermano me tiene muy irritado todo esto la verdad,enojo
desde hace dias me aceptaron en la universidad y ya,feliz
me llamaron para el trabajo en medellin la verdad,feliz
mira nadie me escucha y me tiene mal,triste
no puedo creer que no aguanto mas esta situacion,enojo
desde hace dias minimizaron lo que sentia y trato de disimularlo,enojo
siento un temor muy grande ahora mismo y no puedo calmarlo,miedo
mira lo que paso me hicieron una videollamada sorpresa pero ya no puedo mas,feliz
no te miento abusaron de mi confianza de verdad,enojo
no te miento me citaron para hablar y no se de que sinceramente,miedo
desde hace dias me costo mucho levantarme hoy y eso me pesa,triste
sabes que estoy muy agradecido con todos y no lo puedo creer,feliz
me da pena decirlo pero me senti aceptado como soy de verdad,feliz
estoy realmente frustrado en este momento,enojo
es que estoy muy asustado de perder lo que amo de verdad,miedo
hoy estoy cansado mentalmente todo el tiempo,triste
es que me dicen que deberia estar agradecido por poco y ya,enojo
en serio tengo miedo de que me vaya mal en las parciales,miedo
hoy me despidieron hoy todavía,triste
sinceramente ya no aguanto mas esa situacion bro,enojo
realmente estoy demasiado preocupado otra vez,miedo
en este momento todo esta funcionando bien y me afecta mucho,feliz
te cuento que vi algo que me dejo muy intranquilo pero bueno,miedo
tengo miedo de llegar a cierta edad sin haber logrado nada,miedo
en este momento ya no tengo ganas y me duele mucho,triste
te cuento que extraño mucho a las personas que ya no estan pero bueno,triste
mira ya no hablo con alguien que queria mucho,triste
oye encontre lo que buscaba y me afecta mucho,feliz
me da pena decirlo pero pude mantener una conversacion sin angustiarme y quisiera que alguien me ayudara,feliz
mira no se si voy a poder con esto y no lo puedo ocultar,miedo
en serio mi familia estuvo muy unida hoy parce,feliz
estoy que no me la creo y me tiene mal,feliz
mira lo que paso me da panico equivocarme y que no me perdonen y no es facil admitirlo,miedo
mira lo que paso publico algo que me dejo muy mal y me tiene agotado,triste
fijate que me llamaron de la empresa y no dijeron para que,miedo
no puedo evitar que siento una ansiedad tremenda ahora y eso me preocupa mucho,miedo
para serte honesto no puedo mas con tanto la verdad,triste
ultimamente estoy re contento con todo y nadie lo entiende,feliz
es que me da terror decepcionar a alguien que confio en mi y me tiene agotado,miedo
realmente me preocupa el futuro y eso me preocupa,miedo
ultimamente nada tiene sentido en este momento,triste
sinceramente me aterra quedarme sin opciones de verdad,miedo
no te miento me paralizo cuando tengo que decidir sinceramente,miedo
ultimamente todo me afecta demasiado en este momento,triste
es que me molesta mucho que hagas eso y me parece muy mal,enojo
desde hace dias no entiendo nada y me da verguenza preguntar y me tiene agotado,triste
la verdad es que nadie noto que algo me pasaba de verdad,triste
es que me regalaron algo que queria hace mucho de verdad,feliz
hoy no me toman en serio por mi edad y no se que hacer,enojo
es que me tocó pagar una multa que no era justa de verdad,enojo
ultimamente me siento completo y necesito que alguien me entienda,feliz
no te miento me usaron y despues me ignoraron todo el tiempo,enojo
lo que pasa es que me escribio la persona que me gusta otra vez,feliz
ahora mismo estoy realmente indignado de verdad,enojo
de verdad eres completamente irresponsable en serio,enojo
me da pena decirlo pero me saco del grupo sin razon y eso me tiene mal,triste
ultimamente me bloqueo sin darme una explicacion y me cuesta mucho,triste
es que alguien noto que estaba bien y me lo dijo y no puedo evitarlo,feliz
lo que pasa es que hable con alguien nuevo y no fue tan malo pero ya no puedo mas,feliz
esto es una basura,enojo
me asaltaron y ya,enojo
parce no tenemos para el arriendo este mes y me tiene mal,triste
en serio que manera tan irresponsable de actuar de verdad,enojo
no puedo creer que me parece una falta de respeto y eso no esta bien,enojo
en serio me duele mucho lo que dijiste,triste
fijate que tengo miedo de que me rechacen si digo lo que pienso y me cuesta mucho,miedo
fijate que me da ansiedad conocer gente nueva y ya,miedo
me da muy duro enfrentar esa conversacion la verdad,miedo
sabes que que bonito dia fue este para todos,feliz
en serio me tiene muy triste esta vuelta,triste
la verdad fallecio alguien cercano,triste
te cuento que me pone muy ansioso pensar en eso,miedo
me cobraron mas de lo que decia el precio y eso me duele,enojo
oye tengo miedo de llegar a cierta edad sin haber logrado nada,miedo
la verdad todo cambio de golpe y ya,triste
fijate que hicieron algo injusto y nadie dijo nada y no se que hacer,enojo
ahora mismo me duele mucho esto,triste
fijate que hice algo que me daba miedo y salio bien y no es facil admitirlo,feliz
sinceramente tengo miedo de fallar ultimamente,miedo
no te miento me hicieron perder un dia entero y me tiene mal,enojo
ahora mismo perdi la materia que mas me esforcé y no puedo evitarlo,triste
ultimamente me pusieron el visto y luego respondieron bien pero ya no puedo mas,feliz
estoy muy decaido y no quiero hablar y no se como seguir,triste
la verdad me toco dejar los estudios por plata y ya,triste
te digo que me quitaron el like y eso me bajo el animo,triste
no te miento estoy esperando una respuesta y me tiene nervioso y es agotador,miedo
hoy me hicieron sentir mal por preguntar,enojo
en serio me siento muy agradecido con la vida hoy y ya,feliz
te cuento que no tengo ganas de nada ultimamente,triste
me perdi un momento importante la verdad,triste
en serio me fue bien en la sustentacion y trato de disimularlo,feliz
ahora mismo me dijeron que cambie como si estuviera mal ser yo y quisiera que alguien me ayudara,triste
te cuento que hoy fue un parche buenisimo parce,feliz
oye me eliminó de sus contactos sin decir nada y me cuesta mucho,triste
mira estoy emocionalmente agotado y me afecta mucho,triste
te cuento que las cosas estan saliendo como quiero sinceramente,feliz
ultimamente no duermo de la preocupacion y eso me pesa,miedo
no se si contarte pero mi grupo hizo el trabajo sin contar conmigo y no puedo evitarlo,triste
siento una preocupacion enorme ahora y me tiene muy nervioso,miedo
estoy muy decaido y sin fuerzas de verdad,triste
la verdad es que termine todo lo que tenia pendiente de verdad,feliz
en este momento me siento vacio,triste
la verdad siento que el tiempo paso y yo no hice nada,triste
es que me comparo mucho con los demas y me hace mal,triste
estoy muy asustado con lo que se avecina y me tiene muy nervioso,miedo
hoy me quede callado cuando debi haber hablado y no se que hacer,triste
mira lo que paso alguien noto que estaba bien y me lo dijo y me tiene agotado,feliz
te digo que me entristece mucho la situacion y no se como seguir,triste
fijate que siento que el tiempo paso y yo no hice nada y no puedo evitarlo,triste
no se si contarte pero me hicieron una videollamada sorpresa pero necesitaba decirlo,feliz
me tienen muy hastiado con lo mismo y no puedo evitarlo,enojo
es que que irresponsable eres en serio y no lo entiendo,enojo
el silencio de esa persona me preocupa mucho de verdad,miedo
fijate que nadie hace las cosas bien aqui todo el tiempo,enojo
no puedo evitar que tengo panico de perder lo que tengo,miedo
me enfurece que actuen asi y no lo puedo ocultar,enojo
ultimamente ya no aguanto mas esa situacion y nadie lo entiende,enojo
en serio no se que va a pasar con mi vida y me tiene mal,miedo
definitivamente no soporto esta situacion y no se que hacer,enojo
es que ya no hablo con alguien que queria mucho,triste
la verdad mi familia esta pasando un momento muy dificil y eso me duele,triste
la verdad mi abuelo ya no esta y me afecta,triste
lo que pasa es que no tengo con quien hablar y me afecta mucho,triste
me da miedo no estar preparado y no se que hacer,miedo
te digo que todo el mundo parece tener todo claro menos yo la verdad,triste
hoy me tiene muy irritado todo lo que esta pasando y no puedo evitarlo,enojo
la verdad me angustia pensar que quiza elegi mal mi carrera,miedo
te cuento que me da susto pedir el favor porque me da pena la verdad,miedo
no puedo creer que eres una persona muy egoista y ya me canse,enojo
desde ayer me siento destruido ultimamente,triste
oye eres un egoista de primera en serio,enojo
realmente estoy pasando un gran momento por todo lo que paso,feliz
sinceramente todo el mundo esta en planes y yo solo en casa bro,triste
hoy me prometieron el trabajo y al final le dieron a otro parce,enojo
es que perdi tiempo en algo que no valio y no lo puedo ocultar,enojo
en serio me mandaron un audio muy lindo y no se que hacer,feliz
de verdad me entristece ver como cambiaron las cosas y no lo puedo superar,triste
oye vi que estaba en linea pero no me respondio y no se como manejarlo,triste
desde hace dias tengo los mejores amigos y no puedo evitarlo,feliz
desde ayer me siento derrotado y no se que hacer,triste
no se si contarte pero me respondieron con mala actitud sin razon y me cuesta mucho,enojo
hoy me hablaron muy mal y no puedo evitarlo,enojo
hoy si esto no funciona no se que voy a hacer de verdad,miedo
es que logre ahorrar lo que necesitaba,feliz
ahora mismo pude decir lo que sentia sin miedo y trato de disimularlo,feliz
que alegria me da ver tus logros y estoy muy agradecido,feliz
me respondieron que si al proyecto pero bueno,feliz
sabes que me siento muy orgulloso de lo logrado de verdad,feliz
la verdad estoy que no me la creo,feliz
hoy tengo miedo de fallar y eso me preocupa,miedo
no se me da miedo decepcionarme a mi mismo bro,miedo
sinceramente me siento muy bien conmigo mismo sinceramente,feliz
vieja me tiene muy preocupado lo que esta pasando,miedo
hoy me da mucha rabia en este momento,enojo
desde hace dias prometieron y no cumplieron,enojo
hoy siento que cargo con demasiado para mi edad y no puedo evitarlo,triste
hoy siento demasiado temor en este momento,miedo
me mandaron un mensaje raro y no entiendo que quieren sinceramente,miedo
me siento muy achantado hoy y eso me duele,triste
no se si contarte pero me interrumpieron cada vez que hable pero necesitaba decirlo,enojo
estoy muy preocupado,miedo
hoy perdi mi negocio y no se como seguir,triste
me hablaron como si fuera tonto y no se que hacer,enojo
la verdad estoy harto de todo ultimamente,enojo
en serio hoy amaneci con mucha energia todo el tiempo,feliz
te cuento que eso me pone muy furioso parce y no puedo evitarlo,enojo
men me di cuenta que nadie me busca si yo no busco y me cuesta aceptarlo,triste
ahora mismo estoy harto de esto de verdad,enojo
saque mi licencia de conducir de verdad,feliz
no te miento perdi algo muy importante y es agotador,triste
en serio que buena noticia para empezar el dia y estoy muy agradecido,feliz
la verdad me quede sin trabajo y no se que hacer y ya,triste
siento una inquietud constante ahora y me tiene muy nervioso,miedo
hoy me siento muy bien con mi proceso de verdad,feliz
realmente esto me molesta mucho otra vez,enojo
definitivamente me siento increible en este momento,feliz
oye no se si estan enojados conmigo o es mi imaginacion y trato de disimularlo,miedo
me siento destruido otra vez,triste
me usaron cuando les convenia y despues nada y no puedo evitarlo,enojo
la verdad estoy muy emocionado y no se que hacer,feliz
tuve que dejar mis estudios de verdad,triste
sinceramente me independice por fin,feliz
la verdad estoy agotado de tener que explicar como me siento y no se que hacer,triste
la verdad me descuentan del sueldo cosas que no firmé y no es facil,enojo
ultimamente siento que a nadie le importo sinceramente,triste
es que tengo un mal presentimiento con eso y nadie lo sabe,miedo
en serio estoy que no me la creo pero bueno,feliz
lo que pasa es que me dieron la nota que esperaba de verdad,feliz
definitivamente tengo miedo de fallar,miedo
hoy estoy muy cansado de lucharla solo y ya,triste
ultimamente nadie hace las cosas bien aqui y me afecta mucho,enojo
te cuento que no tengo con quien hablar todo el tiempo,triste
hoy se aprovecharon de que no sabia pero bueno,enojo
la verdad es que me siento muy mal con lo que paso y me duele mucho,triste
de verdad me duele mucho todo lo que ocurrio y no se como seguir,triste
es que no tengo plan b si esto falla y ya,miedo
te digo que siento que cargo con demasiado para mi edad pero bueno,triste
te cuento que siento que cargue solo con todo otra vez,triste
desde hace dias me dijeron que exageraba y no se como manejarlo,enojo
realmente estoy muy preocupado desde hace dias,miedo
fijate que no se si ese mensaje significaba lo que creo pero necesitaba decirlo,miedo
te digo que siento que finjo estar bien tan seguido que ya ni se,triste
sinceramente me citaron a declarar y estoy muy nervioso pero bueno,miedo
no te miento me hablaron como si fuera tonto y no puedo evitarlo,enojo
hoy me aprobo el credito el banco de verdad,feliz
mira me da ansiedad ver cuanta gente vio mi historia pero bueno,miedo
hoy todo salio perfecto,feliz
en serio me tiene muy intranquilo todo esto,miedo
para serte honesto me paraliza la idea de tener que hablar en grupo de verdad,miedo
en serio me tienes harto de verdad y punto,enojo
ayer hoy me pagaron todavía,feliz
es que me perdi un momento importante,triste
no se si contarte pero pude decir lo que sentia sin miedo y eso me tiene mal,feliz
me da una bronca tremenda en serio,enojo
te cuento que me pusieron obstaculos que no tenian sentido de verdad,enojo
ultimamente estoy temblando de nervios por todo lo que paso,miedo
sinceramente me echaron sin explicacion,triste
no se si contarte pero hablaron de algo que yo no sabia y me senti excluido de verdad,triste
hoy siento demasiado temor esta semana,miedo
la verdad estoy con las personas que amo,feliz
hermano eso me pone muy furioso parce,enojo
estoy agradecido por todo,feliz
para serte honesto pude mantener una conversacion sin angustiarme de verdad,feliz
te digo que me siento muy bien emocionalmente en serio,feliz
hoy me encanta este momento por todo lo que paso,feliz
que buen dia tuve hoy en serio en serio,feliz
hermano extraño mucho a las personas que ya no estan y no se que hacer,triste
para serte honesto ya no aguanto esta situacion todo el tiempo,enojo
oye me echaron la culpa de lo que salio mal y eso me tiene mal,enojo
hoy me preocupa demasiado esto todo el tiempo,miedo
fijate que me tiene muy irritado todo esto,enojo
eso estuvo muy mal de tu parte sin excusas,enojo
no te miento no se si actue bien y eso no me deja tranquilo y no lo digo seguido,miedo
realmente tengo miedo de hablar,miedo
hoy me graduo este sabado y no se que hacer,feliz
siento el corazon muy apesadumbrado y no se como seguir,triste
la verdad me dejaron y no se que hacer,triste
definitivamente estoy agradecido por todo esta semana,feliz
no se si contarte pero hoy fui honesto y salio bien de verdad,feliz
hoy me cobraron mas de lo que decia el precio la verdad,enojo
en serio me salio todo bien y no me lo esperaba de verdad,feliz
te digo que tengo miedo de que me cancelen por algo que dije y nadie lo entiende,miedo
hoy compre mi primera casa y ya,feliz
definitivamente me siento lleno de energia desde hace dias,feliz
sinceramente me echaron la culpa de algo que hizo otro y ya,enojo
la verdad es que me preocupa haber dicho algo sin darme cuenta y no lo digo seguido,miedo
te cuento que estoy demasiado angustiado para pensar pero no digo nada,miedo
en serio quede encantado con como salio todo de verdad,feliz
sinceramente me da pena que se den cuenta que no entendi,miedo
no puedo creer que estoy furioso contigo y me parece muy mal,enojo
ultimamente siento demasiado temor desde hace dias,miedo
la verdad quede muy contento con el resultado parce,feliz
sinceramente tengo un presentimiento muy malo y me tiene mal,miedo
hoy me dieron acceso a la oportunidad que queria y ya,feliz
la verdad me dieron informacion falsa,enojo
fijate que me siento muy agradecido con la vida hoy,feliz
hoy estoy cansado mentalmente,triste
es que extraño mucho a las personas que ya no estan la verdad,triste
en serio estoy muy decaido y no quiero hablar y quisiera que no fuera así,triste
mira tengo miedo de tomar la decision equivocada,miedo
me respondio el mensaje que esperaba y me tiene agotado,feliz
definitivamente siento demasiado temor desde hace dias,miedo
en serio hoy hice algo que me daba mucho miedo y salio bien,feliz
te juro que tengo miedo de ver lo que me respondieron y no lo digo seguido,miedo
en serio me salio rico lo que cocine y no se que hacer,feliz
vieja me fue bien en el icfes pero bueno,feliz
ahora mismo me siento horrible hoy por todo lo que paso,triste
en serio me reportaron sin motivo y me bloquearon la cuenta,enojo
la verdad es que me siento muy contento con la vida y no lo puedo creer,feliz
desde hace dias estoy demasiado angustiado para pensar todo el tiempo,miedo
para serte honesto publico algo que me dejo muy mal,triste
siento que voy por buen camino,feliz
me da pena decirlo pero me mandaron buenas noticias por whatsapp pero necesitaba decirlo,feliz
ahora mismo tengo miedo de ver lo que me respondieron y no puedo evitarlo,miedo
el transporte salio tardisimo y llegue tarde por eso,enojo
hoy entregue el proyecto a tiempo y me afecta mucho,feliz
es que publico algo que me dejo muy mal y trato de disimularlo,triste
fijate que tengo miedo de tomar la decision equivocada y no lo puedo ocultar,miedo
la verdad me tiene muy irritado todo esto la verdad,enojo
fijate que ya nada es igual,triste
no se me da panico enviar ese mensaje y quedar mal,miedo
hoy tengo un mal presentimiento desde ayer pero necesitaba decirlo,miedo
hoy estoy esperando una respuesta y me tiene nervioso y necesito que alguien me entienda,miedo
lo que pasa es que siento que perdi algo muy importante,triste
que dia tan bueno fue este y estoy muy agradecido,feliz
oye me da miedo pedir ayuda y me tiene mal,miedo
me dijeron que si y despues que no de verdad,enojo
no se borre todas mis fotos porque no me gustaba nada y no se que hacer,triste
para serte honesto llegue a tiempo a todo de verdad,feliz
te digo que estoy muy angustiado con todo esto,miedo
oye me salio rico lo que cocine y no se que hacer,feliz
hoy siento demasiado temor y eso me preocupa,miedo
ultimamente me llego un paquete que habia pedido y no es facil,feliz
en serio que buena noticia para terminar el dia y es lo mejor que me paso,feliz
oye me puse a pensar en lo peor y no puedo parar,miedo
te cuento que me rindo de intentarlo y me afecta mucho,triste
es que me preocupa no poder pagar el arriendo el otro mes y me tiene mal,miedo
la verdad me siento destruido en este momento,triste
no te miento las cosas ya no son como antes sinceramente,triste
me dijeron que sí,feliz
parce me puse muy feliz con eso y eso me duele,feliz
mira hoy no tuve que madrugar y lo disfrute men,feliz
hoy siento que el tiempo se me acaba y no he hecho nada la verdad,miedo
oye termino mi carrera la verdad,feliz
la verdad siento que a nadie le importo de verdad,triste
mira me gane una chamba buenisima,feliz
de verdad me duele mucho esta situacion y quisiera que no fuera así,triste
sinceramente siento el corazon muy apesadumbrado,triste
no te miento me cobraron mas de lo que decia el precio,enojo
sinceramente me siento increible por todo lo que paso,feliz
ahora mismo mi pareja me sorprendio pero no digo nada,feliz
ultimamente todo esta mejorando por todo lo que paso,feliz
no te miento me respondio el mensaje que esperaba y no es facil admitirlo,feliz
ultimamente me respondio el mensaje que esperaba y no lo digo seguido,feliz
me da pena decirlo pero me da panico equivocarme y que no me perdonen y no es facil admitirlo,miedo
oye hicieron algo injusto y nadie dijo nada pero no digo nada,enojo
desde ayer me siento derrotado y me afecta mucho,triste
me cambiaron el trabajo sin consultarme pero ya no puedo mas,enojo
en serio hoy descanse bien por primera vez en mucho tiempo y ya,feliz
la verdad es que me siento muy agradecido con la vida y es lo mejor que me paso,feliz
me duele mucho lo que dijiste,triste
ultimamente esto es injusto desde hace dias,enojo
mira lo que paso quise decir algo pero no encontre las palabras y me pesa cargarlo solo,triste
la verdad hoy fue un dia increible de verdad la verdad,feliz
me da pena decirlo pero dije algo que no quise decir y no se como explicarlo pero necesitaba decirlo,triste
hermano me dejo mi novio y estoy muy mal,triste
hoy me pone muy ansioso pensar en eso y eso me duele,miedo
la verdad no puedo creer lo que hicieron sinceramente,enojo
en serio tengo miedo de equivocarme y arrepentirme despues,miedo
mira la incertidumbre me tiene paralizado,miedo
me siento muy orgulloso de lo logrado,feliz
te digo que estoy muy bajoneado con la noticia y no lo puedo superar,triste
lo que pasa es que que fastidio eres en serio en serio,enojo
en serio hoy todo fluyo bien la verdad,feliz
mira termino mi carrera y no puedo evitarlo,feliz
es que estoy agotado de tener que explicar como me siento y nadie lo entiende,triste
siento panico de lo que puede ocurrir y no puedo calmarlo,miedo
oye me di cuenta que no me invitaron a la reunion sinceramente,triste
la verdad me toco vender el carro que tanto queria,triste
en serio me trataron como si no existiera la verdad,enojo
lo que pasa es que me canse de pedir lo mismo sin resultado y no se como manejarlo,enojo
mira me tiene muy cansado esta gente de verdad,enojo
me mandaron un audio muy lindo pero ya no puedo mas,feliz
en serio siento que estoy muy solo en todo esto y no se como seguir,triste
te juro que me reportaron sin motivo y me bloquearon la cuenta la verdad,enojo
en serio me canse de pedir ayuda y no recibirla la verdad,triste
desde hace dias me respondio el mensaje que esperaba y no puedo evitarlo,feliz
la verdad es que me mandaron audio de voz gritando y eso me tiene mal,enojo
la verdad todo salio perfecto y no se que hacer,feliz
en serio el resultado me tiene muy angustiado,miedo
me estan ocultando algo y eso me pone nervioso y no se que hacer,miedo
mira mi abuela ya no esta y me tiene mal,triste
en serio mi grupo hizo el trabajo sin contar conmigo y eso me tiene mal,triste
las cosas estan saliendo como quiero pero bueno,feliz
hoy me asusta que piensen que soy raro pero ya no puedo mas,miedo
oye dije algo que no quise decir y no se como explicarlo y no lo digo seguido,triste
para serte honesto me dieron la beca y me tiene mal,feliz
parce mi mejor amigo se fue para otro pais y eso me duele,triste
no te miento todo me pesa demasiado y no lo puedo ocultar,triste
para serte honesto nadie hace las cosas bien aqui sinceramente,enojo
en serio que buena noticia para terminar el dia y estoy muy contento,feliz
lo que pasa es que consegui el trabajo,feliz
lo que pasa es que dijeron cosas que no son verdad sobre mi y me afecta mucho,enojo
sinceramente estoy apostando todo a esto de verdad,miedo
hoy fue un dia increible de verdad y no es facil,feliz
en serio tengo miedo de que me alejen si se dan cuenta como soy y me afecta mucho,miedo
hoy tengo miedo de fallar desde hace dias,miedo
eres increiblemente irresponsable de verdad,enojo
no te miento consegui apartamento en arriendo bien precio de verdad,feliz
sinceramente me ignoraron cuando tenia toda la razon y eso me duele,enojo
ahora mismo no tengo ganas de nada en este momento,triste
te digo que estoy muy bajo de animo y sin ganas de verdad,triste
la verdad es que ya les dije mil veces y no cambia nada pero ya no puedo mas,enojo
te digo que me aterra pensar en lo que puede ocurrir y no se que hacer,miedo
ultimamente siento que a nadie le importo y necesito que alguien me entienda,triste
no se si contarte pero termine la semana sin ningun problema y eso me tiene mal,feliz
es que siento un miedo terrible ahora mismo y eso me preocupa mucho,miedo
men me dieron acceso a la oportunidad que queria y me cuesta aceptarlo,feliz
bro me eliminaron del grupo sin decir nada y ya,enojo
siento que todo se fue y no volvera,triste
no se tengo miedo de equivocarme y arrepentirme despues la verdad,miedo
ultimamente no se que va a pasar y no puedo dormir,miedo
me tiene muy bajoneado lo que paso,triste
ahora mismo ya no aguanto esta situacion y eso me pesa,enojo
de verdad siento que nada tiene sentido ahora y no lo puedo superar,triste
en serio estoy muy molesto con lo que hicieron pero bueno,enojo
desde hace dias me trataron muy mal sin razon y eso me pesa,enojo
hoy me preocupa demasiado esto y no se que hacer,miedo
ultimamente me siento destruido otra vez,triste
realmente me siento feliz hoy,feliz
no te miento el resultado me tiene muy angustiado sinceramente,miedo
sinceramente me siento nervioso ultimamente,miedo
desde hace dias cambiaron las reglas sin avisarme y me cuesta mucho,enojo
en serio me tiene muy bajoneado lo que paso la verdad,triste
en serio no me reconozco ultimamente y no se que hacer,triste
me mintieron en mi cara y me tiene mal,enojo
en serio estoy rodeado de gente y me siento solo,triste
la verdad es que estoy muy triste con lo que paso y me duele mucho,triste
ahora mismo estoy rodeado de gente y me siento solo y no lo puedo ocultar,triste
te juro que alguien me entendio sin que yo explicara mucho y me afecta mucho,feliz
ultimamente hoy fue exactamente lo que necesitaba la verdad,feliz
ahora mismo la incertidumbre me tiene paralizado y necesito que alguien me entienda,miedo
me da ansiedad conocer gente nueva la verdad,miedo
es que me siento solo aunque este rodeado de gente,triste
bro por fin publique lo que venia trabajando men,feliz
es que me independice por fin,feliz
te cuento que me enfurece que actuen asi y necesito que alguien me entienda,enojo
fijate que tengo miedo de que las cosas cambien de repente sinceramente,miedo
hoy todo esta saliendo bien y eso me alegra,feliz
para serte honesto me da terror enfrentar esto solo y necesito que alguien me entienda,miedo
hoy me da ansiedad ver cuanta gente vio mi historia y me tiene pensando mucho,miedo
es que siento una rabia que no te imaginas sin excusas,enojo
desde hace dias encontre lo que buscaba,feliz
la verdad nadie me dio una respuesta clara de verdad,enojo
lo que es cierto es que estoy muy feliz con mi vida y estoy muy agradecido,feliz
no te miento compre mi primera casa sinceramente,feliz
termine mi tesis y me tiene mal,feliz
sinceramente me respondieron que si al proyecto pero bueno,feliz
la verdad me tiene muy preocupado lo que esta pasando,miedo
la verdad es que no entiendo nada y me da verguenza preguntar y no se como manejarlo,triste
hoy descanse bien por primera vez en mucho tiempo y ya,feliz
ahora mismo no me dejaron hablar pero no digo nada,enojo
sinceramente estoy pasando un gran momento esta semana,feliz
hermano estoy muy cansado de lucharla solo y no puedo evitarlo,triste
hoy hoy me senti muy a gusto con todo y no se que hacer,feliz
sabes que me pone de buen humor todo hoy,feliz
hoy amaneci con mucha energia y me tiene mal,feliz
para serte honesto me sorprendieron hoy otra vez,feliz
la verdad tengo miedo de lo que piensen de mi pero no digo nada,miedo
me toco irme del barrio que queria y ya,triste
mira me saca de quicio todo esto y necesito que alguien me entienda,enojo
me cayo del cielo esa noticia,feliz
ultimamente hoy todo fluyo bien y ya,feliz
no se me salio todo bien y no me lo esperaba y ya,feliz
no te miento tengo miedo de haber arruinado algo sin saberlo y me pesa cargarlo solo,miedo
realmente estoy muy preocupado otra vez,miedo
no puedo creer que eso no estuvo bien para nada,enojo
vieja que descaro tan grande el de esa gente pero bueno,enojo
no te miento consegui apartamento en arriendo bien precio parce,feliz
te cuento que me fue bien en el icfes y no es facil,feliz
te cuento que se aprovecharon de que no sabia,enojo
hoy fue uno de esos días en que todo encaja sin esfuerzo,feliz
vieja me tienen muy mamado con esa vuelta la verdad,enojo
oye me tiene muy irritado todo esto la verdad,enojo
es que me tiene muy cansado esta gente y no se que hacer,enojo
hoy mi familia esta pasando un momento muy dificil,triste
es que me fui de viaje pero bueno,feliz
lo que pasa es que siento tristeza y desesperanza ahora y quisiera que no fuera así,triste
te digo que hoy no tuve que madrugar y lo disfrute y me cuesta aceptarlo,feliz
hoy me tienen harto con esto en este momento,enojo
para serte honesto me subieron el sueldo y no puedo evitarlo,feliz
no se me siento solo aunque este rodeado de gente la verdad,triste
lo que pasa es que hicieron como si yo no existiera en la reunion y me pesa cargarlo solo,enojo
sinceramente me trataron muy mal sin razon y necesito que alguien me entienda,enojo
mira me da miedo pedir ayuda y no puedo evitarlo,miedo
vieja estoy muy ido hoy no se que me pasa,triste
oye se fue mi perro hoy de verdad,triste
es que siento que finjo estar bien tan seguido que ya ni se,triste
hicieron lo que quisieron sin preguntarme nada y eso me duele,enojo
mira lo que paso hable con alguien nuevo y no fue tan malo sinceramente,feliz
mira mi equipo gano hoy y estoy feliz,feliz
nos separamos despues de mucho tiempo,triste
en este momento estoy demasiado molesto por todo lo que paso,enojo
ultimamente me encanta este momento,feliz
sinceramente me asusta mucho no saber que hacer y me tiene muy nervioso,miedo
en serio todo lo que construi se cayo y no puedo evitarlo,triste
es que me salio el negocio que queria,feliz
te cuento que me tiene con los nervios destrozados,miedo
siento que la estoy embarrando en todo de verdad,triste
sinceramente me respondieron con mala actitud sin razon pero necesitaba decirlo,enojo
hoy me corrigieron el tono sin escuchar lo que dije y no se como manejarlo,enojo
mi mejor amigo se fue para otro pais,triste
oye me dijeron que me quieren pero no digo nada,feliz
oye me pidieron que fuera a recursos humanos,miedo
desde hace dias el resultado me tiene muy angustiado y es agotador,miedo
hoy tengo ansiedad de aparecer en camara y no puedo evitarlo,miedo
te digo que me siento muy feliz ahora mismo sin duda,feliz
te juro que tengo miedo de decir algo fuera de lugar y no puedo evitarlo,miedo
la verdad me ignoraron completamente todo el tiempo,enojo
la verdad es que estoy muy apagado y sin energia y no lo puedo superar,triste
es que eso que hiciste estuvo muy feo y no lo entiendo,enojo
lo que pasa es que me pusieron en evidencia en un grupo y nadie lo entiende,enojo
hermano el transporte salio tardisimo y llegue tarde por eso y eso me duele,enojo
mira consegui apartamento en arriendo bien precio y no se que hacer,feliz
siento que todo el mundo sigue y yo me quede quieto,triste
te digo que me asusta mucho la situacion actual y eso me preocupa mucho,miedo
la verdad cumpli la meta que me habia puesto y me tiene pensando mucho,feliz
ultimamente cumpli la meta que me habia puesto,feliz
fijate que me toco el dia libre y no se que hacer,feliz
hoy siento que no le importo a nadie de verdad,triste
sinceramente todo esta saliendo bien desde hace dias,feliz
la verdad siento que si me equivoco no hay vuelta atras la verdad,miedo
me da pena decirlo pero tengo miedo de que se den cuenta que no entiendo y me afecta mucho,miedo
fijate que logre ahorrar lo que necesitaba,feliz
realmente me duele mucho esto,triste
tengo una angustia enorme en este momento de verdad,miedo
es que me tiene muy intranquilo todo esto,miedo
te juro que pude decir lo que sentia sin miedo sinceramente,feliz
me pusieron obstaculos que no tenian sentido de verdad,enojo
te digo que estoy muy agradecido por todo,feliz
desde ayer todo me fastidia en este momento,enojo
para serte honesto consegui el trabajo y eso me pesa,feliz
te cuento que perdi algo muy importante y necesito que alguien me entienda,triste
fijate que me tiene con los nervios destrozados y ya,miedo
hoy me trataron como si no existiera,enojo
desde ayer todo salio perfecto otra vez,feliz
fijate que me preocupa no poder pagar el arriendo el otro mes y nadie lo sabe,miedo
es que no voy a seguir aguantando esto y no lo voy a tolerar,enojo
la verdad perdi el trabajo,triste
oye hoy fue un parche buenisimo y ya,feliz
no te miento nos separamos despues de mucho tiempo,triste
que actitud tan mala la tuya y no lo voy a tolerar,enojo
me hicieron firmar algo que no entendi y nadie lo sabe,enojo
hoy me respondieron con mala cara sin razon,enojo
la verdad hoy descanse bien por primera vez en mucho tiempo de verdad,feliz
en serio me dejo mi novio y estoy muy mal de verdad,triste
para serte honesto tengo panico de no saber como actuar en esa situacion pero ya no puedo mas,miedo
en serio eres increiblemente irresponsable y ya me canse,enojo
hoy no puedo mas con tanto todo el tiempo,triste
definitivamente todo me afecta demasiado esta semana,triste
tengo miedo de que me vaya mal en las parciales,miedo
me pone de buen humor todo hoy,feliz
ahora mismo no voy a tolerar esto mas y no lo puedo ocultar,enojo
para serte honesto me siento en paz y es agotador,feliz
mira lo que paso me canse de pedir lo mismo sin resultado y me afecta mucho,enojo
fijate que me hicieron fila tres horas y no me atendieron y ya,enojo
sinceramente me tiene muy preocupado lo que esta pasando,miedo
en serio tengo un mal presentimiento con eso la verdad,miedo
desde hace dias me hicieron una videollamada sorpresa y no puedo evitarlo,feliz
fijate que me tienen muy mamado con esa vuelta y ya,enojo
te cuento que siento que estoy de mas y ya,triste
lo que pasa es que me canse de pedir lo mismo sin resultado y trato de disimularlo,enojo
logre terminar algo que habia dejado pendiente y no es facil admitirlo,feliz
mira tengo miedo de que me vaya mal en las parciales y ya,miedo
me parece increible tu actitud y ya me canse,enojo
fijate que me llegó una carta del juzgado y no se que es,miedo
desde ayer todo me afecta demasiado en este momento,triste
ahora mismo no puedo creer lo que hicieron y necesito que alguien me entienda,enojo
lo que pasa es que todos parecen entender menos yo sinceramente,triste
fijate que me siento completo y no lo puedo ocultar,feliz
realmente todo esta mejorando y me afecta mucho,feliz
ahora mismo me siento desconectado de todo de verdad,triste
mira me toco vender el carro que tanto queria hermano,triste
en serio me cayo muy bien esa persona,feliz
te juro que me da ansiedad abrir ese chat y nadie lo entiende,miedo
es que me siento muy vacio aunque tenga cosas que hacer y me afecta,triste
hoy me siento muy triste y me afecta mucho,triste
ahora mismo me dejo de seguir en redes sociales y me afecta mucho,triste
estoy muy apenado por todo lo que perdí,triste
sinceramente no se que va a pasar con mi vida la verdad,miedo
en serio no alcance el cupo en la universidad publica y nadie lo sabe,triste
no puedo evitar que me da mucho miedo lo que puede pasar y eso me preocupa mucho,miedo
en serio que rabia me da todo esto sin excusas,enojo
lo que pasa es que tengo miedo de decepcionar a todos y no se que hacer,miedo
es que siento que algo malo va a pasar la verdad,miedo
ultimamente me usaron y despues me ignoraron y me afecta mucho,enojo
hoy me asusta mucho lo que esta pasando en el barrio y me tiene mal,miedo
te cuento que siento que me estoy quedando sin opciones y me afecta,miedo
ultimamente lei el mensaje diez veces y no se como responder y no es facil admitirlo,miedo
lo que pasa es que estas actuando muy mal en serio,enojo
ultimamente todo me genera ansiedad y me tiene mal,miedo
no te miento me da ansiedad abrir ese chat y me tiene agotado,miedo
me da pena decirlo pero no se si ese mensaje significaba lo que creo,miedo
para serte honesto me tiene angustiado no saber que va a pasar y no puedo evitarlo,miedo
me da pena decirlo pero vi que estaba en linea pero no me respondio y no se como manejarlo,triste
la verdad me trataron como si yo fuera el problema parce,enojo
hoy estoy muy nervioso con esa vuelta la verdad,miedo
sinceramente me da ansiedad publicar algo y que lo juzguen y no es facil,miedo
desde hace dias se llevaron el credito de lo que yo hice y me tiene mal,enojo
de verdad estoy muy triste con lo que me conto,triste
siento mucho miedo en este momento,miedo
fijate que me pidieron algo de ultimo momento y me tiene agotado,enojo
mira me toco el dia libre y eso me pesa,feliz
lo que pasa es que estoy muy triste con la situacion actual y me duele mucho,triste
fijate que encontre algo que habia perdido hace tiempo,feliz
ultimamente ya no tengo fuerzas para nada y no se que hacer,triste
me tiene muy desanimado todo esto hermano,triste
fijate que siento que el miedo no me deja avanzar de verdad,miedo
ultimamente me dejo de seguir en redes sociales y no es facil admitirlo,triste
en serio me dijeron que exageraba y me tiene agotado,enojo
hoy no entiendo nada y me da verguenza preguntar y me pesa cargarlo solo,triste
es que me dejo mi novio y estoy muy mal y ya,triste
de verdad eres un maleducado sin remedio y no lo entiendo,enojo
ahora mismo por fin termine el proyecto otra vez,feliz
que descarado eres en serio de verdad,enojo
oye me angustia no saber como interpretar eso y no se que hacer,miedo
me da mucho miedo estar solo en esto y me tiene muy nervioso,miedo
es que me borraron un comentario que tenia toda la razon la verdad,enojo
te digo que tengo miedo de lo que no puedo ver y me tiene muy nervioso,miedo
desde hace dias me dejaron hacer todo el trabajo solo y no puedo evitarlo,enojo
en serio que buena experiencia vivimos juntos y estoy muy contento,feliz
oye que mal comportamiento tienes y punto,enojo
es que me mandaron buenas noticias por whatsapp y no se como manejarlo,feliz
me di cuenta que no me invitaron a la reunion y eso me tiene mal,triste
me dijeron que era mi culpa cuando no lo era y no puedo evitarlo,enojo
oye me respondieron que si al proyecto,feliz
para serte honesto se llevaron el credito de lo que yo hice y necesito que alguien me entienda,enojo
de verdad no tolero que me trates asi en serio,enojo
te cuento que me asusta mucho lo que esta pasando en el barrio,miedo
fijate que me dijeron que cambie como si estuviera mal ser yo de verdad,triste
sinceramente me dijeron que si y despues que no de verdad,enojo
lo que pasa es que me cancelaron a ultimo momento y no lo puedo ocultar,enojo
en serio me canse de pedir ayuda y no recibirla de verdad,triste
es que mi abuela ya no esta pero bueno,triste
la verdad es que siento una tristeza que me invade todo,triste
mira siento que la estoy embarrando en todo pero bueno,triste
la verdad estoy emocionalmente agotado y es agotador,triste
llegue a los seguidores que queria pero bueno,feliz
ultimamente me di cuenta que nadie me busca si yo no busco,triste
hoy estoy emocionalmente agotado y no lo puedo ocultar,triste
la verdad es que me da una bronca tremenda y ya me canse,enojo
no te miento no logre lo que esperaba otra vez,triste
la verdad es que que experiencia tan maravillosa fue y estoy muy contento,feliz
mira me aterra quedar mal frente a todos y ya,miedo
en serio vi que me sacaron de un grupo y no dije nada de verdad,triste
en serio tengo ansiedad de aparecer en camara de verdad,miedo
ultimamente tengo ansiedad por lo que viene por todo lo que paso,miedo
fijate que me independice por fin pero bueno,feliz
realmente ya me canse de esto otra vez,enojo
te digo que ya no aguanto mas esa situacion pero bueno,enojo
lo que pasa es que hoy fue un dia muy gris y no lo puedo ocultar,triste
ultimamente me rechazaron y duela mucho y no puedo evitarlo,triste
por fin me compre lo que queria y ya,feliz
desde hace dias me pidieron algo de ultimo momento pero necesitaba decirlo,enojo
en serio me fue muy mal en el examen pero ya no puedo mas,triste
mira tengo un presentimiento muy malo sinceramente,miedo
la verdad me duele mucho esto ultimamente,triste
te cuento que termino mi relacion de verdad,triste
hoy por fin termine el proyecto pero no digo nada,feliz
me copiaron el trabajo y lo publicaron como propio y no puedo evitarlo,enojo
hoy me dieron informacion falsa,enojo
oye tengo miedo de que no me entiendan sinceramente,miedo
parce me salio el traslado que pedi y eso me duele,feliz
la verdad me da panico enviar ese mensaje y quedar mal y no puedo evitarlo,miedo
la verdad me llamaron de la empresa y no dijeron para que y nadie lo sabe,miedo
oye fuimos a la finca y fue muy bacano pero bueno,feliz
la verdad saque mi licencia de conducir sinceramente,feliz
fijate que tengo miedo de embarrarla con esa decision y ya,miedo
en serio llegue a los seguidores que queria,feliz
en serio me siento muy mal con lo que paso y no se como seguir,triste
desde hace dias hoy llore sin saber por que y no se que hacer,triste
no te miento no voy a tolerar esto mas,enojo
hoy manana es el dia y no estoy listo la verdad,miedo
la verdad me dieron informacion falsa y ya,enojo
hoy tengo miedo de ver lo que me respondieron de verdad,miedo
sinceramente me regalaron algo que queria hace mucho sinceramente,feliz
me tienen muy hastiado con lo mismo y nadie lo sabe,enojo
definitivamente tengo ansiedad por lo que viene y me afecta mucho,miedo
para serte honesto me saca de quicio todo esto y eso me pesa,enojo
lo que es cierto es que estoy muy satisfecho con mis decisiones sin duda,feliz
en este momento me siento feliz desde hace dias,feliz
mira me siento muy lejos de todos y no puedo evitarlo,triste
desde hace dias tengo miedo de haber arruinado algo sin saberlo y me tiene agotado,miedo
que mal te portas siempre de verdad,enojo
honestamente me tiene harto esta situacion de verdad,enojo
oye me fallaron cuando mas los necesitaba y no lo puedo ocultar,triste
en serio estoy muy asustado con lo que puede pasar pero bueno,miedo
fijate que me dijeron que cambie como si estuviera mal ser yo y no se como manejarlo,triste
es que estoy muy nervioso con esa vuelta,miedo
te cuento que me cambiaron las condiciones a ultimo momento pero bueno,enojo
estoy muy ilusionado con lo que viene la verdad,feliz
ahora mismo estoy muy preocupado esta semana,miedo
me cobraron mas de lo que decia el precio de verdad,enojo
definitivamente ya no aguanto mas de verdad,enojo
la verdad es que me siento muy orgulloso de lo logrado y es lo mejor que me paso,feliz
sinceramente quise decir algo pero no encontre las palabras y no es facil admitirlo,triste
ultimamente me reportaron sin motivo y me bloquearon la cuenta men,enojo
es que me llamaron para el trabajo en medellin y ya,feliz
es que pase el semestre sin perder nada y no es facil admitirlo,feliz
hoy hoy fui honesto y salio bien,feliz
hoy descanse bien por primera vez en mucho tiempo la verdad,feliz
es que me dejaron esperando sin explicacion,enojo
lo que pasa es que pude mantener una conversacion sin angustiarme y me tiene agotado,feliz
ultimamente el resultado me tiene muy angustiado y no puedo evitarlo,miedo
en serio me encontre plata en un bolsillo que no sabia y no puedo evitarlo,feliz
la verdad tengo miedo de decir algo y que lo tomen mal de verdad,miedo
ya no somos lo que eramos y eso me entristece,triste
ahora mismo todo me irrita de verdad,enojo
todo el mundo parece tener todo claro menos yo de verdad,triste
ultimamente me siento decepcionado y me afecta mucho,triste
fijate que me costo mucho levantarme hoy la verdad,triste
me da pena decirlo pero no supe si era una broma o algo serio y me cuesta mucho,triste
es que me trataron como si no existiera y ya,enojo
te juro que tengo miedo de que me cancelen por algo que dije y no puedo evitarlo,miedo
ahora mismo me siento inseguro otra vez,miedo
lo que pasa es que se rieron de como me exprese de verdad,enojo
en serio me dieron la beca de la universidad publica y nadie lo sabe,feliz
mira me dieron la beca de la universidad publica,feliz
hoy me descuentan del sueldo cosas que no firmé de verdad,enojo
hoy me da terror mostrarme como soy de verdad y me afecta mucho,miedo
oye me escribio la persona que me gusta de verdad,feliz
ultimamente hoy me vi bien en el espejo y me gusto,feliz
sabes que estoy muy contento con lo que paso y estoy muy agradecido,feliz
me tiene indignado lo que paso en serio,enojo
desde ayer me siento furioso y me afecta mucho,enojo
las cosas ya no son como antes de verdad,triste
siento panico de lo que puede ocurrir,miedo
me tratan diferente por ser joven y me afecta,enojo
me contactaron por mi trabajo y quede feliz y ya,feliz
realmente tengo ansiedad en este momento,miedo
en serio nadie me escucha y eso me pesa,triste
de verdad que buena racha estoy teniendo,feliz
es que me hicieron sentir mal por preguntar,enojo
ultimamente me cobraron de mas sin avisar otra vez,enojo
hoy estoy demasiado cansado todo el tiempo,triste
hoy me senti muy a gusto con todo parce,feliz
sinceramente siento demasiado temor otra vez,miedo
en serio mi familia esta pasando un momento muy dificil,triste
hoy me dejaron plantado y ni se disculparon,enojo
desde hace dias me mandaron un mensaje muy agresivo y eso me tiene mal,enojo
bro hoy me vi bien en el espejo y me gusto,feliz
hoy me fue de maravilla en la entrevista y no es facil,feliz
esto me molesta demasiado en este momento,enojo
mira llegue a los seguidores que queria,feliz
es que me paralizo cuando tengo que decidir y es agotador,miedo
hoy siento mucha presion todo el tiempo,miedo
ahora mismo me paralizo cuando tengo que decidir otra vez,miedo
la verdad me dejo mi novio y estoy muy mal hermano,triste
sinceramente me mandaron un mensaje muy agresivo y no puedo evitarlo,enojo
la verdad me tocó pagar una multa que no era justa,enojo
ultimamente me duele el alma de verdad,triste
ultimamente recibi buenas noticias,feliz
es que me cancelaron a ultimo momento y me afecta mucho,enojo
me dijeron que siga adelante como si fuera fácil,triste
en serio ya no somos lo que eramos y eso me entristece y me tiene mal,triste
hoy mi abuela ya no esta la verdad,triste
ahora mismo logre terminar algo que habia dejado pendiente y trato de disimularlo,feliz
hoy me da mucha rabia y no se que hacer,enojo
fijate que me graduo el sabado en el paraninfo y no es facil,feliz
estoy muy triste con la situacion actual de verdad,triste
en serio me duele mucho lo que ocurrio y no lo puedo superar,triste
la verdad no me puedo quitar esa preocupacion de encima pero bueno,miedo
fijate que me pone ansioso salir de casa y me afecta mucho,miedo
mira me tiene muy bajoneado lo que paso parce,triste
me cayo muy bien esa persona la verdad,feliz
sinceramente no supe leer la situacion y meti la pata y no es facil admitirlo,triste
es que estoy muy angustiado con las noticias de hoy y me tiene muy nervioso,miedo
hoy me siento completo otra vez,feliz
la verdad hoy fue un dia muy gris de verdad,triste
me angustia saber que todo queda guardado en internet,miedo
te cuento que hoy me pagaron y estoy mal,feliz
estoy apostando todo a esto,miedo
parce me dieron la beca de la universidad publica y ya,feliz
te cuento que pague y no me dieron lo que ofrecieron y no puedo evitarlo,enojo
ultimamente tengo panico de fallar frente a todos y me afecta mucho,miedo
sinceramente estoy disfrutando mucho con todo lo que paso,feliz
hoy me faltaron el respeto delante de todos parce,enojo
sinceramente me llamaron para el trabajo en medellin y nadie lo sabe,feliz
hoy me preocupa haber dicho algo sin darme cuenta pero ya no puedo mas,miedo
hoy mi mejor amigo se fue para otro pais y ya,triste
no te miento hicimos una reunioncita y quedo muy buena pero bueno,feliz
en serio me tiene muy bravo la falta de respeto y no se que hacer,enojo
mira eso estuvo muy mal hecho y no lo voy a tolerar,enojo
resulta que mañana presento y no he empezado nada y ya,miedo
desde ayer me tienen harto con esto todo el tiempo,enojo
te cuento que me robaron,enojo
hoy no puedo creer que hayan hecho eso y me cuesta aceptarlo,enojo
la verdad estoy demasiado molesto ultimamente,enojo
siento panico de enfrentar lo que viene y no puedo calmarlo,miedo
lo que pasa es que ya no esta la persona que queria todo el tiempo,triste
oye no tengo con quien hablar,triste
en este momento odio esta situacion todo el tiempo,enojo
no puedo evitar que tengo un miedo muy grande en este momento,miedo
en serio eres un desconsiderado,enojo
estoy muy asustado por lo que viene de verdad,miedo
sinceramente me salio el negocio que queria pero bueno,feliz
en este momento me siento nervioso todo el tiempo,miedo
sinceramente siento que no encajo en ningún lado de verdad,triste
te cuento que me dijeron que si y despues que no,enojo
desde hace dias no tuve ganas de comer y no lo puedo ocultar,triste
te cuento que me tocó madrugar y no dormí nada y encima salio mal y no puedo evitarlo,triste
hoy hoy fue un mal dia en este momento,triste
ahora mismo perdi una oportunidad importante y no se que hacer,triste
oye me echaron la culpa de algo que hizo otro de verdad,enojo
no se tengo miedo de llegar a cierta edad sin haber logrado nada,miedo
extraño mucho a las personas que ya no estan y ya,triste
perdi mi negocio y no se como seguir hermano,triste
desde ayer todo salio mal desde hace dias,triste
la verdad tengo miedo de decir algo y que lo malinterpreten men,miedo
es que me respondieron con mala actitud sin razon sinceramente,enojo
realmente estoy agradecido por todo ultimamente,feliz
oye estoy agotado de tener que explicar como me siento y no es facil,triste
la verdad es que hicieron como si yo no existiera en la reunion pero necesitaba decirlo,enojo
es que me da miedo pedir ayuda y ya,miedo
realmente nada tiene sentido y no se que hacer,triste
bro me da miedo no estar a la altura de lo que se espera,miedo
me fallaron cuando mas los necesitaba y no lo puedo ocultar,triste
hoy tengo miedo de equivocarme y arrepentirme despues,miedo
ultimamente hoy no tuve que madrugar y lo disfrute y ya,feliz
desde hace dias no me dejaron hablar y no puedo evitarlo,enojo
oye no supe si era una broma o algo serio y no puedo evitarlo,triste
sinceramente me da mucho miedo enfrentar esta situacion y no se que hacer,miedo
te cuento que estoy muy ido hoy no se que me pasa,triste
me frustra muchisimo esto sin excusas,enojo
hoy aprobe todas las materias este semestre y me tiene mal,feliz
en serio me molesta tu actitud de siempre de verdad,enojo
la verdad es que siento una angustia que no me deja dormir,miedo
ultimamente tengo miedo de que me alejen si se dan cuenta como soy y nadie lo entiende,miedo
nadie me escucha y me afecta mucho,triste
definitivamente me siento decepcionado esta semana,triste
estoy muy emocionado,feliz
sinceramente hoy fue un gran dia ultimamente,feliz
la verdad es que me da terror que noten que estoy nervioso y no puedo evitarlo,miedo
oye siento que fracase,triste
sinceramente todo me afecta demasiado desde hace dias,triste
hoy el resultado me tiene muy angustiado y me tiene mal,miedo
lo que pasa es que tengo los mejores amigos y no lo puedo ocultar,feliz
vieja me pusieron a hacer el trabajo de todos y no se que hacer,enojo
me salio redondo todo hoy y no es facil,feliz
te digo que siento que algo esta muy mal y me asusta,miedo
para serte honesto nadie reconocio lo que aporte y nadie lo entiende,enojo
hoy me fue de pelos parce,feliz
oye nada de lo que hago vale la pena y no se que hacer,triste
me graduo este sabado,feliz
para serte honesto me fue muy mal en el examen sinceramente,triste
no te miento tengo panico de que me pregunten algo frente a todos y eso me tiene mal,miedo
me regalaron algo que queria hace mucho la verdad,feliz
me da pena decirlo pero me etiquetaron en algo que me alegro el dia y no lo digo seguido,feliz
para serte honesto me da ansiedad abrir ese chat y quisiera que alguien me ayudara,miedo
definitivamente todo me hace enojar en este momento,enojo
hoy nadie noto que algo me pasaba de verdad,triste
me da pena decirlo pero me eliminó de sus contactos sin decir nada y me cuesta mucho,triste
me siento muy bien y muy contento,feliz
es que me hicieron fila tres horas y no me atendieron pero bueno,enojo
no te miento me puse muy feliz con eso parce y me cuesta mucho,feliz
hermano tengo miedo de que me vaya mal en las parciales y eso me duele,miedo
definitivamente siento demasiado temor por todo lo que paso,miedo
honestamente que actitud tan mala la tuya y me parece muy mal,enojo
oye que irresponsable eres con todo y no lo entiendo,enojo
es que me dieron la visa y me afecta,feliz
oye nadie me escucha y eso me pesa,triste
la verdad dijeron cosas que no son verdad sobre mi otra vez,enojo
ultimamente siento demasiado temor otra vez,miedo
hoy ya no tengo ganas todo el tiempo,triste
es que no me merecia este trato y necesito que alguien me entienda,enojo
realmente ya no se que hacer ultimamente,triste
lo que pasa es que estoy muy ilusionado con lo que viene y no puedo evitarlo,feliz
en serio me siento en paz y no puedo evitarlo,feliz
sabes que me alegra mucho haberte visto hoy,feliz
en serio encontre algo que habia perdido hace tiempo,feliz
la verdad me faltaron el respeto delante de todos,enojo
la verdad es que eres un desconsiderado en serio,enojo
ahora mismo me copiaron el trabajo y lo publicaron como propio y no lo digo seguido,enojo
es que hoy hice algo que me daba mucho miedo y salio bien,feliz
la verdad es que me da mucho temor el futuro cercano y me tiene muy nervioso,miedo
me usaron cuando les convenia y despues nada pero bueno,enojo
oye tengo miedo de que las cosas cambien de repente y no puedo evitarlo,miedo
te juro que eres una persona muy egoista y me parece muy mal,enojo
ultimamente me siento muy desconectado de todo y de todos y me cuesta aceptarlo,triste
hoy que descaro tan grande el de esa gente,enojo
te cuento que me case hoy y ya,feliz
desde hace dias se llevaron el credito de lo que yo hice y es agotador,enojo
hoy tengo miedo de que mis sueños no sean suficientes bro,miedo
lo que pasa es que me dejaron hacer todo el trabajo solo y es agotador,enojo
no te miento estoy muy mamado de todo de verdad,triste
sinceramente me pidieron que fuera a recursos humanos,miedo
fijate que me saca de quicio que no cambien nada y me cuesta aceptarlo,enojo
realmente me siento feliz y eso me alegra,feliz
hoy me siento nervioso,miedo
en serio aprobe el examen y necesito que alguien me entienda,feliz
no te miento siento que se me acaba el tiempo,miedo
no te miento me dejaron hacer todo el trabajo solo todo el tiempo,enojo
la verdad me robaron el celular y estoy muy mal la verdad,triste
la verdad es que que mal comportamiento tienes de verdad,enojo
para serte honesto siento que algo malo va a pasar y no puedo evitarlo,miedo
hoy me da miedo que graben algo mio sin permiso,miedo
fijate que me senti aceptado como soy pero necesitaba decirlo,feliz
de verdad no tolero que me trates asi y punto,enojo
ultimamente nadie me escucha y es agotador,triste
es que se fue mi perro hoy y no puedo evitarlo,triste
desde hace dias me dejo en visto y no respondio sinceramente,triste
la verdad ya no aguanto mas ultimamente,enojo
hoy hoy descanse bien por primera vez en mucho tiempo,feliz
te juro que tengo miedo de decir algo y que lo malinterpreten y no puedo evitarlo,miedo
oye estoy realmente indignado y ya,enojo
siento que no tengo proposito,triste
no se si contarte pero no se si estan enojados conmigo o es mi imaginacion y quisiera que alguien me ayudara,miedo
me dieron la nota que esperaba sinceramente,feliz
es que me da susto pedir el favor porque me da pena y nadie lo sabe,miedo
hoy me siento nervioso otra vez,miedo
la verdad me tiene angustiado no saber que va a pasar y me tiene mal,miedo
me salio redondo todo hoy pero bueno,feliz
oye estoy esperando una respuesta y me tiene nervioso de verdad,miedo
me angustia no tener todo claro a mi edad la verdad,miedo
mira me asusta mucho lo que esta pasando en el barrio de verdad,miedo
que felicidad tan grande siento ahora sin duda,feliz
desde ayer me siento destruido desde hace dias,triste
fijate que mi familia se fue a vivir lejos y me siento solo y me tiene mal,triste
de verdad me entristece mucho lo que paso,triste
desde hace dias publico algo que me dejo muy mal y no puedo evitarlo,triste
es que siento que a nadie le importo,triste
la verdad es que termine la semana sin ningun problema y me afecta mucho,feliz
fijate que me salio redondo todo hoy parce,feliz
es que no quise hablar con nadie hoy y no lo puedo ocultar,triste
la verdad me dejaron esperando sin explicacion,enojo
no se me siento muy vacio aunque tenga cosas que hacer,triste
hoy no me puedo sacar esta sensacion de encima y no se que hacer,miedo
es que hice algo que me daba miedo y salio bien y eso me tiene mal,feliz
te digo que hoy todo el transporte me funciono perfecto y me afecta,feliz
mira no me puedo quitar esa preocupacion de encima y eso me duele,miedo
sabes que estoy muy satisfecho con el dia de hoy y estoy muy contento,feliz
la verdad me da pena que se den cuenta que no entendi hermano,miedo
desde hace dias hice algo que me daba miedo y salio bien y eso me tiene mal,feliz
no te miento hoy me senti comodo siendo yo mismo y me cuesta mucho,feliz
sinceramente siento que estoy decepcionando a todos y me cuesta aceptarlo,triste
vieja estoy muy nervioso con esa vuelta,miedo
hoy no tenemos para el arriendo este mes y no es facil,triste
que dia tan especial fue hoy,feliz
es que me fallaron cuando mas los necesitaba y eso me pesa,triste
ultimamente estoy al limite de mi paciencia y ya,enojo
la verdad es que no es la primera vez y eso me tiene agotado y trato de disimularlo,enojo
hoy me da panico equivocarme y que no me perdonen y no se que hacer,miedo
en serio no puedo mas con tanto sinceramente,triste
la verdad perdi algo muy importante pero no digo nada,triste
no te miento me mandaron buenas noticias por whatsapp sinceramente,feliz
oye manana tengo una prueba importante y estoy nervioso de verdad,miedo
sinceramente me sacaron la paciencia en este momento,enojo
te cuento que me aprobo el credito el banco y no es facil,feliz
es que minimizaron lo que sentia y me pesa cargarlo solo,enojo
en serio todos parecen entender menos yo y no es facil admitirlo,triste
ultimamente ya no aguanto esta situacion y me afecta mucho,enojo
hoy que experiencia tan maravillosa fue de verdad,feliz
es que siento que cargo con demasiado para mi edad la verdad,triste
todo el mundo parece tener todo claro menos yo y me afecta,triste
mira me independice por fin,feliz
capturaron una conversacion privada y la compartieron y me afecta,enojo
no se si contarte pero no se si ese mensaje significaba lo que creo y me afecta mucho,miedo
en serio me respondieron con mala actitud sin razon y trato de disimularlo,enojo
en serio estoy muy triste con lo que me conto y quisiera que no fuera así,triste
ultimamente no me merecia este trato y no puedo evitarlo,enojo
la verdad algo cambio de repente y no entiendo por que,miedo
para serte honesto me graduo este mes sinceramente,feliz
sinceramente mi familia se fue a vivir lejos y me siento solo,triste
no te miento tengo miedo de haber arruinado algo sin saberlo y quisiera que alguien me ayudara,miedo
cumpli la meta que me habia puesto y no es facil,feliz
hoy me siento en paz,feliz
fijate que me da pena hablar en publico y manana me toca y me cuesta mucho,miedo
estoy muy apenado y sin palabras y me duele mucho,triste
te digo que que alegria tan grande la que siento,feliz
lo que pasa es que nadie entendio como me sentia,triste
me enoja mucho lo que dijiste,enojo
lo que pasa es que me agota tu comportamiento sin excusas,enojo
ultimamente manana tengo una prueba importante y estoy nervioso todo el tiempo,miedo
es que ya no aguanto esta situacion y me tiene mal,enojo
fijate que salimos a rumbear y la pase muy bien y no es facil,feliz
te cuento que mi pareja me sorprendio y eso me pesa,feliz
ahora mismo tengo miedo de mandar ese mensaje y que lo tomen mal sinceramente,miedo
ultimamente me angustia saber que todo queda guardado en internet,miedo
fijate que no me dejaron hablar de verdad,enojo
honestamente me da demasiada rabia ultimamente,enojo
bro me invitaron a participar en algo importante,feliz
es que tengo panico de que algo que dije llegue a las manos equivocadas bro,miedo
de verdad me siento muy solo en este momento y no se como seguir,triste
la verdad me dieron la visa y me tiene mal,feliz
siento una melancolía muy profunda y quisiera que no fuera así,triste
la verdad tengo miedo de fallar y eso me preocupa,miedo
desde hace dias no se si ese mensaje significaba lo que creo y no se que hacer,miedo
me sorprendieron hoy y eso me pesa,feliz
fijate que siento que estoy de mas pero no digo nada,triste
es que me hicieron sentir mal por preguntar y ya,enojo
no puedo creer que me da una ira terrible y no lo voy a tolerar,enojo
la verdad es que estoy muy angustiado con las posibilidades de verdad,miedo
sinceramente me tienes harto de verdad y eso no esta bien,enojo
no te miento me dejaron de verdad,triste
bro llegue a los seguidores que queria,feliz
no voy a seguir tolerando esto y me parece muy mal,enojo
oye me salio redondo todo hoy y nadie lo sabe,feliz
sinceramente siento tristeza y desesperanza ahora,triste
hoy me dejo de seguir en redes sociales pero ya no puedo mas,triste
es que me tiene muy apagado esta situacion pero bueno,triste
hoy defendi mi proyecto y quede bien y no puedo evitarlo,feliz
es que me siento muy achantado hoy,triste
no te miento si esto no funciona no se que voy a hacer pero bueno,miedo
no te miento me tratan diferente y no entienden por que me molesta,enojo
bro me saca de quicio que no cambien nada,enojo
ultimamente siento que a nadie le importo pero no digo nada,triste
tengo miedo de llegar a cierta edad sin haber logrado nada y no se que hacer,miedo
oye no se como va a terminar esto la verdad,miedo
es que no me puedo quitar esa preocupacion de encima hermano,miedo
te digo que publicaron algo mio sin pedirme permiso y no se que hacer,enojo
es que hoy fue mejor de lo que esperaba y nadie lo sabe,feliz
oye hoy el clima estuvo perfecto,feliz
me da pena decirlo pero me preocupa haber dicho algo sin darme cuenta y no se como manejarlo,miedo
no se tengo miedo de equivocarme y arrepentirme despues y me cuesta aceptarlo,miedo
ultimamente me llego un paquete que habia pedido la verdad,feliz
fijate que me dejaron solo en esto y no lo puedo ocultar,triste
para serte honesto no tuve ganas de comer y me tiene mal,triste
ultimamente tengo miedo de responder mal y arruinar todo de verdad,miedo
hoy me bloquearon sin darme ninguna explicacion y no puedo evitarlo,enojo
desde ayer hoy fue maravilloso en este momento,feliz
ultimamente dijeron mentiras sobre mi en redes bro,enojo
ultimamente todo esta empeorando desde hace dias,triste
sinceramente tengo ansiedad de pensar en todo lo que falta de verdad,miedo
en serio ya basta con esa actitud,enojo
me pone feliz ver tu progreso y estoy muy contento,feliz
es que hoy no tuve que madrugar y lo disfrute de verdad,feliz
siento que algo no esta bien aunque todo parece normal y me tiene mal,miedo
en serio me citaron a declarar y estoy muy nervioso y no puedo evitarlo,miedo
la verdad me graduo el sabado en el paraninfo pero bueno,feliz
en serio estoy con las personas que amo la verdad,feliz
oye me saco del grupo sin razon y me pesa cargarlo solo,triste
sinceramente hoy descanse muy bien y eso me pesa,feliz
la verdad me pidieron que fuera a recursos humanos y nadie lo sabe,miedo
la verdad todo esta saliendo bien ultimamente,feliz
hoy que buen trabajo hiciste hoy,feliz
la verdad hoy todo el transporte me funciono perfecto,feliz
de verdad siento una tristeza profunda que no pasa,triste
todo me pesa demasiado la verdad,triste
me descuentan del sueldo cosas que no firmé y ya,enojo
fijate que me hablaron muy feo sin ninguna razon y no se que hacer,enojo
ultimamente me da pavor equivocarme y me afecta mucho,miedo
hoy me estan ocultando algo y eso me pone nervioso de verdad,miedo
mira lo que paso tengo miedo de decir algo fuera de lugar y no lo digo seguido,miedo
la verdad estoy muy preocupado por todo lo que paso,miedo
hoy me ignoraron completamente todo el tiempo,enojo
honestamente me molesta tu falta de consideracion y punto,enojo
la verdad es que me ofrecieron un mejor cargo de verdad,feliz
la verdad es que que mal te portas siempre,enojo
no te miento siento que a nadie le importo y ya,triste
hoy me tocó madrugar y no dormí nada y encima salio mal,triste
en este momento me preocupa el futuro y no puedo dormir,miedo
es que nacio mi hijo y ya,feliz
en serio gane el concurso y me tiene mal,feliz
desde hace dias me faltaron el respeto y eso me pesa,enojo
ultimamente todo me da miedo y no se que hacer,miedo
en serio me asusta mucho lo que esta pasando en el barrio,miedo
hoy me cambiaron las condiciones a ultimo momento la verdad,enojo
lo que pasa es que siento que a nadie le importo y eso me pesa,triste
ahora mismo me siento excelente de verdad,feliz
para serte honesto me mandaron buenas noticias por whatsapp y no se como manejarlo,feliz
mira lo que paso me da ansiedad abrir ese chat y me pesa cargarlo solo,miedo
lo que pasa es que me prometieron que no volveria a pasar y no lo digo seguido,enojo
hoy me pusieron a hacer el trabajo de todos la verdad,enojo
la verdad siento que las cosas mejoran pero no digo nada,feliz
desde hace dias logre terminar algo que habia dejado pendiente y quisiera que alguien me ayudara,feliz
definitivamente me hicieron perder el tiempo por todo lo que paso,enojo
desde hace dias hoy todo fluyo bien todo el tiempo,feliz
en serio me toco el dia libre sinceramente,feliz
bro me da miedo no estar a la altura de lo que se espera la verdad,miedo
hoy me siento inseguro y eso me preocupa,miedo
en serio me echaron la culpa de algo que hizo otro la verdad,enojo
en serio por fin publique lo que venia trabajando,feliz
hermano me usaron cuando les convenia y despues nada de verdad,enojo
ultimamente me hicieron sentir especial todo el tiempo,feliz
realmente ya no quiero hablar otra vez,triste
oye me pusieron a hacer el trabajo de todos hermano,enojo
ahora mismo me dijeron que era muy sensible por sentirme mal de verdad,enojo
oye me da ira tu actitud sin excusas,enojo
ultimamente tengo miedo de llegar a cierta edad sin haber logrado nada y nadie lo entiende,miedo
sabes que estoy muy feliz con el camino que tome y estoy muy contento,feliz
te cuento que me dejo mi novio y estoy muy mal la verdad,triste
sinceramente no tuve ganas de comer de verdad,triste
me dicen que exagero cuando digo como me siento la verdad,enojo
mira me asusta pensar en el futuro de verdad,miedo
es que me dieron la beca y me tiene mal,feliz
hoy las cosas ya no son como antes y no puedo evitarlo,triste
lo que pasa es que siento tristeza cuando pienso en eso de verdad,triste
hoy quedamos de una con el plan y ya,feliz
no puedo mas,triste
en serio me cambiaron el trabajo sin consultarme y me tiene agotado,enojo
hoy me copiaron el trabajo y lo publicaron como propio de verdad,enojo
hoy capturaron una conversacion privada y la compartieron de verdad,enojo
hoy hoy amaneci con toda la actitud hermano,feliz
sinceramente tengo miedo de que me juzguen y es agotador,miedo
me siento muy mal emocionalmente y me duele mucho,triste
es que siento que el tiempo paso y yo no hice nada y me tiene mal,triste
lo que pasa es que estoy muy bajoneado con la noticia y no se como seguir,triste
es que siento que voy a fallar manana la verdad,miedo
no puedo evitar que me da miedo no poder controlarlo y me tiene muy nervioso,miedo
la verdad ya no hablo con alguien que queria mucho y ya,triste
parce me dejaron plantado y ni se disculparon la verdad,enojo
mira sali del pais por primera vez y no se que hacer,feliz
tengo ansiedad de pensar en todo lo que falta,miedo
la verdad hoy no tengo que trabajar y no puedo evitarlo,feliz
sinceramente aprobe el examen,feliz
en serio estoy muy triste con lo que me paso y me duele mucho,triste
lo que pasa es que no voy a permitir que me hagas eso y no lo entiendo,enojo
definitivamente tengo miedo de hablar ultimamente,miedo
siento que cargo con demasiado para mi edad y no se que hacer,triste
lo que pasa es que quise decir algo pero no encontre las palabras y no se como manejarlo,triste
hoy hicieron algo injusto y nadie dijo nada y eso me pesa,enojo
no puedo creer que que irresponsable eres en serio de verdad,enojo
vieja me llamaron para el trabajo en medellin y no puedo evitarlo,feliz
te digo que estoy muy nervioso y asustado y no puedo calmarlo,miedo
oye me dejo de seguir en redes sociales de verdad,triste
no te miento tengo miedo de que me quiten el trabajo,miedo
men no se para donde voy y eso me asusta y me pone triste y no es facil,triste
fijate que vi que estaba en linea pero no me respondio y me afecta mucho,triste
fijate que me tiene muy irritado todo esto la verdad,enojo
hoy estoy disfrutando mucho y me encanta,feliz
te digo que me siento muy solo en este momento y me duele mucho,triste
mira me toca salir tarde y me da miedo en la calle de verdad,miedo
en serio nadie hace las cosas bien aqui y no se que hacer,enojo
la verdad es que logre terminar algo que habia dejado pendiente pero necesitaba decirlo,feliz
desde hace dias no es la primera vez y eso me tiene agotado de verdad,enojo
estoy furioso contigo y no lo entiendo,enojo
te cuento que salimos a rumbear y la pase muy bien parce,feliz
en este momento me siento increible hoy,feliz
sinceramente me salio el traslado que pedi,feliz
sinceramente hoy fui honesto y salio bien sinceramente,feliz
oye me robaron el celular y estoy muy mal y me tiene mal,triste
te cuento que se aprovecharon de la buena fe mia y me tiene mal,enojo
de verdad no se puede confiar en ti y no lo entiendo,enojo
es que me dejaron hacer todo el trabajo solo y eso me pesa,enojo
sinceramente siento que todo el mundo sigue y yo me quede quieto,triste
en este momento me siento lleno de energia otra vez,feliz
sinceramente me tiene muy enojado esa situacion y me tiene mal,enojo
en serio hoy me fue de pelos y eso me duele,feliz
en este momento siento demasiado temor todo el tiempo,miedo
lo que pasa es que me mandaron un audio muy lindo de verdad,feliz
hoy me siento muy feliz con mi familia,feliz
te cuento que siento que voy a fallar manana,miedo
ultimamente siento que estoy decepcionando a todos la verdad,triste
en serio me angustia no saber como interpretar eso y no lo digo seguido,miedo
honestamente me frustras mucho con eso y punto,enojo
mira tengo miedo de que mis sueños no sean suficientes y no se que hacer,miedo
no puedo evitar que siento una inquietud muy grande ahora de verdad,miedo
mira me echaron la culpa de algo que no hice y eso me pesa,enojo
es que no me puedo quitar esa preocupacion de encima parce,miedo
me fue bien en el icfes pero bueno,feliz
oye me frustras mucho con eso y ya me canse,enojo
me pelee con mi mejor amigo y me duele mucho y ya,triste
la verdad todo me irrita de verdad,enojo
ahora mismo tengo miedo de que las cosas cambien de repente y no lo digo seguido,miedo
hoy usaron mis ideas sin darme credito y me afecta,enojo
fijate que me cambiaron el trabajo sin consultarme y quisiera que alguien me ayudara,enojo
ahora mismo estoy demasiado angustiado para pensar pero no digo nada,miedo
ultimamente me contactaron por mi trabajo y quede feliz bro,feliz
te juro que no voy a tolerar esto mas sin excusas,enojo
la verdad es que que buena experiencia vivimos juntos sin duda,feliz
hoy me puse a pensar en lo peor y no puedo parar pero bueno,miedo
lo que pasa es que me hicieron sentir especial pero no digo nada,feliz
no se si ese mensaje significaba lo que creo y nadie lo entiende,miedo
desde hace dias me saco del grupo sin razon pero ya no puedo mas,triste
mira me fallaron cuando mas los necesitaba sinceramente,triste
sinceramente me saca de quicio que no cambien nada,enojo
hoy cumplí años y nadie me dijo nada,triste
definitivamente esto es injusto desde hace dias,enojo
ahora mismo hoy fue un dia muy gris sinceramente,triste
desde hace dias alguien noto que estaba bien y me lo dijo y no se que hacer,feliz
oye no me merecia este trato y no puedo evitarlo,enojo
mira lo que paso nadie noto que algo me pasaba,triste
la verdad es que tengo miedo de que mi respuesta suene agresiva y quisiera que alguien me ayudara,miedo
desde hace dias por fin lo logre,feliz
sinceramente estoy muy triste con la situacion actual de verdad,triste
tengo un miedo horrible que no me deja,miedo
mi novia me engañó con una mujer y no lo puedo creer,enojo
la verdad es que eso me parece una irresponsabilidad total de verdad,enojo
te digo que estoy muy agradecido por todo y no lo puedo creer,feliz
dije algo que no quise decir y no se como explicarlo sinceramente,triste
ahora mismo todo esta saliendo bien desde hace dias,feliz
lo que pasa es que me decepciono mucho lo que hiciste y no lo entiendo,enojo
sinceramente vi que estaba en linea pero no me respondio y no se como manejarlo,triste
definitivamente me da demasiada rabia otra vez,enojo
ahora mismo me prometieron que no volveria a pasar y me pesa cargarlo solo,enojo
sinceramente encontre lo que buscaba otra vez,feliz
mira me da mucha pena decirle eso a la gente,miedo
mira lo que paso perdi la materia que mas me esforcé y no puedo evitarlo,triste
en serio me aprobo el credito el banco la verdad,feliz
hoy ya no hablo con mi parcero de toda la vida de verdad,triste
es que me cambiaron el trabajo sin consultarme y eso me tiene mal,enojo
en este momento me siento nervioso desde hace dias,miedo
desactive mis redes porque me hacian sentir mal y ya,triste
oye tuve que repetir lo mismo mil veces y eso me pesa,enojo
sinceramente me siento muy lejos de ser feliz sinceramente,triste
mi mejor amigo se fue a vivir lejos y ya,triste
no puedo evitar que estoy muy preocupado por lo que puede venir y no se que hacer,miedo
no se si contarte pero me mandaron un mensaje muy agresivo y me pesa cargarlo solo,enojo
sinceramente me exigen resultados sin darme las herramientas,enojo
en serio me dejo de seguir en redes sociales y no lo digo seguido,triste
la verdad es que no tolero mas esta situacion en serio,enojo
definitivamente no tengo ganas de nada y no se que hacer,triste
es que me mandaron un mensaje raro y no entiendo que quieren sinceramente,miedo
ultimamente hoy fui honesto y salio bien y no se como manejarlo,feliz
ahora mismo me sacaron la paciencia otra vez,enojo
te digo que siento una pena muy grande ahora,triste
te juro que siento una rabia que no te imaginas en serio,enojo
la verdad todo me irrita por todo lo que paso,enojo
me da pena decirlo pero me dijeron que exageraba y no se que hacer,enojo
es que me siento muy solo en esta ciudad y nadie lo sabe,triste
ultimamente perdi algo muy importante sinceramente,triste
lo que pasa es que que caradureza la tuya en serio,enojo
que alegria me da ver tus logros y estoy muy contento,feliz
es que me copiaron el trabajo y lo publicaron como propio y no se como manejarlo,enojo
es que me siento muy lejos de ser feliz sinceramente,triste
te digo que que dia tan maravilloso fue hoy sin duda,feliz
te cuento que hoy llore sin saber por que otra vez,triste
la verdad estoy demasiado molesto y estoy cansado,enojo
no te miento por fin me contestaron y me afecta mucho,feliz
oye estoy muy cansado de lucharla solo y ya,triste
fijate que me preocupa no poder pagar el arriendo el otro mes pero bueno,miedo
no tengo plan b si esto falla y nadie lo sabe,miedo
oye me invitaron a participar en algo importante de verdad,feliz
te digo que que buen momento para estar feliz y es lo mejor que me paso,feliz
en serio estoy lleno de felicidad ahora mismo y estoy muy contento,feliz
la verdad me da terror enfrentar esto solo y no puedo evitarlo,miedo
en serio todo esta fluyendo muy bien ultimamente y no es facil,feliz
de verdad estoy muy triste y no puedo dormir,triste
para serte honesto me pidieron algo de ultimo momento y no lo digo seguido,enojo
me tiene muy angustiado esa situacion hermano,miedo
hoy voy a dormir toda la noche y estoy mal,feliz
hoy siento que perdi una etapa de mi vida la verdad,triste
desde ayer todo esta empeorando,triste
te digo que siento que estoy decepcionando a todos y no se que hacer,triste
me llegó una carta del juzgado y no se que es hermano,miedo
hoy hoy fue un dia muy chévere y no puedo evitarlo,feliz
ahora mismo tengo miedo de mandar ese mensaje y que lo tomen mal y me pesa cargarlo solo,miedo
sinceramente me siento tranquilo y feliz desde hace dias,feliz
hoy hoy me senti muy a gusto con todo y eso me duele,feliz
ultimamente pase el dia en cama otra vez,triste
me da pena decirlo pero me dejo en visto y no respondio y no es facil admitirlo,triste
hoy hicieron lo que quisieron sin preguntarme nada de verdad,enojo
ahora mismo tengo miedo de decepcionar a todos y ya,miedo
te cuento que tuve que dejar mis estudios,triste
definitivamente me siento furioso ultimamente,enojo
hermano me da muy duro enfrentar esa conversacion y me tiene mal,miedo
es que que falta de respeto tan grande de verdad,enojo
ultimamente capturaron una conversacion privada y la compartieron y ya,enojo
me da pena decirlo pero no es la primera vez y eso me tiene agotado y nadie lo entiende,enojo
siento que las cosas nunca mejoran,triste
siento una rabia que no te imaginas y eso no esta bien,enojo
me tiene muy cansado esta gente de verdad,enojo
en serio me siento muy bien y muy contento y estoy muy agradecido,feliz
en serio no me toman en serio por mi edad,enojo
mira lo que paso me da ansiedad abrir ese chat y no se como manejarlo,miedo
fijate que me comi algo rico y me alegro el dia y no puedo evitarlo,feliz
la verdad me tienen muy hastiado con lo mismo de verdad,enojo
realmente me siento nervioso esta semana,miedo
es que me invitaron a algo importante y me tiene mal,feliz
mira mi familia estuvo muy unida hoy y nadie lo sabe,feliz
desde hace dias estoy realmente indignado y no lo puedo ocultar,enojo
estoy muy asustado y no se que hacer y me tiene muy nervioso,miedo
estoy muy apenado con lo que paso y me duele mucho,triste
ultimamente hoy llore sin saber por que de verdad,triste
fijate que pase el dia en cama de verdad,triste
hoy me preocupa tanto que no puedo dormir y me tiene mal,miedo
no te miento no se si voy a poder con esto y no puedo evitarlo,miedo
lo que pasa es que eres increiblemente irresponsable y eso no esta bien,enojo
fijate que siento que algo malo va a pasar y ya,miedo
la verdad no tuve ganas de comer y me tiene mal,triste
me respondieron que si al proyecto bro,feliz
te digo que me tiene muy bravo la falta de respeto y no es facil,enojo
desde hace dias prometieron y no cumplieron de verdad,enojo
me siento muy agradecido con la vida sin duda,feliz
mira me mintieron descaradamente en la cara,enojo
hoy que descaro tan grande el de esa gente parce,enojo
oye me toca salir tarde y me da miedo en la calle la verdad,miedo
men estoy cansado de aparentar que todo esta bien y no puedo evitarlo,triste
es que estoy muy frustrado con todo esto y no se que hacer,enojo
en serio me tiene muy irritado todo esto y no es facil,enojo
no te miento me robaron el celular y estoy muy mal,triste
es que me tiene muy angustiado esa situacion y eso me duele,miedo
la verdad es que estoy muy angustiado por todo esto y no puedo calmarlo,miedo
de verdad que actitud tan mala la tuya y no lo entiendo,enojo
en serio todo el mundo parece tener todo claro menos yo y no puedo evitarlo,triste
la verdad es que ya me canse de repetirte lo mismo,enojo
no puedo evitar que estoy muy asustado y no se que hacer y no puedo calmarlo,miedo
fijate que tengo miedo de haber arruinado algo sin saberlo y no lo digo seguido,miedo
desde ayer nada tiene sentido en este momento,triste
no te miento fallecio alguien cercano pero necesitaba decirlo,triste
ahora mismo me interrumpieron cada vez que hable y eso me tiene mal,enojo
para serte honesto no se si actue bien y eso no me deja tranquilo y me cuesta mucho,miedo
no te miento hicieron como si yo no existiera en la reunion y no es facil admitirlo,enojo
en serio no entiendo como la gente puede ser asi,enojo
ultimamente no puedo mas con tanto y eso me pesa,triste
en este momento siento mucha presion en este momento,miedo
fijate que perdi una oportunidad importante sinceramente,triste
parce mi familia se fue a vivir lejos y me siento solo y nadie lo sabe,triste
sinceramente las cosas ya no son como antes la verdad,triste
es que me escribio la persona que me gusta,feliz
mira logre lo que queria de verdad,feliz
mira tengo miedo de equivocarme y arrepentirme despues y no puedo evitarlo,miedo
me cobraron mas de lo que decia el precio pero bueno,enojo
en serio me aterra quedar mal frente a todos pero bueno,miedo
la verdad me dijeron que era mi culpa cuando no lo era sinceramente,enojo
ultimamente me da terror decepcionar a alguien que confio en mi y me afecta mucho,miedo
mira tengo los mejores amigos pero no digo nada,feliz
la verdad tengo miedo de que me quiten el trabajo y nadie lo sabe,miedo
hoy por fin me compre lo que queria sinceramente,feliz
me da pena decirlo pero no entiendo nada y me da verguenza preguntar y no lo digo seguido,triste
es que quedamos de una con el plan y no puedo evitarlo,feliz
mira hoy no tengo que trabajar sinceramente,feliz
sinceramente no entendi el tono del mensaje y me confundi y me cuesta mucho,triste
no me toman en serio por mi edad,enojo
hoy desactive mis redes porque me hacian sentir mal,triste
fijate que termino mi relacion y nadie lo sabe,triste
no se si contarte pero tengo panico de que me pregunten algo frente a todos y eso me tiene mal,miedo
es que hoy descanse muy bien otra vez,feliz
me da mucha alegria saber eso y no lo puedo creer,feliz
sinceramente me fui de la reunion antes porque no podia mas y me tiene agotado,triste
de verdad hoy fue un dia increible en serio,feliz
en serio siento que ya no tengo fuerzas para nada y me duele mucho,triste
es que tengo miedo de que mis sueños no sean suficientes y me tiene pensando mucho,miedo
sinceramente me siento incomodo con esto todo el tiempo,miedo
me da pena decirlo pero me pidieron algo de ultimo momento de verdad,enojo
me robaron la moto y no sé qué hacer,enojo
sinceramente me hicieron sentir especial todo el tiempo,feliz
te digo que siento que el tiempo se me acaba y no he hecho nada la verdad,miedo
hoy me preocupa no poder lograrlo pero no digo nada,miedo
hoy me salio el cupo en el sena pero bueno,feliz
eres muy desconsiderado con los demas,enojo
honestamente no respetas nada ni a nadie y punto,enojo
parce tengo miedo de embarrarla con esa decision la verdad,miedo
parce me dejo mi novio y estoy muy mal pero bueno,triste
la verdad que problema tan absurdo en este momento,enojo
hoy todo el mundo parece tener todo claro menos yo y no es facil,triste
te cuento que me asusta mucho lo que esta pasando en el barrio la verdad,miedo
compre mi primer carro y no se que hacer,feliz
de verdad estoy muy bajoneado con la noticia,triste
me asusta mucho la situacion actual de verdad,miedo
no te miento me dijeron que si y despues que no la verdad,enojo
fijate que siento que a nadie le importo y me tiene mal,triste
que alegria tan grande la que siento,feliz
me siento tranquilo y feliz,feliz
mira me tiene completamente harto y es agotador,enojo
te juro que termine todo lo que tenia pendiente y no es facil admitirlo,feliz
oye ya no hablo con mi parcero de toda la vida y no puedo evitarlo,triste
hoy no se para donde voy y eso me asusta y me pone triste y nadie lo entiende,triste
definitivamente estoy muy contento todo el tiempo,feliz
ultimamente hoy fue un gran dia en este momento,feliz
fijate que estrene mi apartamento,feliz
hoy publicaron algo mio sin pedirme permiso y me tiene pensando mucho,enojo
estoy muy triste con lo que me conto y no lo puedo superar,triste
me hicieron sentir mal por preguntar de verdad,enojo
fijate que me tiene muy desanimado todo esto,triste
sinceramente todo esta funcionando bien y me afecta mucho,feliz
me contactaron por mi trabajo y quede feliz de verdad,feliz
hoy me siento orgulloso de donde estoy,feliz
ultimamente me toco el dia libre y eso me pesa,feliz
alguien me entendio sin que yo explicara mucho sinceramente,feliz
lo que pasa es que me dijeron que me quieren y necesito que alguien me entienda,feliz
de verdad estoy muy contento y agradecido,feliz
me preocupa no poder pagar el arriendo el otro mes y no es facil,miedo
desde ayer no se que va a pasar otra vez,miedo
no se si contarte pero me asusta que piensen que soy raro,miedo
definitivamente tengo mucho miedo esta semana,miedo
de verdad estoy muy emocionado con lo que viene,feliz
sinceramente estoy demasiado angustiado para pensar otra vez,miedo
en serio estoy muy bravo con lo que paso y no puedo evitarlo,enojo
definitivamente me siento excelente hoy por todo lo que paso,feliz
ultimamente me preocupa demasiado esto y me afecta mucho,miedo
te cuento que me ignoraron cuando tenia toda la razon parce,enojo
te cuento que me pusieron a hacer el trabajo de todos pero bueno,enojo
siento que algo no esta bien aunque todo parece normal y no puedo evitarlo,miedo
la verdad todo me afecta demasiado en este momento,triste
la verdad me siento muy lejos de ser feliz sinceramente,triste
oye me tocó repetir el tramite porque perdieron mis papeles de verdad,enojo
lo que pasa es que siento que voy por buen camino pero no digo nada,feliz
sinceramente ya no quiero hablar todo el tiempo,triste
en serio estoy muy asustado con lo que puede pasar y ya,miedo
te juro que me da una bronca tremenda y no lo voy a tolerar,enojo
es que aprobe todas las materias este semestre la verdad,feliz
te cuento que me descuentan del sueldo cosas que no firmé,enojo
la verdad hicimos sancocho en familia y fue muy rico y no se que hacer,feliz
es que me asusta mucho lo que esta pasando en el barrio parce,miedo
ultimamente todo el mundo esta en planes y yo solo en casa y no puedo evitarlo,triste
no te miento vi que estaba en linea pero no me respondio,triste
en serio me siento completo otra vez,feliz
sinceramente dijeron cosas que no son verdad sobre mi todo el tiempo,enojo
te juro que me siento muy pleno con lo que estoy haciendo,feliz
hoy tengo panico de fallar frente a todos y ya,miedo
para serte honesto hoy fui honesto y salio bien y no se como manejarlo,feliz
vieja me tiene muy apagado esta situacion,triste
ahora mismo me echaron la culpa de lo que salio mal y no es facil admitirlo,enojo
siento una ansiedad tremenda ahora,miedo
desde hace dias alguien me entendio sin que yo explicara mucho y me cuesta mucho,feliz
ahora mismo todo salio mal y me duele mucho,triste
fijate que extraño como eran las cosas antes y ya,triste
es que sali del pais por primera vez y me afecta,feliz
para serte honesto hoy me senti comodo siendo yo mismo y me afecta mucho,feliz
ultimamente me siento furioso esta semana,enojo
mira me siento completo y eso me pesa,feliz
ahora mismo no supe si era una broma o algo serio y nadie lo entiende,triste
estoy demasiado preocupado y no se que hacer,miedo
mira me puse muy feliz con eso parce y ya,feliz
ahora mismo nada me salio bien hoy y es agotador,enojo
ya no se que hacer ultimamente,triste
definitivamente me siento furioso en este momento,enojo
hoy hoy me senti muy bien conmigo mismo y no puedo evitarlo,feliz
hoy me invitaron a participar en un proyecto y nadie lo entiende,feliz
en este momento todo esta mejorando esta semana,feliz
no estudie suficiente para esto y no puedo evitarlo,miedo
la verdad me llegó una carta del juzgado y no se que es pero bueno,miedo
fijate que lei el mensaje diez veces y no se como responder y me tiene agotado,miedo
oye vi que estaba en linea pero no me respondio y no es facil admitirlo,triste
sinceramente me tocó pagar una multa que no era justa hermano,enojo
estoy muy nervioso con esta situacion y eso me preocupa mucho,miedo
la verdad me toco el dia libre,feliz
hoy me fue de pelos y nadie lo sabe,feliz
hoy todo me afecta demasiado y me afecta mucho,triste
en serio no alcance el cupo en la universidad publica de verdad,triste
ahora mismo me siento inseguro en este momento,miedo
realmente todo salio mal y no se que hacer,triste
ahora mismo termino mi carrera otra vez,feliz
que mal te portas siempre,enojo
te cuento que fallecio alguien cercano,triste
en este momento me siento horrible hoy,triste
te juro que desactive mis redes porque me hacian sentir mal,triste
ahora mismo odio esta situacion desde hace dias,enojo
ultimamente no supe como responder y ahora me arrepiento pero necesitaba decirlo,triste
todo el mundo parece tener todo claro menos yo la verdad,triste
es que me prometieron el trabajo y al final le dieron a otro,enojo
te cuento que me graduo este mes otra vez,feliz
estoy agotado emocionalmente por todo lo que paso,triste
me pone muy nervioso tener que dar explicaciones y me cuesta mucho,miedo
la verdad se llevaron el credito de lo que yo hice la verdad,enojo
es que estoy muy molesto con lo que hicieron y me cuesta mucho,enojo
oye me sacaron de la jugada sin ninguna explicacion parce,enojo
no se hoy no tuve que madrugar y lo disfrute,feliz
no te miento me copiaron el trabajo y lo publicaron como propio pero ya no puedo mas,enojo
te cuento que me pone muy nervioso tener que dar explicaciones la verdad,miedo
para serte honesto se burlaron de algo que me costo decir y no se que hacer,enojo
me dicen que me esfuerce mas cuando ya doy todo y me afecta,enojo
en serio hicieron lo que quisieron sin preguntarme nada pero bueno,enojo
en este momento me siento incomodo con esto y no se que hacer,miedo
en este momento nada tiene sentido otra vez,triste
esto es injusto ultimamente,enojo
oye tengo miedo de que no me entiendan pero ya no puedo mas,miedo
lo que pasa es que me excluyeron de la decision sin explicacion y no se como manejarlo,enojo
es que tengo miedo de llegar a cierta edad sin haber logrado nada y ya,miedo
te cuento que nadie me escucha de verdad,triste
para serte honesto todos parecen entender menos yo y no se que hacer,triste
hoy estoy lleno de energia y alegria sin duda,feliz
fijate que mi familia se fue a vivir lejos y me siento solo la verdad,triste
hoy me siento muy bien por lo que logre en serio,feliz
la verdad es que estoy lleno de felicidad ahora mismo y estoy muy agradecido,feliz
estoy muy apesadumbrado con las noticias y me duele mucho,triste
me salio el primer cliente bro,feliz
en serio estoy emocionalmente agotado de verdad,triste
fijate que me cayo del cielo esa noticia y ya,feliz
sinceramente no tengo ganas de nada otra vez,triste
para serte honesto me paraliza la idea de tener que hablar en grupo sinceramente,miedo
la verdad es que me di cuenta que no me invitaron a la reunion y no lo digo seguido,triste
ahora mismo me siento feliz hoy,feliz
hoy tengo panico de que me pregunten algo frente a todos y no lo digo seguido,miedo
te juro que me saca de quicio tu actitud y punto,enojo
minimizaron lo que sentia y no puedo evitarlo,enojo
te digo que me entristece mucho la situacion y no lo puedo superar,triste
men no me reconozco ultimamente y me tiene pensando mucho,triste
oye hoy me senti comodo siendo yo mismo pero necesitaba decirlo,feliz
ahora mismo me sacaron la paciencia y me afecta mucho,enojo
la verdad me dieron el trabajo que queria,feliz
ultimamente mi pareja me sorprendio y es agotador,feliz
es que me hicieron fila tres horas y no me atendieron y no es facil,enojo
la verdad estoy muy preocupado todo el tiempo,miedo
me tiene muy desanimado todo esto y eso me duele,triste
conseguí el trabajo,feliz
hermano me pidieron que fuera a recursos humanos hermano,miedo
ahora mismo tengo miedo de que las cosas cambien de repente de verdad,miedo
te cuento que me graduo el sabado en el paraninfo parce,feliz
sinceramente me produce mucho enojo esto y ya me canse,enojo
me da terror pensar que no hay salida y no se que hacer,miedo
ultimamente me rindo de intentarlo y me tiene mal,triste
me siento muy bien en este momento en serio,feliz
en este momento me duele mucho esto ultimamente,triste
en serio mi grupo de trabajo funciono muy bien y eso me tiene mal,feliz
desde hace dias me ignoraron cuando trate de explicarme y no es facil admitirlo,enojo
ahora mismo ya no se que hacer esta semana,triste
en serio se rieron de como me exprese,enojo
bro me dieron acceso a la oportunidad que queria y ya,feliz
ultimamente me interrumpieron todo el tiempo y ya,enojo
ultimamente todo me afecta demasiado otra vez,triste
no puedo creer que me enfurece tu actitud y punto,enojo
lo que pasa es que me da terror enfrentar esto solo y ya,miedo
no te miento cambiaron todo sin avisarme y ya,enojo
ahora mismo pude expresarme sin que me juzgaran y no se que hacer,feliz
sinceramente termine la semana sin ningun problema y me tiene agotado,feliz
vieja el partido de colombia salio bien,feliz
es que me tiene angustiado no saber que va a pasar,miedo
para serte honesto todo tiene sentido ahora sinceramente,feliz
hoy me siento increible desde hace dias,feliz
hoy me siento derrotado desde hace dias,triste
no te miento tuve que fingir que estaba bien toda la noche y no es facil admitirlo,triste
oye me decepciona mucho tu actitud sin excusas,enojo
me fui de la reunion antes porque no podia mas de verdad,triste
mira lo que paso tengo panico de decir algo y que lo malinterpreten de verdad,miedo
es que me comparo mucho con los demas y me hace mal y me cuesta aceptarlo,triste
realmente tengo mucho miedo desde hace dias,miedo
realmente ya no quiero hablar esta semana,triste
oye me siento muy vacio aunque tenga cosas que hacer la verdad,triste
termino mi carrera y me afecta mucho,feliz
dijeron mentiras sobre mi en redes pero bueno,enojo
siento que el tiempo paso y yo no hice nada de verdad,triste
te juro que me mandaron un mensaje muy agresivo y nadie lo entiende,enojo
es que me pelee con mi mejor amigo y me duele mucho,triste
no me puedo quitar esa preocupacion de encima hermano,miedo
fijate que por fin me compre lo que queria y no se que hacer,feliz
no te miento no entendi el tono del mensaje y me confundi y me tiene agotado,triste
me graduo este sabado pero necesitaba decirlo,feliz
te cuento que me tiene muy irritado todo esto la verdad,enojo
hoy saque mi licencia de conducir y no se que hacer,feliz
mi familia se fue a vivir lejos y me siento solo y no es facil,triste
sinceramente me da miedo decepcionarme a mi mismo de verdad,miedo
que buen trabajo hiciste hoy y es lo mejor que me paso,feliz
sinceramente me tienen harto con esto y no se que hacer,enojo
sinceramente ya no quiero hablar esta semana,triste
es que nadie hace las cosas bien aqui todo el tiempo,enojo
ahora mismo no aguanto mas y me afecta mucho,enojo
te cuento que estoy muy mamado de todo y no se que hacer,triste
no se si contarte pero me da terror que noten que estoy nervioso pero necesitaba decirlo,miedo
la verdad nadie me escucha todo el tiempo,triste
ultimamente estoy demasiado preocupado en este momento,miedo
para serte honesto no voy a tolerar esto mas y ya,enojo
mira algo me dice que las cosas van a cambiar mal y me afecta,miedo
hoy me aceptaron en la universidad y me afecta mucho,feliz
oye me saco del grupo sin razon pero necesitaba decirlo,triste
es que me tiene muy desanimado todo esto y eso me duele,triste
ahora mismo me da terror decepcionar a alguien que confio en mi,miedo
fijate que nadie noto que algo me pasaba y me tiene agotado,triste
oye tengo miedo de que sea algo grave y no puedo evitarlo,miedo
lo que pasa es que me hicieron esperar demasiado y ya,enojo
sinceramente estoy emocionado en este momento,feliz
desactive mis redes porque me hacian sentir mal de verdad,triste
la verdad estoy muy ido hoy no se que me pasa parce,triste
no te miento me puse a pensar en lo peor y no puedo parar y no se que hacer,miedo
me da miedo no estar a la altura de lo que se espera y nadie lo entiende,miedo
realmente me siento excelente hoy y no se que hacer,feliz
fijate que me da terror que noten que estoy nervioso sinceramente,miedo
la verdad tengo panico todo el tiempo,miedo
quedamos de una con el plan,feliz
es que me hicieron firmar algo que no entendi,enojo
ultimamente tengo ansiedad de aparecer en camara,miedo
siento que algo esta muy mal y me asusta y eso me preocupa mucho,miedo
desde hace dias no me dejaron hablar sinceramente,enojo
no te miento algo cambio de repente y no entiendo por que y ya,miedo
no te miento aprobe el examen todo el tiempo,feliz
sinceramente esto arruino mi dia y me afecta mucho,enojo
ahora mismo me siento lleno de energia todo el tiempo,feliz
te juro que me dicen que deberia estar agradecido por poco,enojo
la verdad es que que alegria me da verte bien sin duda,feliz
es que me faltaron el respeto delante de todos y nadie lo sabe,enojo
te cuento que hicimos una reunioncita y quedo muy buena y ya,feliz
tengo miedo de mandar ese mensaje y que lo tomen mal y eso me tiene mal,miedo
la verdad es que no se si estan enojados conmigo o es mi imaginacion de verdad,miedo
ahora mismo pase el semestre sin perder nada y me pesa cargarlo solo,feliz
desde hace dias ya no aguanto esta situacion y eso me pesa,enojo
vieja estoy muy molesto con lo que hicieron pero bueno,enojo
la verdad es que eres un maleducado sin remedio,enojo
sinceramente me dejaron pero bueno,triste
para serte honesto hoy me senti comodo siendo yo mismo sinceramente,feliz
sinceramente tengo miedo de que todo se derrumbe y eso me preocupa mucho,miedo
la verdad no tuve ganas de comer otra vez,triste
es que encontre algo que habia perdido hace tiempo,feliz
ultimamente no se si actue bien y eso no me deja tranquilo y no se como manejarlo,miedo
estoy con las personas que amo y no puedo evitarlo,feliz
mira me echaron la culpa de algo que hizo otro de verdad,enojo
en este momento me siento inseguro y eso me preocupa,miedo
en este momento tengo ansiedad por todo lo que pasa,miedo
mira me cansa tu falta de madurez y punto,enojo
te juro que me ofrecieron un mejor cargo sinceramente,feliz
es que hoy fue un dia increible de verdad,feliz
desde hace dias ya no tengo fuerzas para nada,triste
me tienen harto con esto y me afecta mucho,enojo
oye estoy muy nervioso con esa vuelta pero bueno,miedo
hoy me salio el negocio que queria y no es facil,feliz
mira me saca de quicio todo esto y no puedo evitarlo,enojo
te juro que tengo miedo de caerle mal sin querer pero ya no puedo mas,miedo
hoy fallecio alguien cercano y ya,triste
desde hace dias no puedo dejar de preocuparme y no puedo evitarlo,miedo
la verdad nadie me escucha y necesito que alguien me entienda,triste
fijate que estoy muy bacano con la noticia y eso me duele,feliz
ya no somos lo que eramos y eso me entristece la verdad,triste
me siento re bien parce y eso me duele,feliz
vieja me toco irme del barrio que queria y no puedo evitarlo,triste
me encontre plata en un bolsillo que no sabia la verdad,feliz
hoy tengo miedo de que me quiten el trabajo pero bueno,miedo
lo que es cierto es que me alegra mucho saber eso en serio,feliz
desde hace dias la vida esta siendo buena conmigo y no se que hacer,feliz
te cuento que mi mejor amigo se fue a vivir lejos de verdad,triste
oye me regalaron algo que queria hace mucho de verdad,feliz
me dicen que deberia estar agradecido por poco,enojo
parce me toco dejar los estudios por plata y ya,triste
mira eres completamente irresponsable y me parece muy mal,enojo
no me puedo quitar esa preocupacion de encima y no se que hacer,miedo
te cuento que me salio redondo todo hoy,feliz
hoy hoy fue mejor de lo que esperaba la verdad,feliz
mira nacio mi hijo la verdad,feliz
me da pena decirlo pero hicieron como si yo no existiera en la reunion y eso me tiene mal,enojo
hoy tengo miedo de que sea algo grave todo el tiempo,miedo
realmente tengo mucho miedo otra vez,miedo
es que me echaron la culpa de lo que salio mal sinceramente,enojo
fijate que algo me dice que las cosas van a cambiar mal la verdad,miedo
en serio me da pena hablar en publico y manana me toca y eso me duele,miedo
te juro que siento que finjo estar bien tan seguido que ya ni se bro,triste
men me llego un paquete que habia pedido,feliz
parce me quede sin trabajo y no se que hacer y no se que hacer,triste
sinceramente me saco del grupo sin razon y quisiera que alguien me ayudara,triste
en serio me bloqueo sin darme una explicacion y trato de disimularlo,triste
ultimamente me pusieron en evidencia en un grupo y me tiene agotado,enojo
es que termine el curso que venia haciendo de verdad,feliz
la verdad me dejo mi novia y estoy muy bajoneado hermano,triste
desde hace dias hoy no tengo que trabajar y eso me pesa,feliz
lo que pasa es que me dieron el viernes libre y quisiera que alguien me ayudara,feliz
la verdad me trataron muy mal sin razon de verdad,enojo
oye me preocupa haber dicho algo sin darme cuenta y eso me tiene mal,miedo
no te miento hicimos sancocho en familia y fue muy rico y me tiene mal,feliz
sabes que estoy muy alegre con lo que vivo y no lo puedo creer,feliz
lo que pasa es que me echaron la culpa de algo que no hice y no lo puedo ocultar,enojo
ultimamente estoy harto de todo y me afecta mucho,enojo
encontre algo que habia perdido hace tiempo y me afecta,feliz
la verdad es que cambio su estado y supe que era por mi y me tiene agotado,triste
hoy me invitaron a algo importante pero bueno,feliz
fijate que no tuve ganas de comer sinceramente,triste
ahora mismo me dejaron hacer todo el trabajo solo otra vez,enojo
hoy me alegra muchisimo lo que paso en serio,feliz
me dejaron hacer todo el trabajo solo y es agotador,enojo
en serio no me dejaron hablar y me tiene mal,enojo
hoy usaron mis ideas sin darme credito y no es facil,enojo
no te miento me mandaron de una oficina a otra sin solucion la verdad,enojo
hoy perdi la materia que mas me esforcé y me pesa cargarlo solo,triste
no te miento me asusta mucho lo que esta pasando en el barrio y me tiene mal,miedo
en este momento no se que va a pasar y no se que hacer,miedo
para serte honesto me dejaron solo en esto todo el tiempo,triste
en este momento me siento vacio desde hace dias,triste
fijate que me dieron una sorpresa muy bonita hoy,feliz
estoy muy decaido y sin fuerzas,triste
sinceramente publico algo que me dejo muy mal y no se como manejarlo,triste
fijate que usaron lo que les conte en mi contra y quisiera que alguien me ayudara,enojo
sinceramente me mandaron buenas noticias por whatsapp y no lo digo seguido,feliz
es que me tiene muy triste esta vuelta y eso me duele,triste
tengo miedo de embarrarla con esa decision y me tiene mal,miedo
oye me siento muy bien con mi proceso de verdad,feliz
para serte honesto me graduo este mes y eso me pesa,feliz
para serte honesto siento que estoy de mas y necesito que alguien me entienda,triste
estoy muy emocionado con esto y estoy muy agradecido,feliz
desde hace dias me asusta que piensen que soy raro y no lo digo seguido,miedo
me siento solo y muy triste,triste
hermano me llamaron de la empresa y no dijeron para que la verdad,miedo
ahora mismo me trataron como si no existiera y no lo puedo ocultar,enojo
hoy que dia tan bueno fue hoy y es lo mejor que me paso,feliz
ahora mismo estoy muy contento con todo lo que paso,feliz
la verdad logre ahorrar lo que necesitaba de verdad,feliz
oye me cambiaron el turno sin avisarme la verdad,enojo
estoy pasando un gran momento todo el tiempo,feliz
que irresponsable eres con todo,enojo
hermano el transporte salio tardisimo y llegue tarde por eso y me cuesta mucho,enojo
mira lo que paso lei el mensaje diez veces y no se como responder y me afecta mucho,miedo
siento una angustia que me paraliza de verdad,miedo
para serte honesto no quise hablar con nadie hoy todo el tiempo,triste
realmente no se que va a pasar en este momento,miedo
para serte honesto me dejo de seguir en redes sociales y no puedo evitarlo,triste
mira me hicieron fila tres horas y no me atendieron de verdad,enojo
hoy me regañaron en el trabajo,triste
mira me da ansiedad ver cuanta gente vio mi historia y me tiene pensando mucho,miedo
me siento solo aunque este rodeado de gente bro,triste
desde hace dias no quise hablar con nadie hoy y no lo puedo ocultar,triste
parce hoy fue un dia muy chévere de verdad,feliz
te cuento que por fin me compre lo que queria de verdad,feliz
oye tengo miedo de que me cancelen por algo que dije de verdad,miedo
no te miento me siento orgulloso de donde estoy,feliz
es que estoy con el animo muy por el piso y no se que hacer,triste
siento una tristeza que me invade todo y no se como seguir,triste
siento un vacio enorme dentro de mi y quisiera que no fuera así,triste
oye no puedo creer lo que hicieron otra vez,enojo
por fin publique lo que venia trabajando y ya,feliz
me entristece mucho lo que paso y me duele mucho,triste
es que me frustra muchisimo esto y no lo entiendo,enojo
en serio me preocupa no poder pagar el arriendo el otro mes y ya,miedo
es que hoy me di cuenta que avance mucho de verdad,feliz
oye siento que estoy de mas de verdad,triste
mira hoy me di cuenta que avance mucho y no se que hacer,feliz
me salio rico lo que cocine pero no digo nada,feliz
estoy muy apenado por lo sucedido de verdad,triste
en serio por fin termine el proyecto y no se que hacer,feliz
te digo que me da miedo no estar a la altura de lo que se espera y me tiene pensando mucho,miedo
sinceramente tengo miedo de que todo cambie y no se que hacer,miedo
que buen momento para estar feliz de verdad,feliz
en serio me paralizo cuando tengo que decidir y me afecta mucho,miedo
en serio lei el mensaje mal y arruine todo y no es facil admitirlo,triste
no te miento me tiene muy bajoneado lo que paso y no se que hacer,triste
me siento orgulloso en este momento,feliz
tengo que madrugar,triste
mi familia estuvo muy unida hoy y no puedo evitarlo,feliz
me salio el cupo en el sena y ya,feliz
te cuento que me sorprendieron hoy y no lo puedo ocultar,feliz
en serio me escribio la persona que me gusta y me tiene mal,feliz
hoy se fue mi gato hoy y ya,triste
fijate que tengo miedo de que todo cambie la verdad,miedo
mira me graduo el sabado en el paraninfo y ya,feliz
la verdad me siento solo aunque este rodeado de gente y no es facil,triste
me asusta mucho lo que esta pasando en el barrio hermano,miedo
la verdad me contactaron por mi trabajo y quede feliz y no se que hacer,feliz
mira la vida esta siendo buena conmigo y necesito que alguien me entienda,feliz
mira lo que paso me invitaron a participar en un proyecto,feliz
hoy me piden experiencia para un trabajo de principiante,enojo
me tiene muy triste esta vuelta y me cuesta mucho,triste
es que estoy muy cansado de lucharla solo y no se que hacer,triste
la verdad me llamaron de un numero desconocido y me afecta,miedo
sinceramente ya no hablo con alguien que queria mucho,triste
me canse de pedir lo mismo sin resultado,enojo
ultimamente cambiaron las reglas sin avisarme y no puedo evitarlo,enojo
realmente me encanta este momento por todo lo que paso,feliz
te cuento que me hicieron fila tres horas y no me atendieron pero bueno,enojo
ahora mismo termine todo lo que tenia pendiente de verdad,feliz
vieja estoy muy molesto con lo que hicieron parce,enojo
es que me salio la receta que estaba intentando y no puedo evitarlo,feliz
estoy muy apenado con lo que resulto y no se como seguir,triste
oye me costo mucho levantarme hoy y necesito que alguien me entienda,triste
no te miento me trataron como si no existiera de verdad,enojo
la verdad no se para donde voy y eso me asusta y me pone triste,triste
ahora mismo todo me da miedo por todo lo que paso,miedo
fijate que me ignoraron completamente pero no digo nada,enojo
la verdad me fue de maravilla en la entrevista,feliz
hoy estoy muy emocionado desde hace dias,feliz
en serio tengo miedo de que me cancelen por algo que dije y no es facil,miedo
en serio siento un vacio enorme dentro de mi y no se como seguir,triste
me echaron la culpa de algo que hizo otro pero bueno,enojo
parce me trataron como si yo fuera el problema la verdad,enojo
es que me puse muy feliz con eso parce,feliz
te cuento que hoy amaneci con toda la actitud la verdad,feliz
te cuento que ya nada es igual pero bueno,triste
oye me saca de quicio esa actitud y ya me canse,enojo
en serio tengo miedo de llegar a cierta edad sin haber logrado nada men,miedo
me ignoraron durante horas y ya,enojo
ultimamente estoy emocionado y eso me alegra,feliz
sinceramente me siento increible con todo lo que paso,feliz
men no me toman en serio por mi edad,enojo
sinceramente todo esta empeorando,triste
la verdad me da pena hablar en publico y manana me toca y nadie lo sabe,miedo
sinceramente no se si voy a poder sostenerme solo y nadie lo entiende,miedo
la verdad es que no se si actue bien y eso no me deja tranquilo y no se que hacer,miedo
en serio me siento muy bien con mi proceso de verdad,feliz
fijate que no me puedo sacar esta sensacion de encima pero bueno,miedo
definitivamente hoy fue maravilloso ultimamente,feliz
mira me dicen que exagero cuando digo como me siento y me afecta,enojo
de verdad estoy muy apenado por todo lo que perdí,triste
sinceramente me tiene muy irritado todo esto hermano,enojo
hoy me siento lleno de energia por todo lo que paso,feliz
sabes que que suerte tan grande la mia,feliz
realmente me duele mucho esto ultimamente,triste
mira lo que paso aprobe la materia que tenia perdida y me pesa cargarlo solo,feliz
la verdad no se que quiero hacer con mi vida,miedo
no se siento que todos avanzan menos yo y no se que hacer,triste
para serte honesto ya no esta la persona que queria y me tiene mal,triste
ya les dije mil veces y no cambia nada sinceramente,enojo
en serio no se si estoy listo para esto otra vez,miedo
hoy estoy emocionalmente agotado pero no digo nada,triste
oye si esto no funciona no se que voy a hacer y ya,miedo
te cuento que me tocó madrugar y no dormí nada y encima salio mal y no se que hacer,triste
la verdad estoy agotado emocionalmente ultimamente,triste
ultimamente me pone ansioso salir de casa y ya,miedo
me siento motivado todo el tiempo,feliz
me tiene muy irritado todo esto y me cuesta mucho,enojo
definitivamente me siento motivado ultimamente,feliz
fijate que me dejo mi novia y estoy muy bajoneado y me cuesta mucho,triste
mira lo que paso me interrumpieron cada vez que hable y trato de disimularlo,enojo
me di cuenta que no me invitaron a la reunion pero ya no puedo mas,triste
vieja me prometieron el trabajo y al final le dieron a otro parce,enojo
sinceramente tengo panico de decir algo y que lo malinterpreten y trato de disimularlo,miedo
es que no pude ir a la graduacion de verdad,triste
oye no voy a seguir aguantando esto y no lo voy a tolerar,enojo
ahora mismo todo me afecta demasiado todo el tiempo,triste
ahora mismo se burlaron de algo que me costo decir y no puedo evitarlo,enojo
fijate que no me merecia este trato todo el tiempo,enojo
ahora mismo me siento lleno de energia desde hace dias,feliz
que buen momento para estar feliz y estoy muy contento,feliz
no te miento pase el dia en cama y no puedo evitarlo,triste
la verdad estoy muy ilusionado con lo que viene otra vez,feliz
te digo que me duele mucho esta situacion,triste
estoy muy triste con el resultado y quisiera que no fuera así,triste
te cuento que todo esta mal organizado otra vez,enojo
es que no tengo con quien hablar,triste
en serio me siento muy bien con lo que hice,feliz
para serte honesto el profesor me humillo frente a todos y quisiera que alguien me ayudara,triste
esto me parece una falta de respeto total y necesito que alguien me entienda,enojo
mira me siento realizado y no lo puedo ocultar,feliz
en este momento tengo mucho miedo por todo lo que pasa,miedo
me pidieron que fuera a recursos humanos,miedo
hermano me siento re bien parce la verdad,feliz
no te miento me preocupa tanto que no puedo dormir y eso me pesa,miedo
oye no pude ir a la graduacion la verdad,triste
todo lo que construi se cayo de verdad,triste
ahora mismo estoy muy enojado por todo lo que paso,enojo
oye no se como decirlo sin que se enojen y me tiene agotado,miedo
la verdad me da pena que se den cuenta que no entendi y no se que hacer,miedo
mira me aprobo el credito el banco y nadie lo sabe,feliz
hoy estoy muy emocionado y no se que hacer,feliz
hermano me ignoraron cuando tenia toda la razon y ya,enojo
oye me salio todo bien y no me lo esperaba,feliz
es que usaron mis ideas sin darme credito men,enojo
oye me siento muy lejos de ser feliz y me tiene mal,triste
hoy que noticia tan buena me dieron,feliz
sinceramente hicieron algo injusto y nadie dijo nada la verdad,enojo
en serio tengo miedo de decir algo fuera de lugar y no se que hacer,miedo
desde hace dias me da pavor equivocarme pero no digo nada,miedo
fijate que todo me genera ansiedad ultimamente y eso me pesa,miedo
no te miento me siento desconectado de todo y me tiene mal,triste
fijate que mi mejor amigo se fue para otro pais la verdad,triste
fijate que fuimos a la finca y fue muy bacano y no se que hacer,feliz
fijate que me hicieron firmar algo que no entendi,enojo
te digo que borre todas mis fotos porque no me gustaba nada la verdad,triste
bro me angustia saber que todo queda guardado en internet de verdad,miedo
mira estoy rodeado de gente y me siento solo otra vez,triste
sinceramente me cancelaron a ultimo momento y no lo puedo ocultar,enojo
mira no hubo trafico hoy y no lo puedo ocultar,feliz
ahora mismo por fin me contestaron pero necesitaba decirlo,feliz
te cuento que me dieron la beca y no se que hacer,feliz
en serio me tiene muy intranquilo todo esto y me tiene mal,miedo
no se si contarte pero mi grupo hizo el trabajo sin contar conmigo pero ya no puedo mas,triste
te cuento que llegue y me dijeron que no habia cupo y me tiene mal,enojo
la verdad es que me siento muy triste y desolado,triste
la verdad es que siento que no le importo a nadie de verdad y no se que hacer,triste
no se si contarte pero me cambiaron el trabajo sin consultarme y no puedo evitarlo,enojo
ahora mismo me siento vacio y no se que hacer,triste
te digo que me tiene muy cansado esa actitud,enojo
es que me graduo este mes y ya,feliz
la verdad me embargaron la cuenta y no entiendo por que parce,miedo
me prometieron el trabajo y al final le dieron a otro y nadie lo sabe,enojo
men tengo panico de fallar cuando todos confian en mi men,miedo
fijate que siento que el miedo no me deja avanzar y no lo puedo ocultar,miedo
ahora mismo me paralizo cuando tengo que decidir y no lo puedo ocultar,miedo
estoy muy angustiado con todo esto,miedo
hoy tengo ansiedad de aparecer en camara y no es facil,miedo
en este momento me siento inseguro por todo lo que paso,miedo
tengo un presentimiento muy malo y no se que hacer,miedo
sinceramente publicaron algo mio sin pedirme permiso pero necesitaba decirlo,enojo
la verdad es que siento que todo se fue y no volvera y no se como seguir,triste
mira lo que paso me corrigieron el tono sin escuchar lo que dije y no se que hacer,enojo
no se si contarte pero me asusta que piensen que soy raro y no puedo evitarlo,miedo
en serio hoy fue un parche buenisimo de verdad,feliz
mira el medico me dijo que necesita hablar conmigo la verdad,miedo
en serio me alegra que todo haya salido bien y no lo puedo creer,feliz
ahora mismo me tratan diferente y no entienden por que me molesta y me tiene agotado,enojo
lo que pasa es que no quiero mandar el audio por miedo a como sueno sinceramente,miedo
realmente me siento vacio esta semana,triste
ahora mismo tengo miedo de que sea algo grave y me afecta mucho,miedo
en serio me fue bien en el icfes y no puedo evitarlo,feliz
hoy me di cuenta que avance mucho y me afecta,feliz
en este momento no aguanto mas por todo lo que paso,enojo
me enfurece que actuen asi pero no digo nada,enojo
lo que pasa es que me tiene indignado lo que paso y no lo entiendo,enojo
no me toman en serio por mi edad y no es facil,enojo
hoy logre terminar algo que habia dejado pendiente y me afecta mucho,feliz
me siento muy solo en este momento de verdad,triste
ahora mismo tengo miedo de fallar desde hace dias,miedo
mira no tolero mas esta situacion en serio,enojo
estoy apostando todo a esto y ya,miedo
ahora mismo me paralizo cuando tengo que decidir y me tiene mal,miedo
mira cumpli mi meta del año la verdad,feliz
me da panico enviar ese mensaje y quedar mal,miedo
es que siento una preocupacion enorme ahora,miedo
es que me dicen que exagero cuando digo como me siento y me cuesta aceptarlo,enojo
la verdad me cobraron de mas sin avisar y me afecta mucho,enojo
te juro que me da ansiedad cuando hay silencio en la conversacion y eso me tiene mal,miedo
fijate que ya no somos lo que eramos y eso me entristece la verdad,triste
desde ayer me siento tranquilo y feliz otra vez,feliz
me salio el primer cliente y nadie lo entiende,feliz
es que me siento muy perdido con mi vida bro,triste
siento que perdi algo muy importante y no se como seguir,triste
es que me usaron cuando les convenia y despues nada y ya,enojo
en este momento esto arruino mi dia y no se que hacer,enojo
es que me cuesta aceptar que eso ya termino pero bueno,triste
en serio tuve que repetir lo mismo mil veces y no se que hacer,enojo
te digo que siento una preocupacion enorme ahora y me tiene muy nervioso,miedo
me ignoró cuando le dije cómo me sentía,enojo
es que me reconocieron el esfuerzo en el trabajo sinceramente,feliz
ultimamente me di cuenta que no me invitaron a la reunion,triste
hoy todo fluyo bien y ya,feliz
ultimamente siento que no tengo control de nada y es agotador,miedo
me siento orgulloso,feliz
mira lo que paso me cambiaron el trabajo sin consultarme y no se que hacer,enojo
me da pena decirlo pero me da ansiedad cuando hay silencio en la conversacion,miedo
fijate que me embargaron la cuenta y no entiendo por que y eso me duele,miedo
es que hoy descanse muy bien y necesito que alguien me entienda,feliz
ultimamente me dicen que me esfuerce mas cuando ya doy todo la verdad,enojo
tengo ansiedad por mañana,miedo
es que ya no somos lo que eramos y eso me entristece la verdad,triste
en serio quede muy contento con el resultado y nadie lo sabe,feliz
lo que pasa es que alguien me entendio sin que yo explicara mucho,feliz
parce me pusieron a hacer el trabajo de todos de verdad,enojo
en serio tengo miedo de decepcionar a todos y me tiene mal,miedo
te digo que me siento muy bien en este momento y es lo mejor que me paso,feliz
te digo que tengo panico de que algo que dije llegue a las manos equivocadas y ya,miedo
fijate que quede encantado con como salio todo,feliz
no puedo evitar que siento una angustia que me paraliza,miedo
lo que pasa es que tengo los mejores amigos y eso me pesa,feliz
en este momento estoy pasando un gran momento ultimamente,feliz
hoy no tengo ganas de nada desde hace dias,triste
fijate que siento que perdi una etapa de mi vida y no puedo evitarlo,triste
siento una soledad enorme que me pesa de verdad,triste
hoy me invitaron a participar en algo importante la verdad,feliz
me da pena decirlo pero me mandaron buenas noticias por whatsapp y me cuesta mucho,feliz
mi abuelo ya no esta y me tiene mal,triste
lo que es cierto es que que suerte tan grande la mia y estoy muy contento,feliz
parce estoy muy bravo con lo que paso y no se que hacer,enojo
la verdad es que me corrigieron el tono sin escuchar lo que dije pero ya no puedo mas,enojo
es que me da mucho miedo lo que dijeron y eso me preocupa mucho,miedo
fijate que siento que algo se rompio dentro de mi y necesito que alguien me entienda,triste
honestamente estoy demasiado molesto y eso empeora todo,enojo
bro ya no quiero hablar de eso porque nadie entiende,triste
oye no entendi bien el tono y eso me tiene angustiado y no se como manejarlo,miedo
desde ayer me siento vacio desde hace dias,triste
no te miento me pusieron a hacer el trabajo de todos parce,enojo
hoy me faltaron el respeto y me afecta mucho,enojo
en serio siento una tristeza profunda que no pasa,triste
oye nada de lo que hago vale la pena,triste
en serio me da mucha pena decirle eso a la gente de verdad,miedo
mira consegui apartamento en arriendo bien precio parce,feliz
te cuento que mi familia esta pasando un momento muy dificil la verdad,triste
ahora mismo nadie noto que algo me pasaba y no se que hacer,triste
desde hace dias pude expresarme sin que me juzgaran y no se como manejarlo,feliz
es que me siento muy pleno con lo que estoy haciendo y nadie lo entiende,feliz
la verdad es que me entristece mucho esta situacion y no lo puedo superar,triste
sinceramente tengo miedo de que me alejen si se dan cuenta como soy y nadie lo entiende,miedo
la verdad me hicieron firmar algo que no entendi pero necesitaba decirlo,enojo
es que hicieron como si yo no existiera en la reunion y no se como manejarlo,enojo
realmente no se que va a pasar por todo lo que paso,miedo
ultimamente tengo ansiedad y eso me preocupa,miedo
me comi algo rico y me alegro el dia y nadie lo entiende,feliz
para serte honesto tengo miedo de que me rechacen si digo lo que pienso pero necesitaba decirlo,miedo
en serio que alegria tan grande la que siento en serio,feliz
en este momento tengo panico y no se que hacer,miedo
fijate que nadie entendio como me sentia y es agotador,triste
lo que pasa es que me entristece mucho lo que hiciste,triste
hoy me da ansiedad ver cuanta gente vio mi historia y no se que hacer,miedo
la verdad extraño mucho a las personas que ya no estan y no se que hacer,triste
fijate que me canse de pedir lo mismo sin resultado y no lo digo seguido,enojo
no te miento me tiene muy desanimado todo esto parce,triste
es que me llamaron para el trabajo en medellin y eso me duele,feliz
saque mi licencia de conducir sinceramente,feliz
me alegra ver que todo salio bien y estoy muy agradecido,feliz
te cuento que todo esta mal organizado pero no digo nada,enojo
desde ayer que problema tan absurdo esta semana,enojo
sinceramente estoy realmente indignado la verdad,enojo
es que hicimos una reunioncita y quedo muy buena,feliz
te cuento que hoy fue un dia muy chévere,feliz
me citaron a declarar y estoy muy nervioso parce,miedo
ahora mismo me da miedo pedir ayuda sinceramente,miedo
nada de lo que hago vale la pena de verdad,triste
no se si contarte pero me etiquetaron en algo que me alegro el dia y nadie lo entiende,feliz
sinceramente me indigna mucho tu comportamiento en serio,enojo
sinceramente tengo ansiedad ultimamente,miedo
oye me produce rabia pensar en lo que hiciste y ya me canse,enojo
la verdad es que tengo un presentimiento malo muy fuerte,miedo
ahora mismo tengo miedo de hablar en este momento,miedo
fijate que me ignoraron cuando tenia razon y no lo puedo ocultar,enojo
ahora mismo nada tiene sentido en este momento,triste
fijate que perdi algo muy importante y me afecta mucho,triste
definitivamente no soporto esta situacion y me afecta mucho,enojo
en serio termine todo lo que tenia pendiente y eso me tiene mal,feliz
mira me dejo mi novia y estoy muy bajoneado y me tiene mal,triste
realmente esto me molesta mucho y eso empeora todo,enojo
no puedo creer que me cansas con tanta excusa,enojo
en serio me hicieron esperar demasiado todo el tiempo,enojo
estoy muy asustado de perder lo que amo y no se que hacer,miedo
fijate que me prometieron que no volveria a pasar y me cuesta mucho,enojo
desde ayer esto arruino mi dia todo el tiempo,enojo
hoy perdi algo muy importante y me afecta mucho,triste
te digo que siento que todo se fue y no volvera,triste
hoy me siento destruido por todo lo que paso,triste
fijate que hoy hice algo que me daba mucho miedo y salio bien y no es facil,feliz
nadie noto que algo me pasaba y quisiera que alguien me ayudara,triste
ahora mismo abusaron de mi confianza y es agotador,enojo
te digo que siento que finjo estar bien tan seguido que ya ni se y me tiene pensando mucho,triste
ultimamente no es la primera vez y eso me tiene agotado y no es facil admitirlo,enojo
ultimamente me salio el primer cliente pero bueno,feliz
fijate que me llamaron de la empresa y no dijeron para que y ya,miedo
me trataron muy mal sin razon y no puedo evitarlo,enojo
ahora mismo me salio rico lo que cocine y me afecta mucho,feliz
me bloquearon sin darme ninguna explicacion de verdad,enojo
te cuento que siento que la estoy embarrando en todo de verdad,triste
lo que pasa es que nadie noto que algo me pasaba y no lo digo seguido,triste
hoy me siento muy feliz y me afecta mucho,feliz
bro siento que estoy decepcionando a todos,triste
me subieron el sueldo y me cuesta mucho,feliz
me molesta tu actitud de siempre y me parece muy mal,enojo
ahora mismo me siento decepcionado en este momento,triste
realmente todo salio perfecto esta semana,feliz
realmente todo salio mal ultimamente,triste
sinceramente me siento inseguro desde hace dias,miedo
desde hace dias me mandaron un audio muy lindo y no puedo evitarlo,feliz
en este momento ya no quiero hablar esta semana,triste
sinceramente no tengo ganas de nada desde hace dias,triste
hoy usaron lo que les conte en mi contra y me pesa cargarlo solo,enojo
en este momento estoy realmente frustrado,enojo
me eliminó de sus contactos sin decir nada y quisiera que alguien me ayudara,triste
es que me fue bien en el icfes,feliz
realmente me siento orgulloso otra vez,feliz
lo que pasa es que no entiendo nada y me da verguenza preguntar,triste
en serio que descaro tan grande el de esa gente la verdad,enojo
te cuento que no me dejaron hablar y no puedo evitarlo,enojo
es que cambiaron las reglas sin avisarme y no puedo evitarlo,enojo
en serio me faltaron el respeto y me tiene mal,enojo
la verdad no se que quiero hacer con mi vida men,miedo
lo que es cierto es que que buena noticia para terminar el dia,feliz
sinceramente me preocupa tanto que no puedo dormir y me afecta mucho,miedo
me duele mucho haber fallado en eso y me duele mucho,triste
sinceramente me siento muy pleno con lo que estoy haciendo y ya,feliz
ultimamente desactive mis redes porque me hacian sentir mal pero bueno,triste
hoy me pone muy nervioso tener que dar explicaciones y no puedo evitarlo,miedo
me siento muy solo y abandonado,triste
no te miento me da mucho miedo entrar al salon y que todos me miren y quisiera que alguien me ayudara,miedo
parce me fue de maravilla en la entrevista y ya,feliz
mira mi familia esta pasando un momento muy dificil,triste
la verdad es que estoy muy triste con lo que me conto y me duele mucho,triste
siento una pena enorme que no pasa y no se como seguir,triste
te cuento que me dejaron plantado y ni se disculparon y ya,enojo
te juro que no es la primera vez y eso me tiene agotado y eso me tiene mal,enojo
es que me dieron acceso a la oportunidad que queria,feliz
ahora mismo alguien me entendio sin que yo explicara mucho y eso me tiene mal,feliz
sabes que me da mucha alegria saber eso,feliz
hoy todo esta fluyendo muy bien ultimamente y no se que hacer,feliz
ultimamente tengo miedo de que mi respuesta suene agresiva y no lo digo seguido,miedo
hoy que problema tan absurdo y no se que hacer,enojo
que situacion tan frustrante esta,enojo
lo que pasa es que siento que el miedo no me deja avanzar y me afecta mucho,miedo
quedamos de una con el plan y no es facil,feliz
vieja me sacaron de la jugada sin ninguna explicacion y no puedo evitarlo,enojo
definitivamente estoy muy enojado de verdad,enojo
estoy que no me la creo,feliz
en serio nada de lo que hago vale la pena la verdad,triste
fijate que me preocupa tanto que no puedo dormir y no puedo evitarlo,miedo
no se ya no aguanto mas esa situacion,enojo
es que nos separamos despues de mucho tiempo y ya,triste
hoy me interrumpieron todo el tiempo y necesito que alguien me entienda,enojo
de verdad me indigna tu forma de actuar en serio,enojo
te digo que vi las historias de todos y me senti muy mal y no se que hacer,triste
me alegra mucho saber eso de verdad,feliz
me graduo este sabado de verdad,feliz
es que nadie me escucha pero no digo nada,triste
me embargaron la cuenta y no entiendo por que la verdad,miedo
en serio estoy muy triste con la situacion actual de verdad,triste
la verdad es que estoy muy apagado y sin motivacion y me duele mucho,triste
me hicieron sentir mal por preguntar pero necesitaba decirlo,enojo
estoy con el animo muy por el piso y no es facil,triste
hoy estoy demasiado cansado y me duele mucho,triste
hoy todo esta mal organizado y es agotador,enojo
en serio no puedo creer que hayas hecho eso y punto,enojo
hermano estoy muy cansado de lucharla solo de verdad,triste
sinceramente me quitaron el like y eso me bajo el animo y no se que hacer,triste
llegue a los seguidores que queria bro,feliz
que buena suerte la mia hoy,feliz
es que tengo miedo de que todo cambie y necesito que alguien me entienda,miedo
mira me gane una chamba buenisima la verdad,feliz
sinceramente se aprovecharon de que no sabia la verdad,enojo
te cuento que nos separamos despues de mucho tiempo y me afecta,triste
me decepciono mucho lo que hiciste sin excusas,enojo
te digo que siento que perdi algo muy importante y me duele mucho,triste
la verdad es que tengo miedo de que mi respuesta suene agresiva y trato de disimularlo,miedo
no se tengo panico de fallar cuando todos confian en mi pero bueno,miedo
desde ayer quiero estar solo esta semana,triste
en serio extraño como eran las cosas antes y no se que hacer,triste
en serio encontre lo que buscaba y ya,feliz
la verdad me duele el alma y eso me pesa,triste
sinceramente me mintieron descaradamente en la cara y no puedo evitarlo,enojo
desde hace dias abusaron de mi confianza y eso me pesa,enojo
me siento increiblemente bien,feliz
te cuento que me pidieron que fuera a una reunion sin decirme de que y nadie lo sabe,miedo
ahora mismo quiero estar solo todo el tiempo,triste
sinceramente me asusta mucho la situacion actual,miedo
lo que pasa es que ya les dije mil veces y no cambia nada y no se como manejarlo,enojo
para serte honesto me echaron la culpa de lo que salio mal y no se como manejarlo,enojo
ayer se murio mi perro esta mañana y ya,triste
ultimamente estoy agradecido por todo,feliz
ya me colmaste la paciencia sin excusas,enojo
no puedo creer que no puedo mas con esta situacion y eso no esta bien,enojo
oye me hicieron una videollamada sorpresa y me pesa cargarlo solo,feliz
te cuento que me costo mucho levantarme hoy,triste
en este momento todo salio perfecto en este momento,feliz
ahora mismo me siento destruido por todo lo que paso,triste
ahora mismo me fue bien en la sustentacion de verdad,feliz
logre ahorrar lo que necesitaba y nadie lo sabe,feliz
definitivamente tengo ansiedad por lo que viene esta semana,miedo
estoy muy nervioso con esa vuelta,miedo
ya me canse de esto ultimamente,enojo
sabes que que dia tan especial fue hoy sin duda,feliz
oye usaron mis ideas sin darme credito y no se que hacer,enojo
estoy muy asustado con la situacion,miedo
estoy en el mejor momento de mi vida y no lo puedo creer,feliz
en serio no me merecia este trato y me afecta mucho,enojo
la verdad es que no se que va a pasar y me aterra,miedo
me da una bronca tremenda y ya me canse,enojo
mira siento que las cosas mejoran y es agotador,feliz
sinceramente eres la persona mas egoista que conozco,enojo
mira no puedo creer lo que hiciste en serio,enojo
no te miento estrene mi apartamento pero bueno,feliz
mira me da miedo que graben algo mio sin permiso,miedo
la verdad es que que buen resultado tuvimos hoy en serio,feliz
mira lo que paso tengo miedo de caerle mal sin querer de verdad,miedo
no puedo creer tanta irresponsabilidad y no lo voy a tolerar,enojo
me da pena que se den cuenta que no entendi,miedo
mira mi abuela ya no esta,triste
fijate que me siento muy bien con mi proceso,feliz
me interrumpieron todo el tiempo y no se que hacer,enojo
me da pena decirlo pero me canse de pedir lo mismo sin resultado y no puedo evitarlo,enojo
en este momento tengo miedo de fallar,miedo
hoy me siento desconectado de todo y es agotador,triste
ahora mismo me sacaron la paciencia ultimamente,enojo
hoy mi familia se fue a vivir lejos y me siento solo,triste
te juro que estoy furioso contigo,enojo
es que mi familia se fue a vivir lejos y me siento solo y no puedo evitarlo,triste
ahora mismo me reconocieron el esfuerzo en el trabajo y no se que hacer,feliz
me pone muy ansioso pensar en eso y nadie lo sabe,miedo
en serio me da miedo pedir ayuda todo el tiempo,miedo
hoy me di cuenta de que esperaba algo que no va a pasar,triste
ultimamente esto arruino mi dia y no se que hacer,enojo
para serte honesto me enfurece que actuen asi todo el tiempo,enojo
te digo que me pagan mal y me exigen demasiado,enojo
definitivamente que problema tan absurdo todo el tiempo,enojo
sinceramente me preocupa demasiado esto ultimamente,miedo
la verdad me siento muy agradecido con la vida hoy,feliz
me fue de maravilla en la entrevista la verdad,feliz
todo me genera ansiedad ultimamente y es agotador,miedo
mi mejor amigo se fue para otro pais y eso me duele,triste
me escribieron para disculparse y me alegro de verdad,feliz
la verdad es que me asusta que piensen que soy raro y no lo digo seguido,miedo
la verdad siento que no tengo proposito y no se que hacer,triste
es que me piden experiencia para un trabajo de principiante y no es facil,enojo
ultimamente me ignoraron cuando tenia razon y me tiene mal,enojo
en serio me ignoraron cuando tenia razon todo el tiempo,enojo
definitivamente me siento horrible hoy por todo lo que paso,triste
hoy me citaron para hablar y no se de que,miedo
desde ayer tengo ansiedad ultimamente,miedo
es que me tiene muy triste esta vuelta,triste
lo que pasa es que me da mucho miedo entrar al salon y que todos me miren y no es facil admitirlo,miedo
mira estoy muy mamado de todo y ya,triste
la verdad perdi el trabajo y estoy mal,triste
realmente todo me afecta demasiado todo el tiempo,triste
te juro que me comparan con otros y eso me molesta mucho y nadie lo entiende,enojo
sinceramente estoy muy emocionado esta semana,feliz
es que me citaron para hablar y no se de que de verdad,miedo
hoy me pone feliz ver tu progreso,feliz
te cuento que termino mi carrera y no se que hacer,feliz
lo que pasa es que me ignoraron cuando tenia razon y no puedo evitarlo,enojo
en serio capturaron una conversacion privada y la compartieron y nadie lo entiende,enojo
sinceramente eres completamente irresponsable de verdad,enojo
no se siento que estoy decepcionando a todos,triste
te digo que estoy muy asustado con lo que dijiste,miedo
en serio me tiene muy bravo la falta de respeto,enojo
la verdad tuve que repetir lo mismo mil veces la verdad,enojo
estoy muy agradecido por todo en serio,feliz
en este momento estoy muy preocupado y no se que hacer,miedo
sinceramente abusaron de mi confianza y no puedo evitarlo,enojo
la verdad me tiene muy irritado todo esto,enojo
mira lo que paso cargue con toda la responsabilidad del grupo y no puedo evitarlo,enojo
hoy no se como decirlo sin que se enojen sinceramente,miedo
oye me mintieron en mi cara y no puedo evitarlo,enojo
hermano tengo miedo de embarrarla con esa decision parce,miedo
realmente me preocupa el futuro ultimamente,miedo
es que me cayo del cielo esa noticia la verdad,feliz
la verdad es que me mandaron un audio muy lindo pero necesitaba decirlo,feliz
no se vi que me sacaron de un grupo y no dije nada y ya,triste
es que tengo temor de que todo salga mal y me tiene muy nervioso,miedo
oye eso que hiciste estuvo muy feo y no lo voy a tolerar,enojo
me tienen harto con esto en este momento,enojo
definitivamente me hicieron perder el tiempo en este momento,enojo
hermano por fin me salio el pasaporte,feliz
algo me dice que las cosas van a cambiar mal y me afecta,miedo
fijate que se burlaron de algo que me costo decir sinceramente,enojo
hoy me tiene muy preocupado lo que esta pasando de verdad,miedo
me paraliza no saber cual es el camino correcto y nadie lo entiende,miedo
vi algo que me dejo muy intranquilo de verdad,miedo
oye me tiene completamente harto y eso me pesa,enojo
parce me tiene muy triste esta vuelta hermano,triste
parce me dieron la beca de la universidad publica y me cuesta mucho,feliz
mira que estupidez lo que hiciste,enojo
ultimamente me da ansiedad cuando hay silencio en la conversacion y eso me tiene mal,miedo
la verdad me case hoy y ya,feliz
para serte honesto estoy rodeado de gente y me siento solo y eso me pesa,triste
desde hace dias por fin termine el proyecto pero no digo nada,feliz
ahora mismo estoy muy contento y eso me alegra,feliz
desde hace dias me copiaron el trabajo y lo publicaron como propio y nadie lo entiende,enojo
para serte honesto me dejaron hacer todo el trabajo solo y eso me pesa,enojo
es que estoy rodeado de gente y me siento solo y necesito que alguien me entienda,triste
te digo que me da mucho temor el futuro cercano y no se que hacer,miedo
oye tengo panico de que me pregunten algo en clase la verdad,miedo
desde ayer tengo ansiedad otra vez,miedo
te cuento que me hicieron esperar demasiado de verdad,enojo
hizo exactamente lo que habíamos acordado no hacer,enojo
me entristece mucho esta situacion y no lo puedo superar,triste
no te miento hoy me senti comodo siendo yo mismo y me afecta mucho,feliz
sinceramente me escribieron solo para reclamarme,enojo
la verdad es que me siento muy bien con lo que hice,feliz
desde ayer me encanta este momento por todo lo que paso,feliz
de verdad estoy muy bajo de animo y sin ganas,triste
te digo que estoy muy contento y agradecido,feliz
en serio hoy fue un dia increible de verdad,feliz
ahora mismo esto arruino mi dia de verdad,enojo
fijate que me cambiaron las condiciones a ultimo momento de verdad,enojo
mira lo que paso me etiquetaron en algo que me alegro el dia,feliz
borre todas mis fotos porque no me gustaba nada y me afecta,triste
que dia tan especial fue hoy para mi,feliz
realmente estoy harto de todo en este momento,enojo
que problema tan absurdo y no se que hacer,enojo
hoy me preocupa demasiado esto esta semana,miedo
la verdad me cobraron de mas y no me quieren devolver sinceramente,enojo
en serio se rieron de como me exprese pero necesitaba decirlo,enojo
es que me tiene muy preocupado lo que esta pasando,miedo
lo que pasa es que encontre lo que buscaba,feliz
ahora mismo esto me molesta mucho y estoy cansado,enojo
mira lo que paso sonrei todo el tiempo pero por dentro lloraba y quisiera que alguien me ayudara,triste
oye me fui de la reunion antes porque no podia mas y no es facil admitirlo,triste
la verdad tengo miedo de decir algo y que lo malinterpreten la verdad,miedo
te cuento que compre mi primer carro y ya,feliz
te cuento que me da muy duro enfrentar esa conversacion,miedo
logre cerrar el trato que necesitaba y no es facil admitirlo,feliz
en serio me toca salir tarde y me da miedo en la calle y nadie lo sabe,miedo
sinceramente hoy descanse muy bien pero no digo nada,feliz
no te miento me da pena hablar en publico y manana me toca y nadie lo sabe,miedo
es que no alcance el cupo en la universidad publica y ya,triste
hermano aprobe todas las materias este semestre y eso me duele,feliz
hoy no tuve ganas de comer la verdad,triste
vieja me echaron la culpa de algo que hizo otro y no se que hacer,enojo
desde hace dias me interrumpieron cada vez que hable y no es facil admitirlo,enojo
la verdad me graduo el sabado en el paraninfo de verdad,feliz
ya no hablo con alguien que queria mucho sinceramente,triste
sinceramente me siento muy solo en esta ciudad pero bueno,triste
no te miento tengo miedo de que se den cuenta que no entiendo y trato de disimularlo,miedo
te cuento que me llamaron de un numero desconocido pero necesitaba decirlo,miedo
consegui apartamento en arriendo bien precio,feliz
te cuento que mañana es la presentacion y no estoy listo y estoy mal,miedo
lo que pasa es que me mandaron un audio muy lindo pero ya no puedo mas,feliz
de verdad me da alegria ver que todo funciona sin duda,feliz
hoy me siento muy contento con la vida,feliz
mira vi que me sacaron de un grupo y no dije nada la verdad,triste
en serio siento un vacio que no puedo llenar de verdad,triste
vieja estoy muy molesto con lo que hicieron y ya,enojo
lo que pasa es que estoy esperando una respuesta y me tiene nervioso y es agotador,miedo
lo que pasa es que estoy muy triste con lo que me paso y no lo puedo superar,triste
no te miento me llamaron de la empresa y no dijeron para que la verdad,miedo
parce me tiene muy cansado esta gente pero bueno,enojo
fijate que me dejaron plantado y ni se disculparon y eso me duele,enojo
no se me siento muy perdido con mi vida y me tiene pensando mucho,triste
hoy me pusieron obstaculos que no tenian sentido y ya,enojo
ahora mismo estoy pasando un gran momento en este momento,feliz
desde ayer estoy disfrutando mucho ultimamente,feliz
mira me da pena que se den cuenta que no entendi y ya,miedo
es que tengo un presentimiento muy malo y no puedo evitarlo,miedo
sinceramente estoy muy angustiado con las noticias de hoy,miedo
desde ayer estoy demasiado cansado desde hace dias,triste
ultimamente me siento destruido todo el tiempo,triste
te juro que no quiero mandar el audio por miedo a como sueno sinceramente,miedo
vieja me da mucha pena decirle eso a la gente parce,miedo
fijate que me dejaron plantado y ni se disculparon y nadie lo sabe,enojo
ultimamente ya no aguanto mas desde hace dias,enojo
vieja me tiene muy enojado esa situacion y no se que hacer,enojo
te cuento que me echaron sin explicacion y me tiene mal,triste
para serte honesto me tiene completamente harto sinceramente,enojo
estoy muy apesadumbrado con las noticias,triste
fijate que me siento muy achantado hoy pero bueno,triste
parce estoy muy asustado con lo que puede pasar y no puedo evitarlo,miedo
la verdad me ignoraron completamente y no puedo evitarlo,enojo
no te miento me dejaron solo en esto y no puedo evitarlo,triste
de verdad siento que el tiempo no cura esto y no se como seguir,triste
no se si contarte pero tengo panico de no saber como actuar en esa situacion,miedo
tengo que madrugar y ya,triste
siento demasiado temor todo el tiempo,miedo
no puedo evitar que siento una preocupacion muy grande y no puedo calmarlo,miedo
te digo que estoy muy contento con los avances en serio,feliz
hoy estoy muy contento con el resultado y estoy muy contento,feliz
no te miento aprobe el examen sinceramente,feliz
es que mi familia esta pasando un momento muy dificil y no puedo evitarlo,triste
hoy estoy muy emocionado con lo que viene y no lo puedo creer,feliz
siento que nadie me toma en serio y eso me tiene mal,enojo
eso me pone muy furioso parce y me cuesta mucho,enojo
las cosas ya no son como antes,triste
te digo que me da mucho miedo no estar listo y no puedo calmarlo,miedo
la verdad esto es injusto por todo lo que paso,enojo
no te miento siento que algo se rompio dentro de mi pero no digo nada,triste
te cuento que me pone muy nervioso tener que dar explicaciones y ya,miedo
es que me da miedo no poder controlarlo y no se que hacer,miedo
estoy muy asustado de tomar esa decision y eso me preocupa mucho,miedo
es que me siento muy pleno con lo que estoy haciendo,feliz
ahora mismo ya no tengo ganas desde hace dias,triste
te cuento que tengo miedo de que todo cambie la verdad,miedo
desde ayer me siento nervioso por todo lo que paso,miedo
oye me perdi un momento importante,triste
en serio me hicieron esperar demasiado y necesito que alguien me entienda,enojo
sinceramente logre lo que queria otra vez,feliz
te cuento que me tiene muy desanimado todo esto parce,triste
es que me trataron diferente a los demas la verdad,enojo
ultimamente alguien me entendio sin que yo explicara mucho y no se como manejarlo,feliz
es que quede encantado con como salio todo y no puedo evitarlo,feliz
la verdad es que tengo mucho miedo de lo desconocido y eso me preocupa mucho,miedo
para serte honesto me subieron el sueldo y no se que hacer,feliz
en serio el profesor me humillo frente a todos y me afecta mucho,triste
definitivamente estoy pasando un gran momento por todo lo que paso,feliz
hoy estoy lleno de energia y alegria y no lo puedo creer,feliz
desde hace dias me interrumpieron cada vez que hable y no lo digo seguido,enojo
para serte honesto pude decir lo que sentia sin miedo y eso me tiene mal,feliz
me preocupa tanto que no puedo dormir y me tiene mal,miedo
no te miento siento que el miedo no me deja avanzar y no se que hacer,miedo
en serio no voy a seguir tolerando esto de verdad,enojo
la verdad es que me reconocieron el esfuerzo en el trabajo y trato de disimularlo,feliz
te cuento que me siento completo y ya,feliz
mira me paralizo cuando tengo que decidir y me tiene mal,miedo
definitivamente tengo ansiedad,miedo
la verdad es que alguien noto que estaba bien y me lo dijo y me pesa cargarlo solo,feliz
me da mucho miedo lo que dijeron de verdad,miedo
sinceramente se fue mi perro hoy,triste
lo que pasa es que me invitaron a participar en un proyecto y me cuesta mucho,feliz
te cuento que nos separamos despues de mucho tiempo y me tiene mal,triste
siento el alma muy pesada hoy y no se como seguir,triste
sinceramente me bloqueo sin darme una explicacion y me cuesta mucho,triste
es que tengo panico de que me pregunten algo en clase y nadie lo sabe,miedo
sinceramente me pusieron el visto y luego respondieron bien pero ya no puedo mas,feliz
lo que es cierto es que que buena racha estoy teniendo y es lo mejor que me paso,feliz
es que todo el mundo sigue y yo estoy quieto pero necesitaba decirlo,triste
mira lo que paso aprobe la materia que tenia perdida y me cuesta mucho,feliz
no se si contarte pero me copiaron el trabajo y lo publicaron como propio y eso me tiene mal,enojo
ultimamente nadie entendio como me sentia de verdad,triste
en serio siento que si me equivoco no hay vuelta atras y no puedo evitarlo,miedo
vieja me tiene muy bajoneado lo que paso de verdad,triste
en este momento todo salio mal y no se que hacer,triste
ahora mismo me siento orgulloso esta semana,feliz
men me comi algo rico y me alegro el dia,feliz
es que pague y no me dieron lo que ofrecieron pero necesitaba decirlo,enojo
te cuento que me ignoraron cuando tenia razon todo el tiempo,enojo
no se si contarte pero me preocupa haber dicho algo sin darme cuenta y me pesa cargarlo solo,miedo
no te miento nadie entendio como me sentia pero no digo nada,triste
para serte honesto me ofrecieron un mejor cargo pero ya no puedo mas,feliz
fijate que me dejo mi novio y estoy muy mal la verdad,triste
no se si contarte pero se burlaron de algo que me costo decir y eso me tiene mal,enojo
la verdad es que tengo mucho temor de lo que viene y me tiene muy nervioso,miedo
ahora mismo me escribieron solo para reclamarme y me afecta mucho,enojo
la verdad termine de pagar mi deuda,feliz
ultimamente me siento excelente y eso me alegra,feliz
ahora mismo tengo miedo de hablar,miedo
me salio la receta que estaba intentando y me tiene pensando mucho,feliz
no te miento me usaron y despues me ignoraron y eso me pesa,enojo
es que estoy con una nota hoy pero bueno,feliz
parce me faltaron el respeto delante de todos y me tiene mal,enojo
ahora mismo estoy muy contento hoy,feliz
la verdad es que estoy muy decaido y no quiero hablar de verdad,triste
te cuento que me hicieron fila tres horas y no me atendieron,enojo
hoy no soporto esta situacion todo el tiempo,enojo
la verdad me tiene muy irritado todo esto y no es facil,enojo
la verdad hoy fue maravilloso otra vez,feliz
sabes que me alegra ver que todo salio bien de verdad,feliz
ahora mismo me tiene completamente harto y no se que hacer,enojo
mira lo que paso me dijeron que exageraba de verdad,enojo
la verdad es que que impotencia siento con todo esto y punto,enojo
parce me tiene muy intranquilo todo esto de verdad,miedo
sinceramente siento que a nadie le importo y ya,triste
me da pena decirlo pero no se si estan enojados conmigo o es mi imaginacion y me pesa cargarlo solo,miedo
la verdad estoy realmente frustrado en este momento,enojo
sinceramente logre ahorrar lo que necesitaba,feliz
la verdad me toco dejar los estudios por plata,triste
me frustra muchisimo esto y me parece muy mal,enojo
sinceramente prometieron y no cumplieron y necesito que alguien me entienda,enojo
la verdad estoy muy emocionado con lo que viene bro,feliz
no te miento me tiene muy cansado esta gente y ya,enojo
en este momento me siento excelente hoy esta semana,feliz
la verdad es que no puedo dejar de sentir miedo,miedo
para serte honesto no entiendo nada y me da verguenza preguntar,triste
para serte honesto me aceptaron en la universidad todo el tiempo,feliz
men estoy re contento con todo la verdad,feliz
fijate que me dejo en visto y no respondio y no es facil admitirlo,triste
desde ayer hoy fue un mal dia todo el tiempo,triste
ultimamente me etiquetaron en algo que me alegro el dia y no es facil admitirlo,feliz
me respondieron con mala cara sin razon,enojo
ahora mismo encontre lo que buscaba y ya,feliz
la verdad me siento furioso y no se que hacer,enojo
te cuento que se aprovecharon de que no sabia y me tiene mal,enojo
mira lo que paso no entendi el tono del mensaje y me confundi y me tiene agotado,triste
te digo que siento que ya no tengo fuerzas para nada de verdad,triste
sinceramente tengo un mal presentimiento desde ayer,miedo
lo que pasa es que me echaron la culpa de algo que no hice y necesito que alguien me entienda,enojo
fijate que me siento muy lejos de ser feliz y no se que hacer,triste
estoy muy asustado de tomar esa decision y no se que hacer,miedo
sinceramente me dejo de seguir en redes sociales pero necesitaba decirlo,triste
fijate que me toco irme del barrio que queria y nadie lo sabe,triste
definitivamente siento mucha presion y me afecta mucho,miedo
no sé cómo va a reaccionar cuando se entere,miedo
la verdad mi familia esta bien y me afecta mucho,feliz
mi mejor amigo se fue a vivir lejos y nadie lo sabe,triste
me siento muy solo en esta ciudad y me tiene mal,triste
me siento vacio por todo lo que paso,triste
me siento muy agradecido con la vida hoy y no es facil,feliz
no se si contarte pero no quiero mandar el audio por miedo a como sueno y no se que hacer,miedo
es que no se si voy a poder con lo que viene de verdad,miedo
la verdad hoy descanse bien por primera vez en mucho tiempo y me afecta,feliz
definitivamente estoy demasiado preocupado y no se que hacer,miedo
fijate que tengo miedo de llegar a cierta edad sin haber logrado nada pero bueno,miedo
oye la incertidumbre me tiene paralizado y me afecta mucho,miedo
la verdad me sacaron la paciencia esta semana,enojo
hoy esto me molesta demasiado ultimamente,enojo
ahora mismo por fin termine el proyecto y es agotador,feliz
vieja tengo un mal presentimiento con eso y ya,miedo
en serio me siento muy bien en este momento sin duda,feliz
sinceramente siento una tristeza que no me abandona y no lo puedo superar,triste
la verdad todo cambio de golpe y no puedo evitarlo,triste
ultimamente me ignoraron completamente y necesito que alguien me entienda,enojo
para serte honesto me da ansiedad abrir ese chat y me tiene agotado,miedo
en serio aprobe la materia que tenia perdida y nadie lo entiende,feliz
oye siento que las cosas mejoran y no lo puedo ocultar,feliz
no te miento me siento en paz y es agotador,feliz
la verdad no me dejaron hablar la verdad,enojo
me da pena decirlo pero tengo miedo de decir algo fuera de lugar y no es facil admitirlo,miedo
sinceramente me siento motivado ultimamente,feliz
me tiene angustiado no saber que va a pasar y me tiene mal,miedo
la verdad es que se burlaron de algo que me costo decir sinceramente,enojo
el médico dijo que quería revisarme otra vez para confirmar algo,miedo
hoy ya no quiero hablar esta semana,triste
me pusieron obstaculos que no tenian sentido y ya,enojo
te juro que hablaron de algo que yo no sabia y me senti excluido y no se que hacer,triste
todo me irrita,enojo
siento que si me equivoco no hay vuelta atras pero bueno,miedo
no te miento me costo mucho levantarme hoy y me tiene mal,triste
fijate que hoy fue mejor de lo que esperaba y me tiene mal,feliz
por fin me contestaron y no se que hacer,feliz
me siento muy lejos de ser feliz,triste
estoy muy contento con el resultado y es lo mejor que me paso,feliz
ahora mismo me trataron muy mal sin razon todo el tiempo,enojo
hoy me da mucha pena decirle eso a la gente pero bueno,miedo
fijate que tengo un mal presentimiento con eso la verdad,miedo
te cuento que me tocó pagar una multa que no era justa,enojo
es que me angustia no tener todo claro a mi edad men,miedo
hoy todo esta mal organizado y no puedo evitarlo,enojo
lo que es cierto es que me alegra que todo haya salido bien y es lo mejor que me paso,feliz
es que me regalaron algo que queria hace mucho y me afecta,feliz
en serio estoy muy triste con lo que paso y me duele mucho,triste
sinceramente me produce rabia pensar en lo que hiciste y ya me canse,enojo
desde hace dias nadie hace las cosas bien aqui y eso me pesa,enojo
mira termine de pagar mi deuda de verdad,feliz
oye me da terror enfrentar esto solo y no lo puedo ocultar,miedo
es que tengo temor de que todo cambie de golpe y no puedo calmarlo,miedo
te cuento que me encontre con un amigo que no veia hace tiempo la verdad,feliz
en serio que impotencia siento con todo esto sin excusas,enojo
es que me dieron la visa de verdad,feliz
hoy me echaron la culpa de lo que salio mal y no se que hacer,enojo
sinceramente termine la semana sin ningun problema sinceramente,feliz
siento una preocupacion enorme ahora y no se que hacer,miedo
me tiene muy angustiado esa situacion y me cuesta mucho,miedo
en serio no puedo creer lo que hicieron de verdad,enojo
se aprovecharon de la buena fe mia parce,enojo
me tienes harto de verdad y punto,enojo
en serio me dejo en visto y no respondio y no puedo evitarlo,triste
me hicieron sentir especial y no se que hacer,feliz
ahora mismo me faltaron el respeto la verdad,enojo
siento que todos avanzan menos yo y me tiene pensando mucho,triste
en serio que bonito dia fue este para todos y estoy muy agradecido,feliz
te digo que estoy muy emocionado con lo que viene men,feliz
siento que todo se fue y no volvera y quisiera que no fuera así,triste
me tiene muy angustiado esa situacion y nadie lo sabe,miedo
estoy muy ido hoy no se que me pasa pero bueno,triste
fijate que me corrigieron el tono sin escuchar lo que dije y eso me tiene mal,enojo
en serio estoy muy agradecido por este momento y es lo mejor que me paso,feliz
estoy lleno de energia y alegria sin duda,feliz
te digo que siento una tristeza que me invade todo,triste
la verdad me llamaron de la empresa y no dijeron para que pero bueno,miedo
es que me molesta tu actitud de siempre sin excusas,enojo
desde hace dias estoy realmente indignado sinceramente,enojo
extraño como era todo antes pero necesitaba decirlo,triste
no se si contarte pero cargue con toda la responsabilidad del grupo pero ya no puedo mas,enojo
es que me faltaron el respeto delante de todos,enojo
no te miento siento que algo malo va a pasar todo el tiempo,miedo
ahora mismo pude decir lo que sentia sin miedo y me cuesta mucho,feliz
me pagan mal y me exigen demasiado y me tiene pensando mucho,enojo
sinceramente me tocó repetir el tramite porque perdieron mis papeles y no puedo evitarlo,enojo
es que me pelee con mi mejor amigo y me duele mucho y no puedo evitarlo,triste
fijate que mi familia esta bien otra vez,feliz
mira tengo miedo de que me cancelen por algo que dije y nadie lo entiende,miedo
no te miento me tiene muy irritado todo esto parce,enojo
te juro que me interrumpieron cada vez que hable y no es facil admitirlo,enojo
desde hace dias tengo miedo de caerle mal sin querer y no puedo evitarlo,miedo
la verdad es que me alegra mucho tu compania,feliz
hoy me tiene muy desanimado todo esto pero bueno,triste
definitivamente estoy agotado emocionalmente ultimamente,triste
sinceramente me borraron un comentario que tenia toda la razon la verdad,enojo
mira estoy esperando una respuesta y me tiene nervioso y necesito que alguien me entienda,miedo
me hicieron perder el tiempo otra vez,enojo
no se me exigen resultados sin darme las herramientas y me tiene pensando mucho,enojo
que dia tan maravilloso fue hoy sin duda,feliz
te cuento que no voy a tolerar esto mas y no lo puedo ocultar,enojo
me da pena decirlo pero siento que nadie me toma en serio y no puedo evitarlo,enojo
desde ayer ya me canse de esto desde hace dias,enojo
la verdad es que me alegra muchisimo lo que paso y no lo puedo creer,feliz
en serio estoy muy feliz con los resultados en serio,feliz
la verdad estoy muy asustado con lo que puede pasar pero bueno,miedo
me hablaron como si fuera tonto,enojo
oye me siento solo aunque este rodeado de gente y no se que hacer,triste
llegue y me dijeron que no habia cupo pero bueno,enojo
es que todo esta mal organizado y me afecta mucho,enojo
ultimamente hoy el clima estuvo perfecto,feliz
oye me echaron sin explicacion,triste
en este momento me siento increible con todo lo que paso,feliz
desde hace dias me da ansiedad cuando hay silencio en la conversacion y me pesa cargarlo solo,miedo
es que me prometieron el trabajo y al final le dieron a otro parce,enojo
mira me cobraron de mas sin avisar y me tiene mal,enojo
mira publicaron algo mio sin pedirme permiso men,enojo
fijate que estoy muy emocionado con lo que viene y nadie lo entiende,feliz
en este momento me siento sin energia y me afecta mucho,triste
para serte honesto me preocupa tanto que no puedo dormir todo el tiempo,miedo
oye no voy a tolerar ese comportamiento,enojo
la verdad me duele el alma y no puedo evitarlo,triste
parce mi familia se fue a vivir lejos y me siento solo,triste
oye me mandaron un mensaje raro y no entiendo que quieren y nadie lo sabe,miedo
de verdad me siento muy agradecido con la vida en serio,feliz
vieja me tiene muy bajoneado lo que paso hermano,triste
no te miento me corrigieron el tono sin escuchar lo que dije sinceramente,enojo
no se si contarte pero entregue el proyecto a tiempo y no se como manejarlo,feliz
no se si contarte pero me fui de la reunion antes porque no podia mas y quisiera que alguien me ayudara,triste
no te miento estoy con el animo muy por el piso pero bueno,triste
hoy que felicidad tan grande siento ahora y no lo puedo creer,feliz
para serte honesto tengo miedo de que me juzguen,miedo
en serio estoy con una nota hoy y no puedo evitarlo,feliz
lo que pasa es que ya basta con esa actitud de verdad,enojo
en serio me siento muy bien y muy contento en serio,feliz
hoy me echaron la culpa de algo que hizo otro y eso me duele,enojo
te cuento que algo me dice que las cosas van a cambiar mal y nadie lo sabe,miedo
para serte honesto me cambiaron el trabajo sin consultarme pero necesitaba decirlo,enojo
no te miento por fin termine el proyecto y me afecta mucho,feliz
te cuento que me pone muy ansioso pensar en eso y no es facil,miedo
la verdad todo me pesa demasiado y eso me pesa,triste
mira me toco irme del barrio que queria y eso me duele,triste
es que me produce mucho enojo esto y me parece muy mal,enojo
te digo que me borraron un comentario que tenia toda la razon y me afecta,enojo
la verdad ya no se que hacer en este momento,triste
oye lei el mensaje diez veces y no se como responder de verdad,miedo
te digo que estoy muy emocionado con lo que viene y estoy muy agradecido,feliz
hoy me salio el primer cliente,feliz
te cuento que estoy muy molesto con lo que hicieron y me cuesta mucho,enojo
hoy cambio su estado y supe que era por mi y me afecta mucho,triste
te cuento que estoy esperando una respuesta y me tiene nervioso y me tiene mal,miedo
parce extraño mucho a las personas que ya no estan y no se que hacer,triste
te juro que me canse de aguantarte y no lo entiendo,enojo
hoy me preocupa demasiado esto otra vez,miedo
es que estoy muy nervioso con esta situacion,miedo
mira me tienen muy hastiado con lo mismo y ya,enojo
es que hoy descanse muy bien y no lo puedo ocultar,feliz
men capturaron una conversacion privada y la compartieron y ya,enojo
hoy me tiene muy irritado todo esto y no puedo evitarlo,enojo
hoy estoy lleno de energia y alegria,feliz
te cuento que me ignoraron cuando tenia razon y ya,enojo
para serte honesto alguien noto que estaba bien y me lo dijo y trato de disimularlo,feliz
mira me tiene con los nervios destrozados y no puedo evitarlo,miedo
la verdad logre ahorrar lo que necesitaba la verdad,feliz
sinceramente que problema tan absurdo todo el tiempo,enojo
fijate que hicieron lo que quisieron sin preguntarme nada,enojo
lo que pasa es que me eliminó de sus contactos sin decir nada,triste
mira no alcance el cupo en la universidad publica y me tiene mal,triste
oye todo cambio de golpe y no puedo evitarlo,triste
me tocó repetir el tramite porque perdieron mis papeles la verdad,enojo
ya no tengo energia para nada de lo que antes me gustaba men,triste
no te miento mi familia esta bien y no puedo evitarlo,feliz
en serio no me puedo quitar esa preocupacion de encima,miedo
hoy me gane una chamba buenisima y me tiene mal,feliz
me toco vender el carro que tanto queria y ya,triste
ya no quiero hablar de eso porque nadie entiende y nadie lo entiende,triste
parce me preocupa no poder pagar el arriendo el otro mes y me tiene mal,miedo
ahora mismo me rindo de intentarlo y no se que hacer,triste
que experiencia tan maravillosa fue de verdad,feliz
fijate que me aceptaron en la universidad y necesito que alguien me entienda,feliz
ahora mismo estoy realmente indignado y me tiene mal,enojo
sinceramente ya no aguanto mas esa situacion y ya,enojo
es que capturaron una conversacion privada y la compartieron y no es facil,enojo
no te miento me hicieron fila tres horas y no me atendieron y no se que hacer,enojo
me siento muy mal con lo que paso,triste
te digo que estoy muy preocupado y con miedo y eso me preocupa mucho,miedo
en serio me angustia no saber si estoy en el camino correcto la verdad,miedo
hoy todo el mundo sigue y yo estoy quieto la verdad,triste
sinceramente siento panico de enfrentar lo que viene,miedo
desde ayer hoy fue un mal dia en este momento,triste
lo que es cierto es que me alegra mucho haberte visto hoy,feliz
en serio me tienen muy mamado con esa vuelta,enojo
me da pena decirlo pero quise decir algo pero no encontre las palabras y eso me tiene mal,triste
definitivamente ya me canse de esto otra vez,enojo
es que me salio todo bien y no me lo esperaba y me afecta,feliz
de verdad siento tristeza cuando pienso en eso,triste
es que por fin lo logre pero no digo nada,feliz
la verdad es que siento una tristeza que no puedo superar de verdad,triste
te juro que no supe si era una broma o algo serio y no se que hacer,triste
hoy estoy muy contento con los avances,feliz
me da pena decirlo pero entregue el proyecto a tiempo sinceramente,feliz
sinceramente tengo miedo de caerle mal sin querer,miedo
fijate que tengo miedo de que me cancelen por algo que dije la verdad,miedo
parce el transporte salio tardisimo y llegue tarde por eso,enojo
hoy ya me canse de esto ultimamente,enojo
no te miento el partido de colombia salio bien,feliz
lo que es cierto es que me hace muy bien sentirme asi y es lo mejor que me paso,feliz
desde hace dias estoy demasiado angustiado para pensar y no se que hacer,miedo
es que todo tiene sentido ahora y eso me pesa,feliz
hoy estoy muy emocionado con lo que viene men,feliz
ahora mismo me excluyeron de la decision sin explicacion y me tiene agotado,enojo
oye estoy emocionalmente agotado y eso me pesa,triste
en serio estoy con una nota hoy de verdad,feliz
en serio me da miedo pedir ayuda y me tiene mal,miedo
te cuento que pague y no me dieron lo que ofrecieron,enojo
la verdad me siento increible y no se que hacer,feliz
sinceramente me case hoy,feliz
siento que cada vez me alejo más de todos,triste
te juro que tengo miedo de que no me entiendan y me cuesta mucho,miedo
sinceramente no supe si era una broma o algo serio y me pesa cargarlo solo,triste
la verdad no soporto esta situacion desde hace dias,enojo
la verdad es que siento una preocupacion enorme ahora y no se que hacer,miedo
sinceramente no entendi el tono del mensaje y me confundi y me afecta mucho,triste
oye me angustia pensar que quiza elegi mal mi carrera bro,miedo
ultimamente hoy fui honesto y salio bien y no se que hacer,feliz
hoy me encontre plata en un bolsillo que no sabia y no es facil,feliz
desde hace dias tengo miedo de mandar ese mensaje y que lo tomen mal y no lo digo seguido,miedo
fijate que te deseo todavía,feliz
me da terror mostrarme como soy de verdad y me pesa cargarlo solo,miedo
hoy nadie reconocio lo que aporte y nadie lo entiende,enojo
en serio tengo miedo de decir algo fuera de lugar y me afecta mucho,miedo
la verdad me encontre con un amigo que no veia hace tiempo y no se que hacer,feliz
oye hice algo que me daba miedo y salio bien y no lo digo seguido,feliz
te juro que tengo miedo de que mis sueños no sean suficientes men,miedo
es que se aprovecharon de que no sabia,enojo
sinceramente ya no somos lo que eramos y eso me entristece,triste
te cuento que tengo miedo de que sea algo grave de verdad,miedo
desde hace dias lei el mensaje mal y arruine todo y quisiera que alguien me ayudara,triste
hoy me faltaron el respeto delante de todos,enojo
fijate que todo esta fluyendo muy bien ultimamente pero bueno,feliz
oye las cosas estan saliendo como quiero y no se que hacer,feliz
no se me tiene muy irritado todo lo que esta pasando,enojo
hoy me pone muy feliz lo que dijiste,feliz
para serte honesto por fin termine el proyecto y me tiene mal,feliz
oye me encontre con un amigo que no veia hace tiempo y me cuesta mucho,feliz
en serio esto arruino mi dia y eso empeora todo,enojo
no te miento hoy fue un dia muy chévere y ya,feliz
fijate que tengo miedo de que no me entiendan y no puedo evitarlo,miedo
es que me siento solo aunque este rodeado de gente men,triste
siento una inquietud que no me deja tranquilo y no puedo calmarlo,miedo
fijate que nacio mi hijo y no puedo evitarlo,feliz
realmente estoy muy emocionado por todo lo que paso,feliz
hoy me asusta mucho lo que esta pasando en el barrio pero bueno,miedo
es que tengo miedo de decir algo y que lo tomen mal de verdad,miedo
te cuento que me faltaron el respeto delante de todos parce,enojo
oye hoy fui honesto y salio bien y me tiene agotado,feliz
la verdad nacio mi hija sinceramente,feliz
hoy nacio mi hijo de verdad,feliz
hoy me despidieron del trabajo,triste
es que me dejo mi novia y estoy muy bajoneado y nadie lo sabe,triste
ultimamente me escribieron solo para reclamarme de verdad,enojo
mira que irresponsable eres con todo y eso no esta bien,enojo
sinceramente estoy pasando un gran momento por todo lo que paso,feliz
en serio me toca salir tarde y me da miedo en la calle y no es facil,miedo
ahora mismo tengo mucho miedo otra vez,miedo
mira lo que paso me mandaron buenas noticias por whatsapp pero ya no puedo mas,feliz
desde ayer me siento muy triste por todo lo que paso,triste
en serio todo me genera ansiedad ultimamente,miedo
para serte honesto tengo miedo de mandar ese mensaje y que lo tomen mal y me pesa cargarlo solo,miedo
para serte honesto minimizaron lo que sentia de verdad,enojo
es que eso me pone muy furioso parce y eso me duele,enojo
no se si contarte pero no se si actue bien y eso no me deja tranquilo pero ya no puedo mas,miedo
la verdad me graduo este sabado y ya,feliz
me siento muy contento con el equipo sin duda,feliz
siento una tristeza muy profunda y no se como seguir,triste
desde hace dias estoy esperando una respuesta y me tiene nervioso sinceramente,miedo
desde hace dias me cancelaron a ultimo momento y me tiene mal,enojo
lo que es cierto es que que dia tan especial fue hoy y estoy muy agradecido,feliz
es que hoy me di cuenta que avance mucho y me tiene mal,feliz
la verdad todo esta funcionando bien por todo lo que paso,feliz
hoy esto me molesta demasiado esta semana,enojo
sinceramente siento una ansiedad tremenda ahora,miedo
oye me sorprendieron hoy y ya,feliz
la verdad es que estoy muy apesadumbrado con las noticias y no se como seguir,triste
hoy tengo miedo de fallar y no puedo dormir,miedo
oye me tocó pagar una multa que no era justa pero bueno,enojo
es que me tienen hasta la coronilla y me cuesta mucho,enojo
fijate que ya no quiero hablar de eso porque nadie entiende y me cuesta aceptarlo,triste
no te miento el profesor me humillo frente a todos y nadie lo entiende,triste
te cuento que no tengo con quien hablar y me afecta mucho,triste
mira nada de lo que hago vale la pena y eso me pesa,triste
tengo algo importante manana y no puedo dormir pero bueno,miedo
sinceramente me dejaron y nadie lo sabe,triste
me siento muy afortunado y estoy muy agradecido,feliz
la verdad es que me entristece mucho lo que paso,triste
en serio siento una melancolía muy profunda y no se como seguir,triste
te digo que me contactaron por mi trabajo y quede feliz y no se que hacer,feliz
me siento muy solo en esta ciudad y ya,triste
hoy no tuve que fingir que estaba bien de verdad,feliz
mira me usaron cuando les convenia y despues nada y me tiene mal,enojo
te cuento que me hicieron perder un dia entero,enojo
sinceramente quede muy contento con el resultado la verdad,feliz
mira me salio todo bien y no me lo esperaba,feliz
oye cambiaron todo sin avisarme y ya,enojo
que alegria tan grande,feliz
realmente me duele mucho esto en este momento,triste
oye siento que estoy decepcionando a todos la verdad,triste
en serio me cambiaron el turno sin avisarme y eso me duele,enojo
sinceramente me independice por fin y me afecta,feliz
lo que pasa es que tengo una entrevista y me muero del susto,miedo
la verdad tengo ansiedad otra vez,miedo
fijate que me faltaron el respeto otra vez,enojo
hoy manana tengo una prueba importante y estoy nervioso pero no digo nada,miedo
desde ayer me siento horrible todo el tiempo,triste
lo que pasa es que lei el mensaje mal y arruine todo y trato de disimularlo,triste
la verdad me toco irme del barrio que queria la verdad,triste
desde hace dias me tiene completamente harto todo el tiempo,enojo
no puedo evitar que tengo miedo de cometer un error grave,miedo
ahora mismo me siento motivado otra vez,feliz
realmente me da demasiada rabia otra vez,enojo
me da pena hablar en publico y manana me toca y ya,miedo
sinceramente me enfurece tu actitud,enojo
ya no tengo fuerzas para nada y no se que hacer,triste
es que cumpli mi meta del año,feliz
sinceramente no se que va a pasar esta semana,miedo
sabes que estoy muy emocionado con lo que viene de verdad,feliz
la verdad siento demasiado temor otra vez,miedo
hoy lei el mensaje mal y arruine todo y nadie lo entiende,triste
sinceramente me da mucha rabia lo que hiciste y punto,enojo
la verdad es que publico algo que me dejo muy mal y me pesa cargarlo solo,triste
lo que pasa es que tuve que fingir que estaba bien toda la noche,triste
no soporto esta situacion,enojo
fijate que estoy muy asustado con lo que puede pasar y nadie lo sabe,miedo
es que algo cambio de repente y no entiendo por que y ya,miedo
ahora mismo hoy no tengo que trabajar pero no digo nada,feliz
no te miento estoy demasiado angustiado para pensar y no se que hacer,miedo
sinceramente me da mucho temor el futuro cercano,miedo
la verdad es que siempre me pasa lo mismo con las mismas personas y eso me tiene mal,enojo
mira que desconsiderado eres siempre y punto,enojo
sinceramente nos separamos despues de mucho tiempo y me tiene mal,triste
no puedo evitar que estoy muy angustiado con las posibilidades y no puedo calmarlo,miedo
sinceramente me hicieron perder un dia entero la verdad,enojo
hoy me da mucha pena decirle eso a la gente y eso me duele,miedo
ahora mismo no entendi el tono del mensaje y me confundi y nadie lo entiende,triste
lo que pasa es que me irritas con ese comportamiento sin excusas,enojo
hoy gane el concurso sinceramente,feliz
me aterra no tener el control de nada y no puedo calmarlo,miedo
sinceramente tengo panico de fallar frente a todos y es agotador,miedo
es que me quede sin trabajo y no se que hacer parce,triste
mira ya no quiero esforzarme de verdad,triste
tengo miedo de embarrarla con esa decision y nadie lo sabe,miedo
en este momento no quiero salir solo otra vez,miedo
parce me tocó pagar una multa que no era justa la verdad,enojo
no te miento hoy fui honesto y salio bien y no es facil admitirlo,feliz
en este momento estoy emocionado de verdad,feliz
la verdad nada tiene sentido y me afecta mucho,triste
te cuento que me cobraron de mas y no me quieren devolver y nadie lo sabe,enojo
siento que algo no esta bien aunque todo parece normal y me afecta,miedo
en serio estoy emocionalmente agotado y necesito que alguien me entienda,triste
de verdad estoy muy contento con los avances y estoy muy contento,feliz
sinceramente hoy fue exactamente lo que necesitaba,feliz
mira me siento solo aunque este rodeado de gente y ya,triste
fijate que me da mucha pena decirle eso a la gente y no es facil,miedo
sinceramente estoy harto de todo otra vez,enojo
mira fuimos a la finca y fue muy bacano la verdad,feliz
realmente me siento increible ultimamente,feliz
no te miento hicieron algo injusto y nadie dijo nada otra vez,enojo
no te miento me da pena hablar en publico y manana me toca de verdad,miedo
de verdad me duele mucho esta situacion,triste
ya no tengo energia para nada de lo que antes me gustaba y ya,triste
definitivamente hoy fue un gran dia y no se que hacer,feliz
mira lo que paso me ignoraron cuando trate de explicarme y quisiera que alguien me ayudara,enojo
en serio tengo miedo de que mis sueños no sean suficientes y nadie lo entiende,miedo
oye no se que quiero hacer con mi vida de verdad,miedo
fijate que me hicieron sentir especial y me afecta mucho,feliz
me asusta pensar en el futuro,miedo
te cuento que estoy muy mamado de todo y nadie lo sabe,triste
la verdad todo esta funcionando bien y me afecta mucho,feliz
hoy me cambiaron el turno sin avisarme y nadie lo sabe,enojo
hoy me dicen que me esfuerce mas cuando ya doy todo,enojo
en este momento me siento nervioso por todo lo que pasa,miedo
fijate que me da terror decepcionar a alguien que confio en mi y no se como manejarlo,miedo
la verdad es que me mandaron un mensaje muy agresivo y me cuesta mucho,enojo
es que ya no hablo con mi parcero de toda la vida y me tiene mal,triste
es que me excluyeron de la decision sin explicacion de verdad,enojo
fijate que no voy a tolerar esto mas y me tiene mal,enojo
me tiene angustiado no saber que va a pasar pero no digo nada,miedo
me aterra no tener el control de nada y eso me preocupa mucho,miedo
no se estoy re contento con todo men,feliz
no te miento la vida esta siendo buena conmigo la verdad,feliz
parce no me puedo quitar esa preocupacion de encima y me tiene mal,miedo
oye tengo miedo de caerle mal sin querer y me afecta mucho,miedo
la verdad me tocó repetir el tramite porque perdieron mis papeles de verdad,enojo
mira no puedo creer que hayas hecho eso sin excusas,enojo
te digo que me da terror no saber que va a pasar y me tiene muy nervioso,miedo
mira lo que paso por fin me contestaron y nadie lo entiende,feliz
mira me cansas con tanta excusa y no lo entiendo,enojo
tengo panico de no salir de esto de verdad,miedo
mira que rabia me da todo esto y punto,enojo
hoy logre lo que queria,feliz
te juro que tengo miedo de que me alejen si se dan cuenta como soy y me afecta mucho,miedo
mira lo que paso me escribieron solo para reclamarme y no lo digo seguido,enojo
sinceramente estoy muy ido hoy no se que me pasa parce,triste
parce me llegó una carta del juzgado y no se que es,miedo
estoy muy angustiado sin encontrar salida,miedo
sinceramente estas actuando muy mal en serio,enojo
la verdad me siento tranquilo y feliz todo el tiempo,feliz
mira quede muy contento con el resultado,feliz
no te miento me reconocieron el esfuerzo en el trabajo y me pesa cargarlo solo,feliz
estoy muy emocionado con lo que viene sin duda,feliz
en serio dijeron mentiras sobre mi en redes y ya,enojo
hoy me comparan con otros y eso me molesta mucho y no se que hacer,enojo
eres increiblemente irresponsable y me parece muy mal,enojo
mira lo que paso cargue con toda la responsabilidad del grupo y me afecta mucho,enojo
oye me pone muy nervioso hablar en publico sinceramente,miedo
es que ya no quiero esforzarme y me afecta mucho,triste
manana es el dia y no estoy listo,miedo
la verdad las cosas ya no son como antes,triste
sinceramente compre mi primer carro,feliz
la verdad es que siento que estoy muy solo en todo esto,triste
sinceramente me fue muy mal en el examen y me afecta mucho,triste
ahora mismo me da mucha rabia y me afecta mucho,enojo
cambiaron todo sin avisarme pero bueno,enojo
te cuento que nada de lo que hago vale la pena otra vez,triste
no te miento siento que la estoy embarrando en todo la verdad,triste
es que hicimos una reunioncita y quedo muy buena pero bueno,feliz
no puedo evitar que tengo panico de enfrentar esto solo y eso me preocupa mucho,miedo
te cuento que salimos a rumbear y la pase muy bien de verdad,feliz
sinceramente nada me salio bien hoy y me tiene mal,enojo
parce me dejo mi novio y estoy muy mal de verdad,triste
es que me dejo mi novio y estoy muy mal y no puedo evitarlo,triste
ultimamente me costo mucho levantarme hoy y necesito que alguien me entienda,triste
no se si contarte pero no supe si era una broma o algo serio y no puedo evitarlo,triste
hoy ya no aguanto mas otra vez,enojo
me critican las decisiones sin conocer mi situacion men,enojo
desde hace dias me pusieron en evidencia en un grupo pero necesitaba decirlo,enojo
estoy muy emocionado con lo que viene y ya,feliz
te juro que no entiendo nada y me da verguenza preguntar,triste
la verdad me siento muy lejos de ser feliz y eso me pesa,triste
es que vi que me sacaron de un grupo y no dije nada y me cuesta aceptarlo,triste
realmente no soporto esta situacion todo el tiempo,enojo
hoy estoy disfrutando mucho hoy,feliz
me borraron un comentario que tenia toda la razon y no se que hacer,enojo
no se que va a pasar con mi vida la verdad,miedo
hermano me tiene muy apagado esta situacion,triste
siento una tristeza que no puedo explicar,triste
todo me fastidia esta semana,enojo
no se que va a pasar y me aterra y no se que hacer,miedo
la verdad cambiaron todo sin avisarme,enojo
la verdad me da pena hablar en publico y manana me toca y ya,miedo
me sacaron de la jugada sin ninguna explicacion y eso me duele,enojo
no te miento me dejaron hacer todo el trabajo solo y eso me pesa,enojo
en este momento estoy agotado emocionalmente otra vez,triste
la verdad nacio mi hijo y me afecta,feliz
hoy me da muy duro enfrentar esa conversacion la verdad,miedo
realmente no se que va a pasar todo el tiempo,miedo
tengo ansiedad ultimamente,miedo
ahora mismo no entendi el tono del mensaje y me confundi,triste
la verdad me independice por fin la verdad,feliz
la verdad tengo ansiedad esta semana,miedo
me indigna mucho tu comportamiento y no lo voy a tolerar,enojo
para serte honesto ya no quiero esforzarme,triste
la verdad me llamaron de la empresa y no dijeron para que y no puedo evitarlo,miedo
la verdad es que me parece increible tu actitud y punto,enojo
te digo que me di cuenta que nadie me busca si yo no busco bro,triste
fijate que extraño mucho a las personas que ya no estan hermano,triste
para serte honesto me respondio el mensaje que esperaba y no es facil admitirlo,feliz
hoy siento que no le importo a nadie de verdad y me cuesta mucho,triste
sinceramente estoy esperando una respuesta y me tiene nervioso,miedo
me da terror pensar en esa posibilidad y no puedo calmarlo,miedo
en serio me paraliza no saber cual es el camino correcto de verdad,miedo
me alegra ver que todo salio bien y estoy muy contento,feliz
hoy vi algo que me dejo muy intranquilo la verdad,miedo
hoy me asusta no saber si voy a conseguir trabajo,miedo
sinceramente no te soporto mas y no lo entiendo,enojo
no se puede confiar en ti y me parece muy mal,enojo
te juro que siento que no le importo a nadie de verdad y me pesa cargarlo solo,triste
fijate que eso me pone muy furioso parce y ya,enojo
la verdad estoy harto de todo esta semana,enojo
para serte honesto todo esta mal organizado pero no digo nada,enojo
desde hace dias me preocupa no poder lograrlo de verdad,miedo
te digo que estoy muy bajoneado sin poder levantarme,triste
sinceramente se burlaron de algo que me costo decir y quisiera que alguien me ayudara,enojo
te juro que me di cuenta que nadie me busca si yo no busco la verdad,triste
fijate que me usaron cuando les convenia y despues nada y nadie lo sabe,enojo
sinceramente me aterra no tener el control de nada y eso me preocupa mucho,miedo
la verdad es que que buen momento para estar feliz y estoy muy agradecido,feliz
la verdad es que siento un dolor emocional muy grande y quisiera que no fuera así,triste
oye me canse de esperar que las cosas cambien solas,triste
mira me llamaron de la empresa y no dijeron para que y no puedo evitarlo,miedo
es que no me toman en serio por mi edad y no puedo evitarlo,enojo
es que hoy fue mejor de lo que esperaba y ya,feliz
sinceramente me siento horrible hoy ultimamente,triste
oye tengo miedo de que se den cuenta que no entiendo y quisiera que alguien me ayudara,miedo
lo que pasa es que me siento realizado y necesito que alguien me entienda,feliz
la verdad siento que todo el mundo sigue y yo me quede quieto parce,triste
en serio estoy muy feliz con mis logros y no lo puedo creer,feliz
ultimamente que problema tan absurdo en este momento,enojo
hoy me ignoraron durante horas,enojo
en este momento estoy agotado emocionalmente ultimamente,triste
no te miento me tratan diferente y no entienden por que me molesta y nadie lo entiende,enojo
fijate que mi grupo hizo el trabajo sin contar conmigo sinceramente,triste
mira hoy no tuve que madrugar y lo disfrute y no se que hacer,feliz
hoy no se si voy a poder sostenerme solo men,miedo
oye tengo miedo de que me vaya mal en las parciales,miedo
oye me canse de pedir lo mismo sin resultado,enojo
en serio no quiero mandar el audio por miedo a como sueno y no se como manejarlo,miedo
es que encontre algo que habia perdido hace tiempo y ya,feliz
hoy no puedo dejar de preocuparme la verdad,miedo
la verdad es que estoy muy asustado de tomar esa decision y eso me preocupa mucho,miedo
hoy tengo panico por todo lo que paso,miedo
mira lo que paso me saco del grupo sin razon y nadie lo entiende,triste
mira no alcance el cupo en la universidad publica y ya,triste
hoy me di cuenta que avance mucho,feliz
no te miento no me puedo sacar esta sensacion de encima y me afecta,miedo
ahora mismo me siento en paz de verdad,feliz
oye mi abuela ya no esta pero bueno,triste
no te miento estrene mi apartamento y ya,feliz
hoy me saco del grupo sin razon pero necesitaba decirlo,triste
no te miento hable con alguien nuevo y no fue tan malo y no se como manejarlo,feliz
es que tengo miedo de lo que piensen de mi de verdad,miedo
hoy estoy muy cansado de lucharla solo y no puedo evitarlo,triste
la verdad mi pareja me sorprendio todo el tiempo,feliz
minimizaron lo que sentia,enojo
te cuento que me asusta mucho lo que esta pasando en el barrio hermano,miedo
que bonito momento vivimos hoy de verdad,feliz
en este momento tengo mucho miedo desde hace dias,miedo
hoy todo salio mal y me afecta mucho,triste
mira lo que paso me escribieron para disculparse y me alegro sinceramente,feliz
no te miento hoy amaneci con mucha energia de verdad,feliz
me da pena decirlo pero me asusta que piensen que soy raro y eso me tiene mal,miedo
te juro que termine el curso que venia haciendo y me tiene pensando mucho,feliz
la verdad me reportaron sin motivo y me bloquearon la cuenta la verdad,enojo
es que me tiene muy preocupado lo que esta pasando parce,miedo
te cuento que siento que las cosas mejoran la verdad,feliz
te cuento que tengo miedo de que me quiten el trabajo,miedo
para serte honesto me ignoraron cuando tenia razon sinceramente,enojo
te digo que me dicen que deberia estar agradecido por poco,enojo
hoy me pone muy ansioso pensar en eso y no es facil,miedo
te juro que me ofrecieron un mejor cargo,feliz
fijate que hoy todo el transporte me funciono perfecto de verdad,feliz
fijate que me da ansiedad abrir ese chat y no puedo evitarlo,miedo
desde hace dias tengo miedo de mandar ese mensaje y que lo tomen mal y quisiera que alguien me ayudara,miedo
men estoy cansado de aparentar que todo esta bien,triste
en serio no tuve ganas de comer pero no digo nada,triste
la verdad me siento lleno de energia por todo lo que paso,feliz
para serte honesto me dieron la nota que esperaba y me pesa cargarlo solo,feliz
ahora mismo me canse de pedir lo mismo sin resultado y nadie lo entiende,enojo
definitivamente me siento tranquilo y feliz,feliz
te cuento que me perdi un momento importante la verdad,triste
te cuento que me tienen muy hastiado con lo mismo parce,enojo
es que siento que algo malo va a pasar y es agotador,miedo
hoy me descuentan del sueldo cosas que no firmé y me cuesta mucho,enojo
no puedo creer que eres una persona muy egoista y punto,enojo
no te miento me llamaron de la empresa y no dijeron para que y nadie lo sabe,miedo
fijate que ya no somos lo que eramos y eso me entristece y me cuesta mucho,triste
sinceramente estoy emocionalmente agotado y es agotador,triste
me pidieron que fuera a una reunion sin decirme de que de verdad,miedo
es que tengo miedo de embarrarla con esa decision,miedo
me siento muy bien por lo que logre y estoy muy agradecido,feliz
la verdad tengo ansiedad ultimamente,miedo
mira siento que el tiempo se me acaba y no he hecho nada y me cuesta aceptarlo,miedo
la verdad es que hicieron como si yo no existiera en la reunion y me pesa cargarlo solo,enojo
hoy estoy muy satisfecho con todo lo hecho de verdad,feliz
hoy me aterra quedar mal frente a todos la verdad,miedo
es que me tiene angustiado no saber que va a pasar y no puedo evitarlo,miedo
publico algo que me dejo muy mal sinceramente,triste
oye me regalaron algo que queria hace mucho,feliz
desde hace dias me echaron la culpa de algo que no hice y no puedo evitarlo,enojo
mira me duele el alma y no se que hacer,triste
ultimamente me paraliza la idea de tener que hablar en grupo y no se que hacer,miedo
sinceramente me dieron informacion falsa la verdad,enojo
no te miento esto me parece una falta de respeto total otra vez,enojo
cumpli mi meta del año,feliz
te cuento que me costo mucho levantarme hoy y no lo puedo ocultar,triste
es que que situacion tan frustrante esta,enojo
es que estoy muy frustrado con todo esto de verdad,enojo
definitivamente me sacaron la paciencia desde hace dias,enojo
la verdad es que estoy muy angustiado con las posibilidades y no puedo calmarlo,miedo
la verdad es que no entendi el tono del mensaje y me confundi y trato de disimularlo,triste
hoy todo cambio de golpe la verdad,triste
es que me canse de ser el que siempre aguanta,triste
te cuento que nada me salio bien hoy y necesito que alguien me entienda,enojo
es que hoy me di cuenta que avance mucho sinceramente,feliz
en serio me pone de muy buen humor esto en serio,feliz
ultimamente nada tiene sentido desde hace dias,triste
fijate que me tienen muy hastiado con lo mismo la verdad,enojo
realmente tengo ansiedad,miedo
en serio estoy que no me la creo y no es facil,feliz
te cuento que me robaron el celular y estoy muy mal y no puedo evitarlo,triste
ahora mismo me dejo de seguir en redes sociales y me pesa cargarlo solo,triste
siento que algo esta pasando y nadie me dice que y me afecta,miedo
honestamente me produce rabia pensar en lo que hiciste,enojo
te juro que tuve que fingir que estaba bien toda la noche y me tiene agotado,triste
definitivamente me siento inseguro esta semana,miedo
todos parecen entender menos yo pero necesitaba decirlo,triste
la verdad es que me cansas con tanta excusa y no lo entiendo,enojo
me dejaron plantado y ni se disculparon pero bueno,enojo
para serte honesto me hicieron una videollamada sorpresa sinceramente,feliz
fijate que me subieron el sueldo y eso me tiene mal,feliz
definitivamente me da demasiada rabia en este momento,enojo
no te miento la incertidumbre me tiene paralizado de verdad,miedo
hoy me dieron una sorpresa muy bonita hoy parce,feliz
me pusieron el visto y luego respondieron bien y me afecta mucho,feliz
no te miento no me puedo quitar esa preocupacion de encima,miedo
ahora mismo me preocupa tanto que no puedo dormir y no se que hacer,miedo
en serio ya no hablo con mi parcero de toda la vida pero bueno,triste
fijate que me da pena que se den cuenta que no entendi y ya,miedo
mira siento que no tengo proposito,triste
fijate que mi grupo de trabajo funciono muy bien y no se que hacer,feliz
sinceramente me entristece mucho pensar en eso y no se como seguir,triste
no se si voy a poder sostenerme solo de verdad,miedo
mira me cayo del cielo esa noticia la verdad,feliz
es que me dijeron que era muy sensible por sentirme mal y nadie lo entiende,enojo
la verdad compre mi primera casa pero necesitaba decirlo,feliz
oye por fin termine el proyecto todo el tiempo,feliz
hoy estoy agotado emocionalmente desde hace dias,triste
hoy no pude ir a la graduacion la verdad,triste
no alcance el cupo en la universidad publica y no se que hacer,triste
sinceramente vi que estaba en linea pero no me respondio y trato de disimularlo,triste
ya me colmaste la paciencia y punto,enojo
me dicen que me esfuerce mas cuando ya doy todo de verdad,enojo
me da muy duro enfrentar esa conversacion y me cuesta mucho,miedo
la verdad estoy muy contento de verdad,feliz
aprobé el examen,feliz
te cuento que me dejaron la verdad,triste
la verdad me toco el dia libre y eso me pesa,feliz
te digo que siento una angustia que no me deja dormir,miedo
oye aprobe la materia que tenia perdida y no lo digo seguido,feliz
en serio me duele mucho haberlo perdido y me duele mucho,triste
la verdad me encontre plata en un bolsillo que no sabia y me afecta,feliz
la verdad tengo miedo de tomar una decision y que salga mal y no puedo evitarlo,miedo
lo que pasa es que no supe si era una broma o algo serio y me pesa cargarlo solo,triste
fijate que me dijeron que era mi culpa cuando no lo era sinceramente,enojo
me dijeron que era mi culpa cuando no lo era pero necesitaba decirlo,enojo
me piden experiencia para un trabajo de principiante y me cuesta aceptarlo,enojo
que noticia tan buena me dieron en serio,feliz
en serio me duele mucho lo que significa esto y no lo puedo superar,triste
capturaron una conversacion privada y la compartieron y no es facil,enojo
me embargaron la cuenta y no entiendo por que y me cuesta mucho,miedo
la verdad me da ansiedad publicar algo y que lo juzguen men,miedo
me escribio la persona que me gusta y es agotador,feliz
desde ayer tengo miedo de fallar en este momento,miedo
te juro que eres muy desconsiderado con los demas y punto,enojo
hoy me di cuenta que nadie me busca si yo no busco,triste
es que no entendi el tono del mensaje y me confundi y me pesa cargarlo solo,triste
fijate que consegui el trabajo y no puedo evitarlo,feliz
me duele mucho haber llegado a esto y no lo puedo superar,triste
ahora mismo vi que estaba en linea pero no me respondio y no lo digo seguido,triste
increíble otra vez lo mismo de siempre,enojo
en serio tengo miedo de que me alejen si se dan cuenta como soy de verdad,miedo
no hubo trafico hoy y me tiene mal,feliz
la verdad ya no aguanto mas otra vez,enojo
te juro que no quiero mandar el audio por miedo a como sueno y trato de disimularlo,miedo
te cuento que me fue de maravilla en la entrevista y me tiene mal,feliz
bro por fin publique lo que venia trabajando y me cuesta aceptarlo,feliz
que buena noticia para terminar el dia y no lo puedo creer,feliz
no se si contarte pero me echaron la culpa de lo que salio mal y trato de disimularlo,enojo
es que me tiene muy desanimado todo esto y no se que hacer,triste
hoy me copiaron el contenido y ni siquiera lo cambiaron,enojo
sabes que estoy muy emocionado con el futuro y es lo mejor que me paso,feliz
la verdad estoy disfrutando mucho ultimamente,feliz
ahora mismo me interrumpieron cada vez que hable y nadie lo entiende,enojo
sinceramente me faltaron el respeto y no lo puedo ocultar,enojo
hoy fue un dia muy chévere y eso me duele,feliz
oye me interrumpieron todo el tiempo y necesito que alguien me entienda,enojo
sinceramente hablaron de algo que yo no sabia y me senti excluido pero ya no puedo mas,triste
la verdad es que no voy a permitir que me hagas eso en serio,enojo
estoy muy bacano con la noticia y me tiene mal,feliz
sinceramente me senti aceptado como soy y no se que hacer,feliz
la verdad nos separamos despues de mucho tiempo de verdad,triste
sinceramente me siento inseguro todo el tiempo,miedo
me devolvieron la plata que me debían,feliz
en serio quede encantado con como salio todo la verdad,feliz
en este momento tengo ansiedad y no puedo dormir,miedo
hoy no me reconozco ultimamente,triste
la verdad es que que alegria me da ver tus logros y no lo puedo creer,feliz
para serte honesto hoy llore sin saber por que y necesito que alguien me entienda,triste
ultimamente estoy pasando un gran momento,feliz
en serio me tiene muy bajoneado lo que paso,triste
me dieron el viernes libre sinceramente,feliz
sinceramente no tenemos para el arriendo este mes y no se que hacer,triste
me ignoraron cuando tenia toda la razon de verdad,enojo
la verdad estoy demasiado preocupado en este momento,miedo
la verdad es que me siento muy motivado y feliz,feliz
en serio el resultado me tiene muy angustiado y eso me pesa,miedo
fijate que salimos a rumbear y la pase muy bien,feliz
no te miento vi que estaba en linea pero no me respondio y no puedo evitarlo,triste
de verdad que buena noticia para empezar el dia,feliz
hermano me tienen muy hastiado con lo mismo y me cuesta mucho,enojo
te digo que siento panico de enfrentar lo que viene y no puedo calmarlo,miedo
hoy fue un parche buenisimo pero bueno,feliz
no te miento me hicieron firmar algo que no entendi la verdad,enojo
oye vi las historias de todos y me senti muy mal men,triste
la verdad me tiene muy apagado esta situacion de verdad,triste
desde hace dias me ignoraron completamente,enojo
oye alguien me entendio sin que yo explicara mucho y trato de disimularlo,feliz
ultimamente me sacaron la paciencia otra vez,enojo
no te miento estoy muy bacano con la noticia y no es facil,feliz
lo que pasa es que ya no aguanto esta situacion y necesito que alguien me entienda,enojo
es que me tienen muy mamado con esa vuelta parce,enojo
le expliqué lo que me molestaba y lo volvió a hacer como si nada,enojo
no te miento me mintieron en mi cara y no se que hacer,enojo
lo que es cierto es que estoy muy feliz con el camino que tome,feliz
te digo que me hace feliz saber que estas bien,feliz
hoy lei el mensaje mal y arruine todo y quisiera que alguien me ayudara,triste
no se si contarte pero me pusieron en evidencia en un grupo y no es facil admitirlo,enojo
desde ayer me siento vulnerable otra vez,miedo
te cuento que me encontre con un amigo que no veia hace tiempo pero bueno,feliz
parce siento que todo el mundo sigue y yo me quede quieto y no puedo evitarlo,triste
mira no me dejaron hablar y no se que hacer,enojo
ultimamente ya no esta la persona que queria la verdad,triste
es que me tocó madrugar y no dormí nada y encima salio mal y ya,triste
la verdad es que tengo miedo de que las cosas cambien de repente y me pesa cargarlo solo,miedo
me siento muy solo y sin apoyo y no lo puedo superar,triste
te juro que hoy no tuve que fingir que estaba bien y no puedo evitarlo,feliz
desde hace dias me mandaron un mensaje muy agresivo y no lo digo seguido,enojo
no te miento mi abuelo ya no esta y nadie lo sabe,triste
hermano no tenemos para el arriendo este mes de verdad,triste
hoy me aterra quedar mal frente a todos,miedo
tengo ansiedad de pensar en el futuro y no se que hacer,miedo
es que me preocupa tanto que no puedo dormir y me tiene mal,miedo
sinceramente siento que voy por buen camino y eso me pesa,feliz
fijate que por fin me contestaron y eso me tiene mal,feliz
desde ayer esto me molesta demasiado,enojo
hoy extraño como era todo antes,triste
me toco vender el carro que tanto queria pero bueno,triste
me tiene muy intranquilo todo esto hermano,miedo
que felicidad tan grande siento ahora y es lo mejor que me paso,feliz
no puedo evitar que tengo temor de que todo cambie de golpe,miedo
siento que el tiempo se me acaba y no he hecho nada y no es facil,miedo
mira lo que paso tengo miedo de decir algo fuera de lugar y nadie lo entiende,miedo
mira estoy muy bacano con la noticia y ya,feliz
sinceramente logre terminar algo que habia dejado pendiente y no lo digo seguido,feliz
parce me tocó madrugar y no dormí nada y encima salio mal,triste
la verdad es que hice algo que me daba miedo y salio bien y trato de disimularlo,feliz
te cuento que hoy amaneci con toda la actitud de verdad,feliz
desde ayer estoy demasiado preocupado y no se que hacer,miedo
honestamente ya no aguanto mas otra vez,enojo
fijate que no es la primera vez y eso me tiene agotado y me afecta mucho,enojo
es que no entendi el tono del mensaje y me confundi y me tiene agotado,triste
definitivamente hoy fue un mal dia otra vez,triste
sinceramente me interrumpieron todo el tiempo todo el tiempo,enojo
sinceramente tengo panico de no salir de esto y eso me preocupa mucho,miedo
siento que la estoy embarrando en todo parce,triste
mira me pone muy nervioso tener que dar explicaciones parce,miedo
realmente me siento incomodo con esto todo el tiempo,miedo
mira me tiene con los nervios destrozados,miedo
es que que caradureza la tuya y ya me canse,enojo
en serio estoy muy contento con los avances y estoy muy agradecido,feliz
la verdad es que el profesor me felicito por el trabajo y no lo digo seguido,feliz
es que me aterra la idea de perder todo y no se que hacer,miedo
hoy me embargaron la cuenta y no entiendo por que de verdad,miedo
hoy me invitaron a participar en un proyecto pero ya no puedo mas,feliz
en serio perdi mi negocio y no se como seguir pero bueno,triste
hoy me respondieron que si al proyecto,feliz
fijate que me tiene muy intranquilo todo esto,miedo
desde ayer me siento horrible hoy y me afecta mucho,triste
es que me mandaron un mensaje raro y no entiendo que quieren,miedo
ultimamente me paraliza la idea de tener que hablar en grupo pero ya no puedo mas,miedo
la verdad es que siento un miedo terrible ahora mismo y no puedo calmarlo,miedo
realmente tengo panico por todo lo que pasa,miedo
sinceramente eres un irresponsable total y punto,enojo
no se me respondieron que si al proyecto,feliz
la verdad me hicieron perder un dia entero y nadie lo sabe,enojo
fijate que no se si actue bien y eso no me deja tranquilo y no se que hacer,miedo
hicieron como si yo no existiera en la reunion y no es facil admitirlo,enojo
te juro que aprobe la materia que tenia perdida y me pesa cargarlo solo,feliz
me siento muy agradecido con la vida en serio,feliz
ahora mismo me da mucha rabia y no se que hacer,enojo
no voy a tolerar ese comportamiento y ya me canse,enojo
mira por fin termine el proyecto y me tiene mal,feliz
la verdad me preocupa mucho el futuro economico y no puedo evitarlo,miedo
la verdad es que no se si ese mensaje significaba lo que creo y nadie lo entiende,miedo
te digo que capturaron una conversacion privada y la compartieron bro,enojo
estoy muy contento con lo que paso sin duda,feliz
en serio no se si lo que estoy haciendo es lo correcto y nadie lo entiende,miedo
la verdad es que estoy muy contento y agradecido y estoy muy agradecido,feliz
vieja me citaron a declarar y estoy muy nervioso parce,miedo
en este momento estoy demasiado cansado y no se que hacer,triste
la verdad me prometieron el trabajo y al final le dieron a otro,enojo
es que me fui de viaje y me tiene mal,feliz
me dieron informacion falsa y nadie lo sabe,enojo
te cuento que me cuesta aceptar que eso ya termino pero necesitaba decirlo,triste
sali del pais por primera vez y me tiene mal,feliz
sinceramente llegue a tiempo a todo y no se que hacer,feliz
sinceramente pude decir lo que sentia sin miedo y eso me tiene mal,feliz
mira tengo miedo de lo que piensen de mi todo el tiempo,miedo
la verdad es que termine todo lo que tenia pendiente y no puedo evitarlo,feliz
es que me parece una falta de respeto en serio,enojo
siento que si me equivoco no hay vuelta atras bro,miedo
es que me contactaron por mi trabajo y quede feliz y ya,feliz
hoy me pusieron obstaculos que no tenian sentido y me afecta,enojo
desde hace dias me interrumpieron cada vez que hable y no puedo evitarlo,enojo
es que me da ansiedad ver cuanta gente vio mi historia de verdad,miedo
lo que pasa es que el resultado me tiene muy angustiado y me afecta mucho,miedo
te juro que siento que el tiempo se me acaba y no he hecho nada y no es facil,miedo
hoy me interrumpieron todo el tiempo la verdad,enojo
para serte honesto me da terror enfrentar esto solo y ya,miedo
la verdad es que siento un dolor muy grande en el pecho,triste
sinceramente nada tiene sentido y me afecta mucho,triste
hoy no se para donde voy y eso me asusta y me pone triste,triste
para serte honesto cambio su estado y supe que era por mi y quisiera que alguien me ayudara,triste
ahora mismo todo me da miedo desde hace dias,miedo
para serte honesto no puedo dejar de preocuparme y necesito que alguien me entienda,miedo
la verdad el partido de colombia salio bien y ya,feliz
sinceramente me asusta mucho no saber que hacer,miedo
ultimamente pase el semestre sin perder nada y nadie lo entiende,feliz
sinceramente tengo miedo de que las cosas cambien de repente,miedo
no te miento pude mantener una conversacion sin angustiarme y me cuesta mucho,feliz
men siento que el tiempo se me acaba y no he hecho nada bro,miedo
me llamaron de la empresa y no dijeron para que y eso me duele,miedo
fijate que tengo miedo de que las cosas cambien de repente y me afecta mucho,miedo
lo que pasa es que me da panico equivocarme y que no me perdonen y nadie lo entiende,miedo
sinceramente tuve que fingir que estaba bien toda la noche sinceramente,triste
la verdad me invitaron a algo importante pero necesitaba decirlo,feliz
te juro que me di cuenta que nadie me busca si yo no busco men,triste
mira hoy fue exactamente lo que necesitaba pero bueno,feliz
realmente todo salio mal otra vez,triste
ahora mismo tengo ansiedad por todo lo que pasa,miedo
algo me dice que las cosas van a cambiar mal y no puedo evitarlo,miedo
ahora mismo hoy fue maravilloso otra vez,feliz
es que siento que no tengo proposito y no puedo evitarlo,triste
en serio me ofrecieron un mejor cargo pero ya no puedo mas,feliz
sinceramente estoy demasiado cansado en este momento,triste
la verdad me siento muy agradecido con la vida hoy de verdad,feliz
la verdad me respondieron que si al proyecto y nadie lo entiende,feliz
mira no se puede confiar en ti de verdad,enojo
hoy me perdi un momento importante y nadie lo sabe,triste
la verdad me cancelaron a ultimo momento y no lo puedo ocultar,enojo
ahora mismo todo me genera ansiedad ultimamente y no puedo evitarlo,miedo
definitivamente odio esta situacion por todo lo que paso,enojo
ultimamente todo el mundo parece tener todo claro menos yo y me afecta,triste
mañana tengo examen y no he estudiado y no lo puedo creer,miedo
la verdad me faltaron el respeto y eso me pesa,enojo
hermano hoy fue un dia muy chévere y no es facil,feliz
hoy no tuve que madrugar y lo disfrute,feliz
me da pena decirlo pero pude decir lo que sentia sin miedo de verdad,feliz
no te miento me invitaron a participar en un proyecto y no se como manejarlo,feliz
me duele mucho esta situacion y no se como seguir,triste
parce me da mucha pena decirle eso a la gente pero bueno,miedo
no se si contarte pero entregue el proyecto a tiempo y trato de disimularlo,feliz
parce me ignoraron cuando tenia toda la razon y no es facil,enojo
te cuento que me pusieron a hacer el trabajo de todos,enojo
la verdad me pone muy ansioso pensar en eso parce,miedo
parce me llamaron para el trabajo en medellin,feliz
la verdad todo el mundo sigue y yo estoy quieto pero necesitaba decirlo,triste
es que me robaron el celular y estoy muy mal,triste
ultimamente me siento vulnerable otra vez,miedo
sinceramente nacio mi hija la verdad,feliz
fijate que ya no hablo con mi parcero de toda la vida y me tiene mal,triste
sinceramente no se si voy a poder sostenerme solo y me cuesta aceptarlo,miedo
lo que pasa es que ya no aguanto esta situacion sinceramente,enojo
en serio no entiendo como la gente puede ser asi y no es facil,enojo
lo que pasa es que siento un dolor muy grande en el pecho y no se como seguir,triste
ultimamente me da ansiedad cuando hay silencio en la conversacion sinceramente,miedo
ahora mismo ya no quiero hablar otra vez,triste
sabes que que maravilloso momento estoy viviendo,feliz
siento que perdi una etapa de mi vida y nadie lo sabe,triste
mira me hicieron perder un dia entero y nadie lo sabe,enojo
lo que pasa es que me fue bien en la sustentacion y me cuesta mucho,feliz
para serte honesto me da ansiedad cuando hay silencio en la conversacion y no se que hacer,miedo
en serio siento una tristeza muy grande ahora y me duele mucho,triste
hoy cargue con toda la responsabilidad del grupo y nadie lo entiende,enojo
mira usaron mis ideas sin darme credito y ya,enojo
ahora mismo estoy muy emocionado en este momento,feliz
no me reconozco ultimamente la verdad,triste
sinceramente siento una angustia muy grande ahora y no puedo calmarlo,miedo
es que siento una preocupacion enorme ahora y no se que hacer,miedo
no te miento me asusta pensar en el futuro y me afecta mucho,miedo
en este momento estoy muy contento y eso me alegra,feliz
no te miento por fin termine el proyecto y necesito que alguien me entienda,feliz
estoy muy triste con lo que resulto de verdad,triste
te cuento que me escribio la persona que me gusta y me afecta mucho,feliz
todo esta mejorando y no se que hacer,feliz
oye me ignoraron cuando tenia razon y me afecta mucho,enojo
sinceramente siento que voy por buen camino la verdad,feliz
oye me piden experiencia para un trabajo de principiante pero bueno,enojo
no se si contarte pero me pusieron en evidencia en un grupo y no se que hacer,enojo
para serte honesto no tuve ganas de comer de verdad,triste
estoy muy satisfecho con mis decisiones de verdad,feliz
realmente estoy emocionado y me encanta,feliz
no te miento me tienen muy mamado con esa vuelta y no puedo evitarlo,enojo
la verdad pase el dia en cama otra vez,triste
la verdad es que estoy muy apenado por todo lo que perdí de verdad,triste
hoy me graduo este sabado,feliz
fijate que me tienen hasta la coronilla y nadie lo sabe,enojo
fijate que todo me genera ansiedad ultimamente y me afecta mucho,miedo
no te miento me dijeron que exageraba y no es facil admitirlo,enojo
vieja me cobraron mas de lo que decia el precio y eso me duele,enojo
me siento muy decaido sin saber por que y no lo puedo superar,triste
la verdad me dijeron que me quieren pero no digo nada,feliz
usaron mis ideas sin darme credito y ya,enojo
sinceramente me siento inseguro y no puedo dormir,miedo
ahora mismo me pone ansioso salir de casa y eso me pesa,miedo
mira me descuentan del sueldo cosas que no firmé,enojo
te cuento que me hicieron sentir mal por preguntar y no se que hacer,enojo
sinceramente estoy agotado emocionalmente ultimamente,triste
me preocupa no poder pagar el arriendo el otro mes y me tiene mal,miedo
la verdad es que que dia tan bueno fue este y estoy muy contento,feliz
oye me da ansiedad cuando hay silencio en la conversacion y nadie lo entiende,miedo
mira me da pena hablar en publico y manana me toca y me cuesta mucho,miedo
hoy fue mejor de lo que esperaba,feliz
desde hace dias ya no quiero esforzarme y ya,triste
es que me tienen muy mamado con esa vuelta y me cuesta mucho,enojo
realmente estoy demasiado cansado y no se que hacer,triste
la verdad es que siento una preocupacion muy grande y eso me preocupa mucho,miedo
hoy fue mejor de lo que esperaba y no puedo evitarlo,feliz
sinceramente hice algo que me daba miedo y salio bien y no es facil admitirlo,feliz
ultimamente nadie me eligio para su equipo de verdad,triste
sinceramente me dieron una sorpresa muy bonita hoy,feliz
ultimamente me siento muy lejos de ser feliz y ya,triste
realmente me siento increible y me encanta,feliz
es que termine el curso que venia haciendo y nadie lo entiende,feliz
ultimamente siento que el tiempo se me acaba y no he hecho nada,miedo
me paraliza no saber cual es el camino correcto de verdad,miedo
lo que pasa es que me interrumpieron todo el tiempo de verdad,enojo
te cuento que mi abuela ya no esta,triste
de verdad me da mucha rabia lo que hiciste y no lo entiendo,enojo
hoy hoy amaneci con mucha energia y necesito que alguien me entienda,feliz
siento que voy a fallar manana de verdad,miedo
no te miento me ignoraron cuando tenia razon y no lo puedo ocultar,enojo
ultimamente me saco del grupo sin razon sinceramente,triste
hoy me da panico equivocarme y que no me perdonen,miedo
sinceramente no estudie suficiente para esto y no puedo evitarlo,miedo
estoy muy feliz con los resultados en serio,feliz
en este momento me encanta este momento desde hace dias,feliz
sinceramente sonrei todo el tiempo pero por dentro lloraba y no es facil admitirlo,triste
hoy se fue mi perro hoy,triste
honestamente todo me irrita y eso empeora todo,enojo
sinceramente extraño como eran las cosas antes y me afecta mucho,triste
hoy fallecio alguien cercano,triste
es que me dijeron que si y despues que no y no se que hacer,enojo
estoy muy triste con el resultado y no lo puedo superar,triste
ultimamente me angustia pensar que quiza elegi mal mi carrera bro,miedo
bro me salio todo bien y no me lo esperaba,feliz
siento que algo esta muy mal y me asusta y me tiene muy nervioso,miedo
te cuento que estrene mi apartamento y me tiene mal,feliz
realmente estoy agotado emocionalmente y me duele mucho,triste
hoy me siento furioso por todo lo que paso,enojo
desde ayer estoy demasiado cansado otra vez,triste
oye me llamaron de un numero desconocido de verdad,miedo
me quitaron el trabajo,triste
lo que pasa es que no es la primera vez y eso me tiene agotado sinceramente,enojo
no se si contarte pero nadie reconocio lo que aporte y quisiera que alguien me ayudara,enojo
ultimamente me mandaron un mensaje muy agresivo pero ya no puedo mas,enojo
hoy me dieron el trabajo que queria sinceramente,feliz
ultimamente ya no tengo ganas y no se que hacer,triste
te cuento que nadie me escucha,triste
hoy me toco el dia libre,feliz
me siento vulnerable otra vez,miedo
oye tengo miedo de que sea algo grave y me tiene mal,miedo
para serte honesto no se si estoy listo para esto sinceramente,miedo
te digo que tengo un miedo horrible que no me deja,miedo
ultimamente aprobe el examen de verdad,feliz
desde hace dias siento que no soy tan inteligente como los demas pero ya no puedo mas,triste
hoy no tuve que fingir que estaba bien sinceramente,feliz
fijate que tengo miedo de que me quiten el trabajo y ya,miedo
te juro que dije algo que no quise decir y no se como explicarlo y no es facil admitirlo,triste
en serio no puedo creer lo que hiciste,enojo
ultimamente siento mucha presion y no se que hacer,miedo
hoy estoy muy feliz con el camino que tome y no lo puedo creer,feliz
la verdad es que siento una ansiedad muy fuerte ahora,miedo
sabes que me siento muy bien en este momento,feliz
no hice la tarea,miedo
sinceramente me da terror que noten que estoy nervioso sinceramente,miedo
lo que pasa es que llevo dias aguantando esto y ya no puedo y trato de disimularlo,enojo
la verdad todo salio mal y me afecta mucho,triste
es que tengo miedo de decepcionar a todos y ya,miedo
lo que pasa es que me paralizo cuando tengo que decidir la verdad,miedo
te cuento que encontre lo que buscaba y me afecta mucho,feliz
en serio tengo miedo de que me cancelen por algo que dije y no puedo evitarlo,miedo
mira estoy que no me la creo y no puedo evitarlo,feliz
mira me reportaron sin motivo y me bloquearon la cuenta y ya,enojo
desde hace dias me siento completo y me tiene mal,feliz
fijate que mi familia esta pasando un momento muy dificil y ya,triste
me da miedo que graben algo mio sin permiso y me cuesta aceptarlo,miedo
te cuento que siento que perdi una etapa de mi vida y ya,triste
te digo que siento una pena muy grande ahora de verdad,triste
desde ayer esto me molesta demasiado por todo lo que paso,enojo
te cuento que me tiene muy cansado esta gente y me cuesta mucho,enojo
fijate que perdi la materia que mas me esforcé y trato de disimularlo,triste
te digo que me exigen resultados sin darme las herramientas y ya,enojo
no puedo evitar que me da mucho miedo estar solo en esto,miedo
hoy me pusieron en evidencia en un grupo sinceramente,enojo
me quede sin trabajo y no se que hacer hermano,triste
la verdad es que mi grupo de trabajo funciono muy bien y no se como manejarlo,feliz
fijate que me toco el dia libre y eso me pesa,feliz
hoy me salio el traslado que pedi parce,feliz
no se si contarte pero hoy me senti comodo siendo yo mismo y no se como manejarlo,feliz
oye que situacion tan frustrante esta sin excusas,enojo
hoy me siento muy bien con mi proceso men,feliz
vieja me mintieron descaradamente en la cara la verdad,enojo
no te miento me hicieron repetir el tramite tres veces y me afecta,enojo
en serio estoy muy apenado con lo que resulto y no se como seguir,triste
es que siento que todos avanzan menos yo,triste
desde ayer me siento increible todo el tiempo,feliz
oye me pone muy nervioso tener que dar explicaciones,miedo
es que mi pareja me sorprendio y no puedo evitarlo,feliz
desde hace dias me cancelaron a ultimo momento,enojo
ultimamente me siento decepcionado,triste
te digo que me siento muy triste hoy y me duele mucho,triste
sinceramente no se para donde voy y eso me asusta y me pone triste y ya,triste
la verdad quede muy contento con el resultado y nadie lo sabe,feliz
fijate que me pidieron que fuera a una reunion sin decirme de que,miedo
te cuento que me da pena hablar en publico y manana me toca hermano,miedo
te digo que todo el mundo parece tener todo claro menos yo,triste
siento una tristeza que no me abandona y no lo puedo superar,triste
es que tengo un presentimiento malo muy fuerte y no puedo calmarlo,miedo
lo que pasa es que se burlaron de mi y no puedo evitarlo,enojo
quiero estar solo y me afecta mucho,triste
me da pena decirlo pero me saco del grupo sin razon,triste
lo que pasa es que ya no quiero esforzarme,triste
te cuento que me hablaron como si fuera tonto,enojo
no te miento mi jefe quedo contento con mi trabajo sinceramente,feliz
ultimamente que problema tan absurdo y no se que hacer,enojo
oye me copiaron el contenido y ni siquiera lo cambiaron y no se que hacer,enojo
lo que pasa es que siento que fracase sinceramente,triste
mira tuve que dejar mis estudios pero bueno,triste
es que mi abuelo ya no esta de verdad,triste
la verdad me cobraron de mas y no me quieren devolver,enojo
ahora mismo todo esta saliendo bien y eso me alegra,feliz
estoy harto de todo y no se que hacer,enojo
sinceramente me tiene muy irritado todo lo que esta pasando y ya,enojo
sinceramente me da mucho miedo lo que dijeron de verdad,miedo
por fin me compre lo que queria la verdad,feliz
mi familia esta pasando un momento muy dificil y no puedo evitarlo,triste
lo que pasa es que estoy muy triste con lo que paso,triste
sinceramente me siento increible,feliz
mira lo que paso tengo miedo de que se den cuenta que no entiendo y me tiene agotado,miedo
honestamente me tiene indignado lo que paso sin excusas,enojo
ultimamente me siento motivado de verdad,feliz
de verdad estoy muy satisfecho con el dia de hoy y no lo puedo creer,feliz
hoy ya no tengo fuerzas para nada y es agotador,triste
me da pena decirlo pero no se si actue bien y eso no me deja tranquilo y me cuesta mucho,miedo
hoy no me dejaron hablar pero no digo nada,enojo
hoy me pone muy ansioso pensar en eso parce,miedo
me tiene muy desanimado todo esto y no puedo evitarlo,triste
siento que me quede atras y ya,triste
para serte honesto me angustia no saber como interpretar eso y me afecta mucho,miedo
en este momento me siento muy triste y no se que hacer,triste
hoy me siento inseguro,miedo
sinceramente todo salio mal ultimamente,triste
capturaron una conversacion privada y la compartieron la verdad,enojo
lo que es cierto es que me siento muy bien y muy contento y es lo mejor que me paso,feliz
mira me sorprendieron hoy otra vez,feliz
te digo que me salio el primer cliente de verdad,feliz
en este momento me siento furioso esta semana,enojo
realmente estoy disfrutando mucho de verdad,feliz
es que el partido de colombia salio bien y ya,feliz
hoy que alegria me da ver tus logros y estoy muy agradecido,feliz
hoy me usaron y despues me ignoraron pero no digo nada,enojo
sinceramente siento mucha ansiedad por lo desconocido y me tiene muy nervioso,miedo
te cuento que la incertidumbre me tiene paralizado otra vez,miedo
me tiene muy bravo la falta de respeto y no es facil,enojo
la verdad me siento muy lejos de ser feliz pero no digo nada,triste
tengo panico de que me pregunten algo frente a todos y no puedo evitarlo,miedo
ahora mismo me ignoraron cuando trate de explicarme y no es facil admitirlo,enojo
en serio me siento muy dichoso en este momento y no lo puedo creer,feliz
definitivamente estoy muy contento otra vez,feliz
siento el corazon muy apesadumbrado y quisiera que no fuera así,triste
sinceramente me siento lleno de energia hoy,feliz
siento que no tengo control de nada de verdad,miedo
te cuento que compre mi primer carro y nadie lo sabe,feliz
me mintieron descaradamente en la cara y me tiene mal,enojo
me da pena decirlo pero no supe como responder y ahora me arrepiento,triste
lo que pasa es que tengo miedo de ver lo que me respondieron y no se como manejarlo,miedo
mira lo que paso todos parecen entender menos yo pero ya no puedo mas,triste
sabes que estoy muy feliz con los resultados y es lo mejor que me paso,feliz
sinceramente estoy agotado emocionalmente desde hace dias,triste
hoy todo esta fluyendo muy bien ultimamente y ya,feliz
no te miento tengo miedo de que me rechacen si digo lo que pienso parce,miedo
ultimamente me siento muy perdido con mi vida y me afecta,triste
oye siento que fracase y es agotador,triste
es que no se si actue bien y eso no me deja tranquilo y no se que hacer,miedo
fijate que siento que estoy decepcionando a todos bro,triste
me cobraron mas de lo que decia el precio y no es facil,enojo
fijate que me salio el negocio que queria y no puedo evitarlo,feliz
men cumpli la meta que me habia puesto de verdad,feliz
ahora mismo hoy me senti comodo siendo yo mismo y me afecta mucho,feliz
te cuento que me citaron a declarar y estoy muy nervioso la verdad,miedo
la verdad siento que a nadie le importo y necesito que alguien me entienda,triste
ahora mismo lei el mensaje mal y arruine todo de verdad,triste
vieja me tiene muy desanimado todo esto y eso me duele,triste
me tiene con los nervios destrozados y eso me duele,miedo
hoy me critican las decisiones sin conocer mi situacion,enojo
la verdad es que me enoja mucho lo que dijiste,enojo
oye tengo miedo de que se den cuenta que no entiendo y nadie lo entiende,miedo
ultimamente vi que estaba en linea pero no me respondio y nadie lo entiende,triste
no te miento siento que algo esta pasando y nadie me dice que de verdad,miedo
estoy muy apenado por todo lo que perdí de verdad,triste
lo que pasa es que nadie me eligio para su equipo pero necesitaba decirlo,triste
es que me embargaron la cuenta y no entiendo por que parce,miedo
mira hoy me di cuenta que avance mucho y ya,feliz
es que tengo algo importante manana y no puedo dormir sinceramente,miedo
fijate que me ignoraron cuando trate de explicarme y quisiera que alguien me ayudara,enojo
fijate que alguien noto que estaba bien y me lo dijo pero necesitaba decirlo,feliz
ahora mismo me canse de pedir lo mismo sin resultado sinceramente,enojo
realmente estoy agradecido por todo,feliz
sinceramente tengo un mal presentimiento desde ayer y nadie lo sabe,miedo
parce perdi mi negocio y no se como seguir,triste
lo que pasa es que me tienes cansado con eso y no lo entiendo,enojo
para serte honesto hoy amaneci con mucha energia pero no digo nada,feliz
siento una pena muy grande por eso y me duele mucho,triste
en serio me hablaron muy mal y no puedo evitarlo,enojo
se rieron de como me exprese y no se como manejarlo,enojo
bro siento que no soy suficiente de verdad,triste
es que no entiendo nada y me da verguenza preguntar y me afecta mucho,triste
es que estoy muy asustado con lo que puede pasar la verdad,miedo
mira me tiene muy angustiado esa situacion y eso me duele,miedo
es que siento que algo no esta bien aunque todo parece normal y no puedo evitarlo,miedo
no me toman en serio por mi edad y me tiene pensando mucho,enojo
me da mucho miedo el futuro y eso me preocupa mucho,miedo
definitivamente me siento vacio y me afecta mucho,triste
no te miento me embargaron la cuenta y no entiendo por que y eso me duele,miedo
es que entregue el proyecto a tiempo y me afecta mucho,feliz
ultimamente esto me molesta demasiado y me afecta mucho,enojo
ahora mismo siento que no soy tan inteligente como los demas,triste
fijate que me dejaron hacer todo el trabajo solo y no se que hacer,enojo
mira siento que las cosas mejoran sinceramente,feliz
oye me da terror mostrarme como soy de verdad y no es facil admitirlo,miedo
mira que fastidio eres en serio y no lo entiendo,enojo
me cobraron de mas y no me quieren devolver y nadie lo sabe,enojo
me angustia pensar que quiza elegi mal mi carrera y me afecta,miedo
hoy nadie me eligio para su equipo pero necesitaba decirlo,triste
me hace muy feliz lo que hiciste y estoy muy contento,feliz
oye me cobraron de mas y no me quieren devolver,enojo
me siento muy bien emocionalmente en serio,feliz
fijate que no quiero mandar el audio por miedo a como sueno sinceramente,miedo
lo que pasa es que me usaron y despues me ignoraron y es agotador,enojo
mira me llegó una carta del juzgado y no se que es pero bueno,miedo
en serio me tocó repetir el tramite porque perdieron mis papeles de verdad,enojo
estoy con las personas que amo sinceramente,feliz
hoy no supe como responder y ahora me arrepiento y no se que hacer,triste
oye mi familia estuvo muy unida hoy,feliz
la verdad se aprovecharon de la buena fe mia,enojo
me da pena decirlo pero hablaron de algo que yo no sabia y me senti excluido,triste
oye me siento invisible y eso me pesa,triste
realmente me preocupa el futuro desde hace dias,miedo
es que tengo miedo de decir algo fuera de lugar pero necesitaba decirlo,miedo
te juro que me dieron la nota que esperaba y me afecta mucho,feliz
me hablaron como si fuera tonto la verdad,enojo
estoy en el mejor momento de mi vida de verdad,feliz
no te miento me cobraron de mas y no me quieren devolver,enojo
la verdad es que siento mucha angustia en este momento y eso me preocupa mucho,miedo
ahora mismo estoy realmente indignado y ya,enojo
tengo miedo de llegar a cierta edad sin haber logrado nada y ya,miedo
es que me enfurece tu actitud en serio,enojo
en serio todo me genera ansiedad ultimamente y es agotador,miedo
hoy por fin me compre lo que queria la verdad,feliz
la verdad esto me molesta mucho y estoy cansado,enojo
desde hace dias logre lo que queria y necesito que alguien me entienda,feliz
es que me preocupa no poder pagar el arriendo el otro mes la verdad,miedo
oye el medico me dijo que necesita hablar conmigo sinceramente,miedo
me salio el negocio que queria parce,feliz
la verdad estoy muy emocionado por todo lo que paso,feliz
la verdad termino mi relacion,triste
oye hoy me vi bien en el espejo y me gusto y nadie lo entiende,feliz
hoy hoy fue maravilloso esta semana,feliz
desde ayer me siento horrible hoy y no se que hacer,triste
oye me tiene con los nervios destrozados pero bueno,miedo
es que tengo miedo de llegar a cierta edad sin haber logrado nada la verdad,miedo
es que ya les dije mil veces y no cambia nada de verdad,enojo
es que me comi algo rico y me alegro el dia y nadie lo entiende,feliz
sinceramente hoy me vi bien en el espejo y me gusto y no es facil,feliz
fijate que me graduo el sabado en el paraninfo hermano,feliz
no se para donde voy y eso me asusta y me pone triste men,triste
es que defendi mi proyecto y quede bien de verdad,feliz
hoy me salio el cupo en el sena la verdad,feliz
hoy me citaron a declarar y estoy muy nervioso pero bueno,miedo
no se si contarte pero me dieron el viernes libre y quisiera que alguien me ayudara,feliz
hoy hoy fue un parche buenisimo y no puedo evitarlo,feliz
hoy me vi bien en el espejo y me gusto y ya,feliz
mira me quitaron el like y eso me bajo el animo men,triste
en serio me pusieron el visto y luego respondieron bien pero ya no puedo mas,feliz
hoy nada me salio bien hoy y no puedo evitarlo,enojo
la verdad es que que manera tan irresponsable de actuar de verdad,enojo
siento que no tengo proposito y ya,triste
mira lo que paso mi grupo de trabajo funciono muy bien y no lo digo seguido,feliz
te cuento que ya no somos lo que eramos y eso me entristece hermano,triste
tengo ansiedad de pensar en el futuro la verdad,miedo
no te miento me respondio el mensaje que esperaba y me pesa cargarlo solo,feliz
ultimamente me graduo este mes la verdad,feliz
me siento muy pleno y contento de verdad,feliz
hoy siento que me quede atras y nadie lo sabe,triste
mira me saca de mis casillas esto,enojo
oye no supe como responder y ahora me arrepiento y me pesa cargarlo solo,triste
te cuento que me preocupa no poder lograrlo otra vez,miedo
ahora mismo siento demasiado temor,miedo
oye siento que perdi una etapa de mi vida,triste
fijate que me da panico equivocarme y que no me perdonen y quisiera que alguien me ayudara,miedo
en este momento me siento destruido esta semana,triste
estoy muy nervioso por lo que puede pasar de verdad,miedo
desde hace dias me ignoraron completamente la verdad,enojo
en serio nada de lo que hago vale la pena y eso me pesa,triste
mira gane el concurso sinceramente,feliz
te cuento que pase el dia en cama y necesito que alguien me entienda,triste
hoy me canse de pedir ayuda y no recibirla,triste
en serio me da mucha rabia lo que hiciste sin excusas,enojo
me pusieron a hacer el trabajo de todos la verdad,enojo
fijate que me faltaron el respeto y eso me pesa,enojo
realmente me siento inseguro ultimamente,miedo
la verdad es que me siento muy bien en este momento,feliz
parce me dejaron plantado y ni se disculparon,enojo
fijate que perdi mi negocio y no se como seguir,triste
me da mucha alegria saber eso,feliz
hoy me hicieron perder un dia entero de verdad,enojo
hoy se aprovecharon de la buena fe mia y me tiene mal,enojo
para serte honesto me escribio la persona que me gusta y no puedo evitarlo,feliz
la verdad es que estoy muy triste y no quiero nada de verdad,triste
ultimamente me mencionaron en algo que me puso en ridiculo pero bueno,enojo
en serio me tiene muy desanimado todo esto y no puedo evitarlo,triste
no te miento me da mucho miedo entrar al salon y que todos me miren y me afecta mucho,miedo
oye se fue mi perro hoy sinceramente,triste
mira no alcance el cupo en la universidad publica,triste
para serte honesto tengo miedo de que las cosas cambien de repente pero ya no puedo mas,miedo
ultimamente me siento increible desde hace dias,feliz
hoy estoy muy feliz y emocionado de verdad,feliz
estoy muy triste con lo que me paso y no se como seguir,triste
mira se burlaron de mi y necesito que alguien me entienda,enojo
ahora mismo estoy temblando de nervios en este momento,miedo
no te miento me trataron como si yo fuera el problema y eso me duele,enojo
en serio tengo miedo de tomar la decision equivocada sinceramente,miedo
hoy tengo panico de fallar cuando todos confian en mi men,miedo
mira todo me genera ansiedad ultimamente la verdad,miedo
estoy muy angustiado sin encontrar salida y me tiene muy nervioso,miedo
estoy muy apenado y sin palabras y quisiera que no fuera así,triste
desde hace dias no entiendo nada y me da verguenza preguntar y no se como manejarlo,triste
me rechazaron y duela mucho y es agotador,triste
la verdad es que estoy muy nervioso con todo lo que pasa y eso me preocupa mucho,miedo
la verdad hoy descanse bien por primera vez en mucho tiempo la verdad,feliz
definitivamente estoy pasando un gran momento en este momento,feliz
es que tengo panico de fallar cuando todos confian en mi y ya,miedo
oye encontre algo que habia perdido hace tiempo pero bueno,feliz
hoy me siento nervioso y no puedo dormir,miedo
sinceramente siento que fracase y no lo puedo ocultar,triste
ultimamente me da terror mostrarme como soy de verdad pero necesitaba decirlo,miedo
mira me fue bien en el icfes y ya,feliz
la verdad algo me dice que las cosas van a cambiar mal y me afecta,miedo
ahora mismo siento que no encajo en ningún lado y no lo puedo ocultar,triste
es que hicieron lo que quisieron sin preguntarme nada,enojo
te cuento que me trataron como si no existiera y no lo puedo ocultar,enojo
mira me cancelaron a ultimo momento todo el tiempo,enojo
fijate que me pidieron que fuera a recursos humanos,miedo
sinceramente me ignoraron cuando trate de explicarme y me tiene agotado,enojo
te juro que ya no quiero hablar de eso porque nadie entiende y ya,triste
no te miento me da pavor equivocarme pero no digo nada,miedo
me tienen hasta la coronilla y no puedo evitarlo,enojo
es que dije algo que no quise decir y no se como explicarlo y no puedo evitarlo,triste
tengo miedo de lo que no puedo ver y no puedo calmarlo,miedo
siento una rabia horrible ahora mismo y no lo voy a tolerar,enojo
ultimamente siento que nadie me toma en serio y no se que hacer,enojo
ultimamente siento demasiado temor todo el tiempo,miedo
no puedo creer que eres muy desconsiderado con los demas y eso no esta bien,enojo
no te miento me excluyeron de la decision sin explicacion y no se como manejarlo,enojo
sinceramente hoy me senti muy bien conmigo mismo y ya,feliz
te cuento que algo cambio de repente y no entiendo por que de verdad,miedo
ultimamente logre cerrar el trato que necesitaba y quisiera que alguien me ayudara,feliz
te juro que me bloquearon sin darme ninguna explicacion,enojo
la verdad es que siento panico de lo que puede ocurrir y me tiene muy nervioso,miedo
te digo que siento un temor constante que no desaparece,miedo
ultimamente no se como decirlo sin que se enojen y no es facil admitirlo,miedo
fijate que me corrigieron el tono sin escuchar lo que dije y quisiera que alguien me ayudara,enojo
fijate que me mandaron un mensaje raro y no entiendo que quieren,miedo
encontre algo que habia perdido hace tiempo y no es facil,feliz
oye tengo panico de fallar cuando todos confian en mi y me afecta,miedo
es que me enoja mucho lo que dijiste y me parece muy mal,enojo
desde hace dias no se si ese mensaje significaba lo que creo y no se como manejarlo,miedo
oye pase el dia en cama todo el tiempo,triste
para serte honesto me ignoraron completamente y me afecta mucho,enojo
no te miento no se que va a pasar con mi vida todo el tiempo,miedo
oye mi familia se fue a vivir lejos y me siento solo,triste
hoy no me puedo sacar esta sensacion de encima pero necesitaba decirlo,miedo
la verdad es que estoy muy nervioso con esta situacion de verdad,miedo
es que no supe como responder y ahora me arrepiento y me pesa cargarlo solo,triste
ahora mismo me siento vulnerable en este momento,miedo
hoy siento demasiado temor por todo lo que pasa,miedo
fijate que llegue y me dijeron que no habia cupo y no puedo evitarlo,enojo
es que vi algo que me dejo muy intranquilo,miedo
en serio hoy llore sin saber por que otra vez,triste
para serte honesto no se como decirlo sin que se enojen y me cuesta mucho,miedo
realmente odio esta situacion otra vez,enojo
en este momento estoy disfrutando mucho,feliz
en serio me tiene muy intranquilo todo esto parce,miedo
sabes que estoy muy feliz con el resultado y es lo mejor que me paso,feliz
me tratan diferente por ser joven y ya,enojo
no se puede confiar en ti sin excusas,enojo
te digo que me salio todo bien y no me lo esperaba y ya,feliz
ultimamente estoy disfrutando mucho y me afecta mucho,feliz
siento una melancolia muy grande ahora y quisiera que no fuera así,triste
hoy me pidieron que fuera a una reunion sin decirme de que,miedo
para serte honesto me siento realizado y no puedo evitarlo,feliz
realmente me siento derrotado en este momento,triste
para serte honesto no hubo trafico hoy de verdad,feliz
no te miento ya no quiero esforzarme pero no digo nada,triste
oye siento que perdi una etapa de mi vida pero bueno,triste
en serio me da ansiedad cuando hay silencio en la conversacion pero ya no puedo mas,miedo
mira lo que paso tengo panico de que me pregunten algo frente a todos y no lo digo seguido,miedo
en serio tengo miedo de que me juzguen de verdad,miedo
es que hoy no tengo que trabajar y no puedo evitarlo,feliz
fijate que me ignoraron cuando tenia razon y me tiene mal,enojo
la verdad me tocó pagar una multa que no era justa y me cuesta mucho,enojo
para serte honesto no se que va a pasar con mi vida la verdad,miedo
te cuento que me da muy duro enfrentar esa conversacion y me cuesta mucho,miedo
mira ya me canse de repetirte lo mismo,enojo
en este momento me siento motivado hoy,feliz
es que me tiene muy angustiado esa situacion y me tiene mal,miedo
la verdad me da pavor equivocarme y no se que hacer,miedo
te cuento que me cancelaron a ultimo momento y me afecta mucho,enojo
en serio siento que no soy suficiente y no es facil,triste
oye me comparo mucho con los demas y me hace mal bro,triste
me da pena decirlo pero tengo miedo de que las cosas cambien de repente pero necesitaba decirlo,miedo
me da pena decirlo pero me dijeron que exageraba y quisiera que alguien me ayudara,enojo
ultimamente tengo miedo de caerle mal sin querer y no lo digo seguido,miedo
lo que pasa es que me bloqueo sin darme una explicacion y me cuesta mucho,triste
realmente me siento increible y no se que hacer,feliz
ahora mismo estoy muy contento por todo lo que paso,feliz
sabes que estoy emocionado con las noticias en serio,feliz
me citaron a declarar y estoy muy nervioso y eso me duele,miedo
ahora mismo no se que va a pasar con mi vida todo el tiempo,miedo
ahora mismo estoy harto de esto otra vez,enojo
hermano hoy fue un dia muy chévere de verdad,feliz
la verdad es que siempre me pasa lo mismo con las mismas personas y quisiera que alguien me ayudara,enojo
hoy ya no tengo fuerzas para nada y ya,triste
no se si ese mensaje significaba lo que creo y me tiene agotado,miedo
sinceramente siento una tristeza profunda que no pasa,triste
vieja me salio el traslado que pedi y me tiene mal,feliz
sinceramente me encontre con un amigo que no veia hace tiempo y no puedo evitarlo,feliz
desde ayer estoy demasiado cansado en este momento,triste
te juro que subi una foto y me arrepenti de haberla subido y me afecta,triste
hoy me dijeron que cambie como si estuviera mal ser yo y no se que hacer,triste
es que fallecio alguien cercano y ya,triste
oye me tienes harto de verdad y no lo entiendo,enojo
estoy muy agradecido por este momento y estoy muy agradecido,feliz
para serte honesto me da miedo pedir ayuda y no puedo evitarlo,miedo
no te miento tengo miedo de que me juzguen todo el tiempo,miedo
la verdad mi familia se fue a vivir lejos y me siento solo,triste
la verdad todo me afecta demasiado desde hace dias,triste
es que me paralizo cuando tengo que decidir pero no digo nada,miedo
me dieron el viernes libre y trato de disimularlo,feliz
la verdad compre mi primer carro y me afecta,feliz
la verdad estoy muy molesto con lo que hicieron,enojo
me regalaron algo que queria hace mucho de verdad,feliz
oye tengo panico de no saber como actuar en esa situacion y me cuesta mucho,miedo
hoy me eliminó de sus contactos sin decir nada de verdad,triste
desde hace dias tengo un presentimiento muy malo de verdad,miedo
oye tengo miedo de decir algo y que lo malinterpreten y me cuesta aceptarlo,miedo
sinceramente siento que perdi algo muy importante y me duele mucho,triste
hoy todo esta funcionando bien desde hace dias,feliz
estoy demasiado preocupado ultimamente,miedo
no te miento no se si actue bien y eso no me deja tranquilo y no se como manejarlo,miedo
la verdad me da susto pedir el favor porque me da pena de verdad,miedo
la verdad me toco irme del barrio que queria hermano,triste
tengo miedo de no poder manejar esto y no puedo calmarlo,miedo
definitivamente todo me irrita en este momento,enojo
me fue de maravilla en la entrevista de verdad,feliz
mira me dieron la beca de la universidad publica pero bueno,feliz
la verdad todo el mundo sigue y yo estoy quieto de verdad,triste
en serio me siento muy bien y muy contento,feliz
me faltaron el respeto delante de todos y me tiene mal,enojo
en serio todo me genera ansiedad ultimamente la verdad,miedo
la verdad es que me da miedo no estar preparado y no puedo calmarlo,miedo
definitivamente todo salio excelente todo el tiempo,feliz
oye que mal comportamiento tienes sin excusas,enojo
en serio me cobraron mas de lo que decia el precio,enojo
ahora mismo estoy al limite de mi paciencia y no lo puedo ocultar,enojo
desde hace dias publico algo que me dejo muy mal y me cuesta mucho,triste
la verdad estoy muy contento por todo lo que paso,feliz
siento que no soy tan inteligente como los demas y me afecta mucho,triste
hoy esto arruino mi dia otra vez,enojo
la verdad me llego un paquete que habia pedido y no se que hacer,feliz
hoy no tuve ganas de comer pero no digo nada,triste
hoy me siento muy afortunado y es lo mejor que me paso,feliz
me da terror no saber que va a pasar,miedo
es que estoy muy molesto con lo que hicieron,enojo
definitivamente siento mucha presion,miedo
la verdad es que que buen dia para estar bien,feliz
estoy furioso contigo,enojo
definitivamente odio esta situacion de verdad,enojo
estoy muy nervioso con todo lo que pasa y no puedo calmarlo,miedo
la verdad me toca salir tarde y me da miedo en la calle parce,miedo
no te miento me hicieron perder un dia entero y nadie lo sabe,enojo
es que me graduo el sabado en el paraninfo y ya,feliz
hermano me tocó pagar una multa que no era justa y no puedo evitarlo,enojo
parce me tienen muy hastiado con lo mismo y no se que hacer,enojo
es que hoy el clima estuvo perfecto y no es facil,feliz
es que me bloquearon sin darme ninguna explicacion de verdad,enojo
me da ansiedad publicar algo y que lo juzguen y me cuesta aceptarlo,miedo
sinceramente no voy a tolerar esto mas en serio,enojo
ultimamente estoy muy emocionado con lo que viene,feliz
en serio me faltaron el respeto y eso me pesa,enojo
la verdad no me dejaron terminar de hablar de verdad,enojo
vieja me descuentan del sueldo cosas que no firmé y no se que hacer,enojo
en este momento me siento sin energia todo el tiempo,triste
tengo miedo de que me rechacen si digo lo que pienso de verdad,miedo
ahora mismo tengo mucho miedo todo el tiempo,miedo
mira lo que paso no quiero mandar el audio por miedo a como sueno y me afecta mucho,miedo
en este momento esto arruino mi dia por todo lo que paso,enojo
sinceramente ya no quiero hablar otra vez,triste
lo que pasa es que que actitud tan mala la tuya y me parece muy mal,enojo
es que me dejo mi novio y estoy muy mal,triste
no puedo evitar que me da mucho miedo lo que dijeron y me tiene muy nervioso,miedo
no se si contarte pero ya les dije mil veces y no cambia nada y no es facil admitirlo,enojo
te juro que que descarado eres en serio y me parece muy mal,enojo
en serio me canse de pedir lo mismo sin resultado de verdad,enojo
hoy me hicieron perder el tiempo desde hace dias,enojo
te cuento que perdi algo muy importante la verdad,triste
oye me fue bien en el icfes pero bueno,feliz
te cuento que me dieron la beca de la universidad publica de verdad,feliz
me dejo mi novio y estoy muy mal de verdad,triste
hoy mi mejor amigo se fue a vivir lejos y me tiene mal,triste
no se me salio todo bien y no me lo esperaba,feliz
fijate que me siento muy achantado hoy parce,triste
la verdad ya no quiero hablar en este momento,triste
sinceramente me dijeron que era mi culpa cuando no lo era la verdad,enojo
ultimamente me siento muy vacio aunque tenga cosas que hacer,triste
me cuesta aceptar que eso ya termino de verdad,triste
fijate que me tiene muy bajoneado lo que paso y no es facil,triste
la verdad es que me entristece mucho la situacion,triste
ahora mismo me paraliza la idea de tener que hablar en grupo de verdad,miedo
mira eso me parece una irresponsabilidad total,enojo
me dejo mi novia y estoy muy bajoneado y ya,triste
es que tengo panico de fallar cuando todos confian en mi y nadie lo entiende,miedo
al fin entendí lo que no me salía,feliz
no te miento dijeron cosas que no son verdad sobre mi y ya,enojo
estoy pasando un gran momento y me afecta mucho,feliz
oye eso me pone muy furioso parce y no es facil,enojo
hermano me aterra quedar mal frente a todos y no se que hacer,miedo
desde hace dias me escribieron solo para reclamarme,enojo
desde ayer que problema tan absurdo desde hace dias,enojo
mira no puedo con esta rabia que siento y punto,enojo
hermano me tiene muy bajoneado lo que paso parce,triste
ahora mismo estoy muy contento otra vez,feliz
ahora mismo hoy fui honesto y salio bien y no se que hacer,feliz
no puedo creer que eres un egoista de primera sin excusas,enojo
sinceramente por fin me salio el pasaporte y nadie lo sabe,feliz
tengo ansiedad de pensar en el futuro men,miedo
la verdad manana es el dia y no estoy listo pero necesitaba decirlo,miedo
te cuento que dijeron cosas que no son verdad sobre mi sinceramente,enojo
no te miento lei el mensaje mal y arruine todo y me pesa cargarlo solo,triste
en serio me interrumpieron todo el tiempo y necesito que alguien me entienda,enojo
no se que quiero hacer con mi vida y me cuesta aceptarlo,miedo
fijate que mi grupo hizo el trabajo sin contar conmigo y me tiene agotado,triste
mira tengo panico de fallar cuando todos confian en mi pero bueno,miedo
fijate que pase el semestre sin perder nada y eso me tiene mal,feliz
siento que el miedo no me deja avanzar pero no digo nada,miedo
ahora mismo siento mucha presion otra vez,miedo
ultimamente me reconocieron el esfuerzo en el trabajo y me cuesta mucho,feliz
ahora mismo termino mi carrera todo el tiempo,feliz
realmente estoy muy preocupado todo el tiempo,miedo
fijate que si esto no funciona no se que voy a hacer pero bueno,miedo
la verdad la incertidumbre me tiene paralizado,miedo
fijate que me respondieron con mala actitud sin razon y no es facil admitirlo,enojo
estoy muy asustado de perder lo que amo,miedo
es que compre mi primer carro,feliz
oye tengo un presentimiento muy malo y es agotador,miedo
es que me produce rabia pensar en lo que hiciste y ya me canse,enojo
oye perdi algo muy importante y ya,triste
parce me da pena que se den cuenta que no entendi de verdad,miedo
me da pena decirlo pero me subieron el sueldo y me tiene agotado,feliz
vieja me tiene muy enojado esa situacion y nadie lo sabe,enojo
desde ayer todo me irrita desde hace dias,enojo
la verdad me tienen harto con esto y no se que hacer,enojo
hoy no tenemos para el arriendo este mes y ya,triste
me siento muy perdido con mi vida la verdad,triste
me eliminaron del grupo sin decir nada y no es facil,enojo
mira no voy a tolerar ese comportamiento y ya me canse,enojo
es que me da ansiedad abrir ese chat y nadie lo entiende,miedo
mañana es la presentacion y no estoy listo y no sé qué hacer,miedo
hermano me embargaron la cuenta y no entiendo por que pero bueno,miedo
oye me pusieron a hacer el trabajo de todos la verdad,enojo
en serio me mandaron buenas noticias por whatsapp pero necesitaba decirlo,feliz
te digo que me paraliza no saber cual es el camino correcto y no es facil,miedo
todo esta fluyendo muy bien ultimamente de verdad,feliz
en serio me ignoraron cuando tenia toda la razon pero bueno,enojo
ahora mismo hoy fue un dia muy gris la verdad,triste
sinceramente me etiquetaron en algo que me alegro el dia y trato de disimularlo,feliz
la verdad es que tengo panico de no saber como actuar en esa situacion y me cuesta mucho,miedo
sinceramente me da terror pensar que no hay salida,miedo
sinceramente lei el mensaje mal y arruine todo y me pesa cargarlo solo,triste
te cuento que me da miedo pedir ayuda la verdad,miedo
te cuento que no duermo de la preocupacion y ya,miedo
ultimamente estoy muy frustrado con todo esto men,enojo
fijate que me contactaron por mi trabajo y quede feliz,feliz
fijate que me siento muy lejos de ser feliz sinceramente,triste
ahora mismo todo salio mal desde hace dias,triste
me alegra mucho tu compania,feliz
es que sonrei todo el tiempo pero por dentro lloraba y no se que hacer,triste
no puedo soportar esta situacion sin excusas,enojo
es que me dejo mi novia y estoy muy bajoneado y no puedo evitarlo,triste
fijate que nadie noto que algo me pasaba y no lo digo seguido,triste
de verdad que dia tan exitoso fue hoy,feliz
fijate que sonrei todo el tiempo pero por dentro lloraba y no se como manejarlo,triste
para serte honesto tengo un presentimiento muy malo otra vez,miedo
sinceramente estoy muy bajo de animo desde entonces,triste
sinceramente me entristece mucho lo que hiciste y no lo puedo superar,triste
siento que todo el mundo sigue y yo me quede quieto parce,triste
me alegra mucho saber eso y es lo mejor que me paso,feliz
te juro que me molesta tu falta de consideracion y punto,enojo
es que me respondieron con mala cara sin razon pero bueno,enojo
hoy perdi mi trabajo hoy,triste
mira siento que se me acaba el tiempo y no se que hacer,miedo
te juro que cargue con toda la responsabilidad del grupo y me afecta mucho,enojo
la verdad me tiene muy angustiado esa situacion hermano,miedo
es que que falta de respeto tan grande y no lo voy a tolerar,enojo
me aterra la idea de perder todo y me tiene muy nervioso,miedo
ultimamente no puedo creer lo que hicieron y eso me pesa,enojo
vieja me pelee con mi mejor amigo y me duele mucho hermano,triste
hoy tengo ansiedad y me afecta mucho,miedo
lo que pasa es que siento una tristeza que me invade todo,triste
hoy me mencionaron en algo que me puso en ridiculo bro,enojo
oye me hicieron sentir mal por preguntar la verdad,enojo
me da miedo ir al medico todo el tiempo,miedo
es que me toco vender el carro que tanto queria y ya,triste
hoy me dijeron que era mi culpa cuando no lo era y me tiene mal,enojo
hoy fue un gran dia y no se que hacer,feliz
es que me interrumpieron todo el tiempo y ya,enojo
me faltaron el respeto delante de todos hermano,enojo
vi que me sacaron de un grupo y no dije nada men,triste
en serio me respondieron con mala actitud sin razon pero necesitaba decirlo,enojo
es que me llamaron de la empresa y no dijeron para que y no se que hacer,miedo
lo que pasa es que prometieron y no cumplieron y no lo puedo ocultar,enojo
la verdad me gane una chamba buenisima parce,feliz
la verdad hoy el clima estuvo perfecto y ya,feliz
mira ya no aguanto esta situacion la verdad,enojo
hoy la vida esta siendo buena conmigo y me tiene mal,feliz
no te miento me hablaron muy mal y ya,enojo
en serio tengo miedo de que me rechacen si digo lo que pienso pero ya no puedo mas,miedo
te digo que me tiene muy cansado esa actitud men,enojo
hoy estoy agotado de tener que explicar como me siento y nadie lo entiende,triste
la verdad es que me echaron la culpa de lo que salio mal sinceramente,enojo
fijate que manana es el dia y no estoy listo de verdad,miedo
hoy me tiene muy cansado esa actitud y nadie lo entiende,enojo
es que estoy muy asustado y no se que hacer y me tiene muy nervioso,miedo
sinceramente siento una tristeza muy profunda de verdad,triste
hermano me hicieron fila tres horas y no me atendieron y ya,enojo
la verdad es que estoy muy angustiado con las noticias de hoy,miedo
fijate que me ignoraron completamente sinceramente,enojo
ahora mismo me mandaron un audio muy lindo y eso me tiene mal,feliz
me llegó una carta del juzgado y no se que es y no es facil,miedo
te digo que me tiene muy irritado todo lo que esta pasando de verdad,enojo
sinceramente me fui de viaje y me tiene mal,feliz
lo que pasa es que cambiaron las reglas sin avisarme y nadie lo entiende,enojo
hoy me siento muy orgulloso de lo logrado y estoy muy agradecido,feliz
la verdad me fui de viaje sinceramente,feliz
lo que pasa es que hoy fue un dia muy gris y ya,triste
ultimamente estoy demasiado cansado y no se que hacer,triste
hoy el clima estuvo perfecto,feliz
te cuento que siento que algo malo va a pasar y necesito que alguien me entienda,miedo
oye mi grupo hizo el trabajo sin contar conmigo y me pesa cargarlo solo,triste
es que me preocupa haber dicho algo sin darme cuenta de verdad,miedo
definitivamente que problema tan absurdo otra vez,enojo
hoy me prometieron el trabajo y al final le dieron a otro y no se que hacer,enojo
te cuento que quede muy contento con el resultado hermano,feliz
hoy me faltaron el respeto delante de todos y no puedo evitarlo,enojo
desde hace dias no se si actue bien y eso no me deja tranquilo sinceramente,miedo
me da pena hablar en publico y manana me toca y no es facil,miedo
mira hoy fue mejor de lo que esperaba y no puedo evitarlo,feliz
te juro que me saca de quicio esa actitud,enojo
ultimamente tengo miedo de caerle mal sin querer de verdad,miedo
hoy encontre algo que habia perdido hace tiempo la verdad,feliz
ultimamente estoy cansado mentalmente todo el tiempo,triste
sinceramente me preocupa no poder pagar el arriendo el otro mes y no se que hacer,miedo
fijate que me da pena hablar en publico y manana me toca,miedo
te cuento que siento que algo malo va a pasar y no puedo evitarlo,miedo
lo que pasa es que termine la semana sin ningun problema de verdad,feliz
mira siento que el tiempo se me acaba y no he hecho nada,miedo
hoy siento que no le importo a nadie de verdad sinceramente,triste
oye siento que finjo estar bien tan seguido que ya ni se men,triste
ahora mismo me siento destruido ultimamente,triste
realmente me sacaron la paciencia y no se que hacer,enojo
en serio me toco vender el carro que tanto queria y no es facil,triste
es que me da mucho miedo el futuro de verdad,miedo
me sacaron de la jugada sin ninguna explicacion y me cuesta mucho,enojo
ahora mismo estoy disfrutando mucho en este momento,feliz
es que me dejaron,triste
la verdad me siento increible con todo lo que paso,feliz
te digo que tengo miedo de no poder salir adelante y me tiene muy nervioso,miedo
hoy me tratan diferente por ser joven de verdad,enojo
fijate que nada de lo que hago vale la pena pero no digo nada,triste
me pagan mal y me exigen demasiado pero bueno,enojo
no te miento tengo miedo de ver lo que me respondieron,miedo
honestamente me da demasiada rabia todo el tiempo,enojo
ahora mismo tengo ansiedad por todo lo que paso,miedo
desde hace dias me echaron la culpa de lo que salio mal y me afecta mucho,enojo
me da mucho miedo enfrentar esta situacion y no puedo calmarlo,miedo
lo que pasa es que estoy muy bajoneado con todo,triste
en serio eso me pone muy furioso parce y me cuesta mucho,enojo
ahora mismo me siento vacio,triste
mira me toco irme del barrio que queria y me tiene mal,triste
lo que pasa es que me tiene harto tu falta de respeto,enojo
me indigna tu forma de actuar,enojo
ultimamente pase el dia en cama y ya,triste
mira no me puedo quitar esa preocupacion de encima de verdad,miedo
mira siento que todo el mundo sigue y yo me quede quieto la verdad,triste
desde ayer me hicieron perder el tiempo desde hace dias,enojo
hoy me tiene muy bravo la falta de respeto de verdad,enojo
sinceramente alguien me entendio sin que yo explicara mucho sinceramente,feliz
parce me aprobo el credito el banco,feliz
no te miento me tiene con los nervios destrozados de verdad,miedo
en serio estoy lleno de energia y alegria y estoy muy agradecido,feliz
mira me sacaron de la jugada sin ninguna explicacion,enojo
fijate que me reconocieron el esfuerzo en el trabajo y trato de disimularlo,feliz
definitivamente me siento derrotado y no se que hacer,triste
no se si contarte pero me da ansiedad cuando hay silencio en la conversacion y no se como manejarlo,miedo
me saca de quicio esa actitud y punto,enojo
oye hice algo que me daba miedo y salio bien y eso me tiene mal,feliz
desde hace dias me preocupa tanto que no puedo dormir y ya,miedo
me preocupa demasiado esto esta semana,miedo
es que me comi algo rico y me alegro el dia la verdad,feliz
desde hace dias me ignoraron cuando tenia razon sinceramente,enojo
estoy emocionado con las noticias y estoy muy contento,feliz
definitivamente estoy muy preocupado desde hace dias,miedo
es que hoy fue un parche buenisimo pero bueno,feliz
te digo que no se que quiero hacer con mi vida,miedo
sinceramente me siento vacio ultimamente,triste
desde hace dias todo tiene sentido ahora y es agotador,feliz
ultimamente tuve que repetir lo mismo mil veces sinceramente,enojo
te cuento que se aprovecharon de que no sabia pero bueno,enojo
mira salimos a rumbear y la pase muy bien,feliz
me dieron una sorpresa muy bonita hoy pero bueno,feliz
hoy no tuve que madrugar y lo disfrute y no es facil,feliz
termine el curso que venia haciendo y ya,feliz
ultimamente mi grupo de trabajo funciono muy bien y no puedo evitarlo,feliz
sinceramente me da muy duro enfrentar esa conversacion y me tiene mal,miedo
lo que es cierto es que estoy muy satisfecho con mis decisiones y estoy muy contento,feliz
hoy me tienen hasta la coronilla la verdad,enojo
definitivamente todo me irrita y no se que hacer,enojo
la verdad me invitaron a participar en algo importante y nadie lo entiende,feliz
ultimamente la incertidumbre me tiene paralizado y ya,miedo
ahora mismo me da terror mostrarme como soy de verdad y no es facil admitirlo,miedo
es que hicieron lo que quisieron sin preguntarme nada y nadie lo sabe,enojo
nos separamos despues de mucho tiempo pero necesitaba decirlo,triste
no te miento tengo un presentimiento muy malo y ya,miedo
lo que pasa es que me saca de quicio esa actitud y ya me canse,enojo
vieja me llegó una carta del juzgado y no se que es y eso me duele,miedo
es que el transporte salio tardisimo y llegue tarde por eso pero bueno,enojo
la verdad no me reconozco ultimamente,triste
intento convencerme de que es solo nervios pero mi cuerpo no me cree,miedo
es que me pusieron a hacer el trabajo de todos,enojo
es que ya no hablo con alguien que queria mucho y ya,triste
vieja ya no hablo con mi parcero de toda la vida parce,triste
lo que pasa es que estoy muy triste y no quiero nada,triste
no puedo evitar que me da mucho miedo no estar listo y no se que hacer,miedo
fijate que el transporte salio tardisimo y llegue tarde por eso,enojo
me da pena decirlo pero quise decir algo pero no encontre las palabras y me cuesta mucho,triste
es que me tiene muy apagado esta situacion,triste
sinceramente me da mucho miedo estar solo en esto y eso me preocupa mucho,miedo
ultimamente me siento realizado todo el tiempo,feliz
sinceramente estoy muy frustrado con todo esto la verdad,enojo
la verdad es que tengo miedo de haber arruinado algo sin saberlo y me cuesta mucho,miedo
fijate que sali del pais por primera vez la verdad,feliz
sinceramente me mintieron en mi cara y no se que hacer,enojo
hermano tengo panico de que me pregunten algo en clase hermano,miedo
para serte honesto no supe como responder y ahora me arrepiento y me afecta mucho,triste
te cuento que termino mi carrera,feliz
la verdad hoy me senti muy bien conmigo mismo,feliz
hoy estoy muy bacano con la noticia pero bueno,feliz
mira estoy esperando una respuesta y me tiene nervioso y eso me pesa,miedo
hoy tengo un mal presentimiento desde ayer y no se que hacer,miedo
desde ayer tengo ansiedad desde hace dias,miedo
ultimamente tengo mucho miedo,miedo
si esto no funciona no se que voy a hacer de verdad,miedo
definitivamente no quiero salir solo y no se que hacer,miedo
bro hoy todo el transporte me funciono perfecto,feliz
en serio me reconocieron el esfuerzo en el trabajo,feliz
sinceramente me hicieron fila tres horas y no me atendieron la verdad,enojo
hoy me tiene muy triste esta vuelta y nadie lo sabe,triste
en serio salimos a rumbear y la pase muy bien,feliz
que maravilloso es sentirse asi en serio,feliz
me borraron un comentario que tenia toda la razon pero bueno,enojo
lo que es cierto es que estoy muy feliz con el camino que tome de verdad,feliz
desde ayer tengo panico otra vez,miedo
oye no quise hablar con nadie hoy,triste
sinceramente siento una ansiedad tremenda ahora y no se que hacer,miedo
estoy muy ido hoy no se que me pasa y ya,triste
de verdad me tiene indignado lo que paso y no lo voy a tolerar,enojo
de verdad siento un vacio muy grande en mi y me duele mucho,triste
hoy mi equipo gano hoy y estoy feliz y me tiene mal,feliz
hoy eso me pone muy furioso parce de verdad,enojo
me da mucha pena decirle eso a la gente y no se que hacer,miedo
la verdad todo esta funcionando bien y no se que hacer,feliz
oye borre todas mis fotos porque no me gustaba nada y nadie lo entiende,triste
hoy termino mi relacion de verdad,triste
desde ayer no soporto esta situacion otra vez,enojo
me cambiaron el turno sin avisarme y no puedo evitarlo,enojo
parce me siento muy solo en esta ciudad y no se que hacer,triste
sinceramente hoy fue un parche buenisimo y eso me duele,feliz
hoy me tiene muy angustiado esa situacion,miedo
sinceramente no se para donde voy y eso me asusta y me pone triste y me tiene pensando mucho,triste
me cayo muy bien esa persona y no se que hacer,feliz
la verdad es que estoy muy nervioso y asustado de verdad,miedo
para serte honesto estoy muy ilusionado con lo que viene y me tiene mal,feliz
es que ya no esta la persona que queria y me afecta mucho,triste
tengo panico,miedo
no te miento fallecio alguien cercano sinceramente,triste
ahora mismo nada me salio bien hoy y no puedo evitarlo,enojo
terminé algo importante y no hubo nadie con quién celebrarlo,triste
sinceramente extraño como eran las cosas antes y es agotador,triste
en serio me saca de quicio todo esto y me tiene mal,enojo
hoy hoy no tengo que trabajar todo el tiempo,feliz
es que tengo miedo de lo que piensen de mi pero no digo nada,miedo
te cuento que tengo miedo de que me rechacen si digo lo que pienso y no puedo evitarlo,miedo
te digo que estoy muy angustiado por todo esto y me tiene muy nervioso,miedo
te cuento que no puedo creer lo que hicieron de verdad,enojo
que irresponsable eres con todo y no lo entiendo,enojo
no te miento mi mejor amigo se fue para otro pais,triste
es que salimos a rumbear y la pase muy bien y me tiene mal,feliz
te digo que estoy cansado de aparentar que todo esta bien,triste
hoy fue un parche buenisimo,feliz
ultimamente pude decir lo que sentia sin miedo y no se que hacer,feliz
fijate que tengo panico de que me pregunten algo frente a todos y quisiera que alguien me ayudara,miedo
es que por fin me contestaron pero necesitaba decirlo,feliz
para serte honesto me siento muy lejos de ser feliz todo el tiempo,triste
hoy todo me hace enojar en este momento,enojo
fijate que siento que todo el mundo sigue y yo me quede quieto pero bueno,triste
lo que pasa es que me cancelaron a ultimo momento y es agotador,enojo
en serio tengo miedo de que me vaya mal en las parciales la verdad,miedo
oye siento que todo el mundo sigue y yo me quede quieto pero bueno,triste
te juro que siento que todos avanzan menos yo,triste
para serte honesto me cambiaron el trabajo sin consultarme y trato de disimularlo,enojo
hoy siento que nadie me toma en serio y no se que hacer,enojo
fijate que me tienen muy hastiado con lo mismo,enojo
hoy me case hoy y ya,feliz
realmente odio esta situacion en este momento,enojo
la verdad me siento muy feliz,feliz
sinceramente capturaron una conversacion privada y la compartieron y me afecta,enojo
no te miento el silencio de esa persona me preocupa mucho,miedo
sinceramente me respondieron con mala cara sin razon la verdad,enojo
de verdad no puedo creer tanta irresponsabilidad,enojo
la verdad es que me aterra quedarme sin opciones y me tiene muy nervioso,miedo
fijate que me cuesta aceptar que eso ya termino la verdad,triste
desde hace dias manana tengo una prueba importante y estoy nervioso de verdad,miedo
oye me invitaron a participar en algo importante y ya,feliz
me costo mucho levantarme hoy todo el tiempo,triste
llegue a los seguidores que queria y no es facil,feliz
en este momento me siento motivado por todo lo que paso,feliz
ultimamente tengo miedo de tomar una decision y que salga mal de verdad,miedo
mira todo esta fluyendo muy bien ultimamente men,feliz
hoy ya no hablo con alguien que queria mucho y me tiene mal,triste
sinceramente siento una inquietud que no me deja tranquilo y no puedo calmarlo,miedo
no te miento hablaron de algo que yo no sabia y me senti excluido y eso me tiene mal,triste
ultimamente quise decir algo pero no encontre las palabras y me cuesta mucho,triste
sinceramente me hicieron sentir especial y me tiene mal,feliz
en serio me trataron muy mal sin razon de verdad,enojo
la verdad es que usaron lo que les conte en mi contra,enojo
no se desactive mis redes porque me hacian sentir mal y no puedo evitarlo,triste
que descaro tan grande el de esa gente y no es facil,enojo
es que me dijeron que era mi culpa cuando no lo era y no puedo evitarlo,enojo
la verdad desactive mis redes porque me hacian sentir mal bro,triste
hoy pase el dia en cama la verdad,triste
desde hace dias me faltaron el respeto,enojo
es que hoy el clima estuvo perfecto,feliz
fijate que siento que a nadie le importo de verdad,triste
la verdad consegui apartamento en arriendo bien precio y no se que hacer,feliz
mira mi abuela ya no esta la verdad,triste
no te miento me da terror enfrentar esto solo y no se que hacer,miedo
no se si contarte pero hablaron de algo que yo no sabia y me senti excluido y eso me tiene mal,triste
estoy muy nervioso de cara a lo que viene,miedo
hoy ya no aguanto mas esa situacion,enojo
la verdad siento demasiado temor y eso me preocupa,miedo
es que me salio el traslado que pedi y me cuesta mucho,feliz
ahora mismo tengo miedo de que todo cambie otra vez,miedo
me da mucho miedo no estar listo,miedo
estoy demasiado molesto,enojo
oye tengo miedo de que me juzguen y no se que hacer,miedo
hermano me ignoraron cuando tenia toda la razon la verdad,enojo
sinceramente no soporto esta situacion ultimamente,enojo
mira me llamaron de la empresa y no dijeron para que,miedo
en serio estoy cansado de aparentar que todo esta bien y ya,triste
hoy no entiendo nada y me da verguenza preguntar y eso me tiene mal,triste
en serio no me toman en serio por mi edad y no se que hacer,enojo
lo que pasa es que ya no aguanto esta situacion otra vez,enojo
me entristece mucho lo que paso,triste
lo que pasa es que dije algo que no quise decir y no se como explicarlo pero necesitaba decirlo,triste
hoy estoy muy bravo con lo que paso,enojo
me da terror no saber que va a pasar y no puedo calmarlo,miedo
no te miento se aprovecharon de que no sabia,enojo
realmente me siento lleno de energia desde hace dias,feliz
la verdad me tocó pagar una multa que no era justa pero bueno,enojo
ultimamente por fin me contestaron y no se como manejarlo,feliz
es que estoy muy asustado sin saber que hacer y me tiene muy nervioso,miedo
sinceramente no te lo voy a perdonar tan facil,enojo
te cuento que me tiene muy apagado esta situacion,triste
me dejo en visto y no respondio pero ya no puedo mas,triste
no te miento tengo miedo de que me vaya mal en las parciales y no es facil,miedo
es que estoy muy cansado de lucharla solo y me cuesta mucho,triste
hoy siento que me estoy quedando sin opciones de verdad,miedo
es que me tiene muy irritado todo esto,enojo
definitivamente estoy muy preocupado todo el tiempo,miedo
estoy muy nervioso con esa vuelta pero bueno,miedo
te digo que que dia tan especial fue hoy para mi y estoy muy contento,feliz
men me comparo mucho con los demas y me hace mal y ya,triste
sinceramente me duele mucho lo que ocurrio,triste
me graduo este mes y ya,feliz
me paralizo cuando tengo que decidir y no se que hacer,miedo
en serio me dieron acceso a la oportunidad que queria y me tiene pensando mucho,feliz
sinceramente estoy demasiado angustiado para pensar y no puedo evitarlo,miedo
para serte honesto hoy me senti comodo siendo yo mismo y trato de disimularlo,feliz
mira me hablaron muy mal y no se que hacer,enojo
mira no me puedo quitar esa preocupacion de encima y no se que hacer,miedo
hoy todo me irrita y no se que hacer,enojo
oye capturaron una conversacion privada y la compartieron y no puedo evitarlo,enojo
no te miento no pude ir a la graduacion la verdad,triste
hoy me siento invisible y me afecta mucho,triste
sinceramente me hablaron muy feo sin ninguna razon pero bueno,enojo
la verdad me mandaron un mensaje raro y no entiendo que quieren y ya,miedo
fijate que hoy amaneci con mucha energia y me afecta mucho,feliz
es que estoy muy angustiado sin encontrar salida,miedo
me cancelaron la cita sin avisar y me afecta,enojo
para serte honesto me da ansiedad cuando hay silencio en la conversacion y no es facil admitirlo,miedo
no voy a tolerar esto mas en serio,enojo
hoy me siento furioso ultimamente,enojo
hoy me da pena hablar en publico y manana me toca y no es facil,miedo
capturaron una conversacion privada y la compartieron men,enojo
nacio mi hijo sinceramente,feliz
mira llegue y me dijeron que no habia cupo la verdad,enojo
tengo panico de que me pregunten algo en clase de verdad,miedo
men hoy me senti muy bien conmigo mismo,feliz
es que siento que voy a fallar manana y me tiene mal,miedo
desde hace dias no se si voy a poder con esto todo el tiempo,miedo
lo que pasa es que tengo miedo de caerle mal sin querer y no se que hacer,miedo
estoy muy emocionado con esto y no lo puedo creer,feliz
desde hace dias me mintieron en mi cara y no se que hacer,enojo
desde ayer estoy disfrutando mucho,feliz
sinceramente no es la primera vez y eso me tiene agotado pero ya no puedo mas,enojo
no te miento hablaron de algo que yo no sabia y me senti excluido y nadie lo entiende,triste
hermano me dejo mi novio y estoy muy mal parce,triste
si esto no funciona no se que voy a hacer pero necesitaba decirlo,miedo
realmente me encanta este momento ultimamente,feliz
ultimamente pase el dia en cama todo el tiempo,triste
ultimamente siento que el miedo no me deja avanzar y necesito que alguien me entienda,miedo
hoy me siento horrible por todo lo que paso,triste
realmente me siento excelente y me encanta,feliz
es que estoy furioso contigo sin excusas,enojo
la verdad me angustia pensar que quiza elegi mal mi carrera y no es facil,miedo
la verdad es que no se si actue bien y eso no me deja tranquilo y me pesa cargarlo solo,miedo
te cuento que no tengo plan b si esto falla y no se que hacer,miedo
parce me tiene muy cansado esta gente y nadie lo sabe,enojo
en este momento todo salio excelente ultimamente,feliz
te cuento que me salio el negocio que queria y eso me duele,feliz
no voy a permitir que me hagas eso y eso no esta bien,enojo
todo salio excelente desde hace dias,feliz
la verdad no me puedo sacar esta sensacion de encima y nadie lo sabe,miedo
mira me cobraron mas de lo que decia el precio y no se que hacer,enojo
es que me pone ansioso salir de casa y ya,miedo
en serio el partido de colombia salio bien y eso me duele,feliz
la verdad siento demasiado temor todo el tiempo,miedo
es que me asusta mucho lo que esta pasando en el barrio y me cuesta mucho,miedo
de verdad estoy en el mejor momento de mi vida,feliz
la verdad fallecio alguien cercano la verdad,triste
es que me escribieron para disculparse y me alegro y no puedo evitarlo,feliz
en serio que alegria me da verte bien de verdad,feliz
parce me tiene muy angustiado esa situacion,miedo
no se si actue bien y eso no me deja tranquilo y quisiera que alguien me ayudara,miedo
hermano me echaron la culpa de algo que hizo otro pero bueno,enojo
sinceramente me sacaron la paciencia,enojo
me hicieron fila tres horas y no me atendieron y nadie lo sabe,enojo
te digo que me salio el primer cliente bro,feliz
hoy nadie me escucha la verdad,triste
ultimamente dijeron cosas que no son verdad sobre mi y es agotador,enojo
es que ya nada es igual de verdad,triste
fijate que me paralizo cuando tengo que decidir y me tiene mal,miedo
no te miento tuve que fingir que estaba bien toda la noche y nadie lo entiende,triste
sinceramente estoy muy triste y no quiero nada de verdad,triste
la verdad me siento incomodo con esto,miedo
en serio no te soporto mas de verdad,enojo
para serte honesto siento que nadie me toma en serio y no puedo evitarlo,enojo
oye que impotencia siento ahora y ya me canse,enojo
ultimamente publicaron algo mio sin pedirme permiso men,enojo
te cuento que no se si voy a poder con lo que viene,miedo
tengo miedo de que me vaya mal en las parciales y no se que hacer,miedo
hoy me siento muy vacio aunque tenga cosas que hacer,triste
te digo que me da panico enviar ese mensaje y quedar mal,miedo
hoy me toco irme del barrio que queria de verdad,triste
mira me comi algo rico y me alegro el dia y no se que hacer,feliz
en este momento no quiero salir solo por todo lo que paso,miedo
lo que pasa es que no respetas nada ni a nadie y punto,enojo
es que me da muy duro enfrentar esa conversacion,miedo
te cuento que ya no hablo con mi parcero de toda la vida hermano,triste
te juro que me dieron el viernes libre y no se como manejarlo,feliz
desde ayer me siento muy triste todo el tiempo,triste
mira me cayo del cielo esa noticia parce,feliz
honestamente me molesta tu falta de consideracion en serio,enojo
en serio me duele el alma y me tiene mal,triste
lo que pasa es que consegui el trabajo y no lo puedo ocultar,feliz
en serio no se si actue bien y eso no me deja tranquilo y me pesa cargarlo solo,miedo
ahora mismo me siento inseguro ultimamente,miedo
no te miento hoy no tuve que fingir que estaba bien y eso me tiene mal,feliz
en este momento odio esta situacion otra vez,enojo
no te miento hicieron algo injusto y nadie dijo nada y ya,enojo
hoy hoy me senti muy a gusto con todo de verdad,feliz
te cuento que tengo un presentimiento muy malo y ya,miedo
hermano me pidieron que fuera a recursos humanos la verdad,miedo
hoy que descaro tan grande el de esa gente y no puedo evitarlo,enojo
fijate que me cancelaron a ultimo momento y no se que hacer,enojo
sinceramente me tienen harto con esto en este momento,enojo
hoy me asusta mucho lo que esta pasando en el barrio de verdad,miedo
no voy a permitir que me hagas eso en serio,enojo
en serio me tiene con los nervios destrozados parce,miedo
mi mejor amigo se fue para otro pais parce,triste
no te miento el resultado me tiene muy angustiado y ya,miedo
estoy muy apenado con lo que paso,triste
me siento solo y muy triste y quisiera que no fuera así,triste
oye hoy no tengo que trabajar y no lo puedo ocultar,feliz
la verdad el medico me dijo que necesita hablar conmigo,miedo
hermano me tiene muy enojado esa situacion,enojo
hoy me eliminó de sus contactos sin decir nada y no se que hacer,triste
me da pavor pensar en eso y eso me preocupa mucho,miedo
es que se aprovecharon de la buena fe mia,enojo
te digo que que buen dia para estar bien y no lo puedo creer,feliz
en serio me cayo muy bien esa persona de verdad,feliz
mira me borraron un comentario que tenia toda la razon,enojo
sinceramente me trataron diferente a los demas la verdad,enojo
hoy fue mejor de lo que esperaba la verdad,feliz
estoy muy asustado con lo que puede pasar parce,miedo
definitivamente estoy agradecido por todo ultimamente,feliz
en serio ya me colmaste la paciencia y no lo voy a tolerar,enojo
definitivamente nada tiene sentido en este momento,triste
lo que es cierto es que me alegra que todo haya salido bien y estoy muy agradecido,feliz
no puedo creer que me cansa tu falta de madurez y eso no esta bien,enojo
me copiaron el contenido y ni siquiera lo cambiaron la verdad,enojo
me siento muy bien conmigo mismo todo el tiempo,feliz
oye me cambiaron el turno sin avisarme,enojo
te juro que no entendi bien el tono y eso me tiene angustiado y quisiera que alguien me ayudara,miedo
me tienen harto con esto,enojo
la verdad el transporte salio tardisimo y llegue tarde por eso de verdad,enojo
no te miento me siento muy achantado hoy y me cuesta mucho,triste
en serio me da ansiedad abrir ese chat y no lo digo seguido,miedo
es que me tiene con los nervios destrozados hermano,miedo
oye me faltaron el respeto delante de todos y me tiene mal,enojo
salimos a rumbear y la pase muy bien y no es facil,feliz
ultimamente me canse de ser el que siempre aguanta,triste
es que me tiene angustiado no saber que va a pasar y ya,miedo
oye mi equipo gano hoy y estoy feliz la verdad,feliz
te cuento que me citaron para hablar y no se de que la verdad,miedo
me tiene muy bravo la falta de respeto,enojo
es que cambiaron las reglas sin avisarme y me tiene agotado,enojo
hoy me tiene completamente harto otra vez,enojo
me tiene muy irritado todo lo que esta pasando,enojo
ultimamente publicaron algo mio sin pedirme permiso y no es facil,enojo
oye me angustia no tener todo claro a mi edad y me tiene pensando mucho,miedo
la verdad ya no aguanto mas todo el tiempo,enojo
sinceramente estoy muy angustiado con todo esto y me tiene muy nervioso,miedo
te cuento que me salio el traslado que pedi,feliz
te digo que hoy descanse bien por primera vez en mucho tiempo bro,feliz
sinceramente tengo miedo de lo que piensen de mi y eso me pesa,miedo
te digo que me entristece mucho lo que hiciste,triste
hoy me hicieron perder un dia entero la verdad,enojo
es que tengo panico de decir algo y que lo malinterpreten,miedo
tengo panico de enfrentar esto solo y no se que hacer,miedo
me mandaron un mensaje raro y no entiendo que quieren y me tiene mal,miedo
la verdad es que me asusta que piensen que soy raro y me afecta mucho,miedo
sinceramente me invitaron a participar en un proyecto y no se que hacer,feliz
sinceramente hoy el clima estuvo perfecto pero bueno,feliz
la verdad me siento excelente hoy y no se que hacer,feliz
ahora mismo el profesor me humillo frente a todos y me tiene agotado,triste
ultimamente gane el concurso y me afecta mucho,feliz
estoy muy triste con el resultado,triste
ultimamente todo esta funcionando bien,feliz
es que me eliminaron del grupo sin decir nada pero bueno,enojo
la verdad desactive mis redes porque me hacian sentir mal men,triste
hoy todo salio mal desde hace dias,triste
hoy tengo miedo de que mis sueños no sean suficientes,miedo
desde hace dias tengo miedo de que mi respuesta suene agresiva y no se como manejarlo,miedo
sinceramente estoy muy apenado por lo que paso,triste
te cuento que ya no hablo con mi parcero de toda la vida y no se que hacer,triste
desde ayer estoy muy enojado desde hace dias,enojo
hoy el transporte salio tardisimo y llegue tarde por eso y no puedo evitarlo,enojo
es que estoy al limite de mi paciencia y no lo puedo ocultar,enojo
es que la incertidumbre me tiene paralizado sinceramente,miedo
me case hoy la verdad,feliz
sinceramente me siento muy desanimado hoy y no se como seguir,triste
ahora mismo todo salio excelente esta semana,feliz
mira nadie me escucha otra vez,triste
lo que es cierto es que estoy muy feliz con el resultado en serio,feliz
desde ayer todo me fastidia esta semana,enojo
hoy tengo miedo de haber arruinado algo sin saberlo y me tiene agotado,miedo
es que nadie hace las cosas bien aqui y no se que hacer,enojo
me mencionaron en algo que me puso en ridiculo y no se que hacer,enojo
la verdad me mencionaron en algo que me puso en ridiculo,enojo
la verdad es que me indigna tu forma de actuar y ya me canse,enojo
la verdad es que que buena suerte la mia hoy en serio,feliz
no se que quiero hacer con mi vida bro,miedo
me hablaron muy feo sin ninguna razon parce,enojo
mira me siento muy lejos de ser feliz y necesito que alguien me entienda,triste
ultimamente me tiene muy cansado esa actitud pero bueno,enojo
es que me tiene muy molesto que nadie haga nada men,enojo
oye nadie hace las cosas bien aqui y ya,enojo
todo esta mejorando en este momento,feliz
no te miento no supe leer la situacion y meti la pata y no es facil admitirlo,triste
te cuento que el resultado me tiene muy angustiado pero no digo nada,miedo
hoy termino mi relacion y me afecta,triste
lo que pasa es que que injusto es todo esto,enojo
desde hace dias me da ansiedad abrir ese chat y me tiene agotado,miedo
para serte honesto hoy fue un dia muy gris y eso me pesa,triste
hoy me senti muy a gusto con todo,feliz
desde hace dias me tiene angustiado no saber que va a pasar y no lo puedo ocultar,miedo
te cuento que nada me da ganas ultimamente,triste
me mandaron al último en la lista,triste
la verdad me sacaron la paciencia por todo lo que paso,enojo
en serio me duele mucho lo que me dijeron y me duele mucho,triste
hoy me mintieron descaradamente en la cara la verdad,enojo
me da terror no saber que va a pasar y me tiene muy nervioso,miedo
sinceramente me da pavor equivocarme y ya,miedo
oye se fue mi gato hoy,triste
ya no se que hacer en este momento,triste
ahora mismo estoy harto de esto desde hace dias,enojo
en serio me entristece mucho esta situacion,triste
extraño mucho a las personas que ya no estan,triste
mañana presento y no he empezado nada y no lo puedo creer,miedo
me fue de maravilla en la entrevista parce,feliz
lo que pasa es que me duele mucho lo que significa esto y quisiera que no fuera así,triste
me da pena decirlo pero tengo miedo de que se den cuenta que no entiendo sinceramente,miedo
de verdad siento una tristeza que me invade todo,triste
parce mi familia se fue a vivir lejos y me siento solo la verdad,triste
te cuento que estoy muy molesto con lo que hicieron pero bueno,enojo
es que siento que no tengo proposito y ya,triste
me tiene muy triste esta vuelta pero bueno,triste
es que me saca de quicio todo esto y necesito que alguien me entienda,enojo
no puedo creer que que mal comportamiento tienes y me parece muy mal,enojo
sinceramente por fin termine el proyecto y ya,feliz
desde ayer me siento destruido por todo lo que paso,triste
hoy me fue de pelos pero bueno,feliz
me pone feliz ver tu progreso en serio,feliz
la verdad que descaro tan grande el de esa gente,enojo
mira estoy muy cansado de lucharla solo parce,triste
hoy me siento inseguro todo el tiempo,miedo
es que me tiene muy irritado todo esto y no se que hacer,enojo
mira lo que paso pude expresarme sin que me juzgaran y no puedo evitarlo,feliz
bro me preocupa mucho el futuro economico y me tiene pensando mucho,miedo
ultimamente estoy muy enojado y no se que hacer,enojo
fijate que no me dejaron hablar sinceramente,enojo
en serio estoy muy mamado de todo y no es facil,triste
definitivamente me siento nervioso,miedo
sinceramente hicieron lo que quisieron sin preguntarme nada y eso me duele,enojo
en serio no entendi el tono del mensaje y me confundi y me tiene agotado,triste
estoy muy cansado de lucharla solo,triste
ultimamente no entendi el tono del mensaje y me confundi y eso me tiene mal,triste
oye siento que finjo estar bien tan seguido que ya ni se,triste
en serio no puedo creer tanta irresponsabilidad,enojo
realmente recibi buenas noticias en este momento,feliz
te cuento que tengo un presentimiento muy malo y no lo puedo ocultar,miedo
en serio nada de lo que hago vale la pena y ya,triste
realmente tengo panico ultimamente,miedo
sinceramente usaron lo que les conte en mi contra y no es facil admitirlo,enojo
eso me pone muy furioso parce y no puedo evitarlo,enojo
es que me da terror decepcionar a alguien que confio en mi y eso me tiene mal,miedo
te digo que me alegra mucho tu compania,feliz
es que estoy muy preocupado y con miedo y no puedo calmarlo,miedo
la verdad me siento derrotado y me afecta mucho,triste
ahora mismo siento que algo se rompio dentro de mi y ya,triste
estoy muy apagado sin poder sonreir y no se como seguir,triste
la verdad es que ya me canse de repetirte lo mismo sin excusas,enojo
en serio me senti aceptado como soy y no se que hacer,feliz
mira nacio mi hija la verdad,feliz
no se si contarte pero tengo miedo de que no me entiendan de verdad,miedo
no te miento me dejo de seguir en redes sociales pero necesitaba decirlo,triste
hoy me llamaron para el trabajo en medellin,feliz
de verdad me parece terrible lo que hiciste y punto,enojo
oye se burlaron de algo que me costo decir y me cuesta mucho,enojo
la verdad es que siento panico de lo que puede ocurrir y no puedo calmarlo,miedo
desde ayer ya me canse de esto ultimamente,enojo
sinceramente me tocó madrugar y no dormí nada y encima salio mal y me tiene mal,triste
no te miento no es la primera vez y eso me tiene agotado y me pesa cargarlo solo,enojo
te cuento que mi familia estuvo muy unida hoy,feliz
oye no se si estan enojados conmigo o es mi imaginacion y me cuesta mucho,miedo
hoy me siento excelente con todo lo que paso,feliz
mira lo que paso me mandaron un audio muy lindo de verdad,feliz
sinceramente me pidieron que fuera a una reunion sin decirme de que pero bueno,miedo
me copiaron el contenido y ni siquiera lo cambiaron,enojo
en serio me canse de ser el que siempre aguanta bro,triste
te digo que estoy muy feliz con el resultado sin duda,feliz
te juro que pude expresarme sin que me juzgaran,feliz
que fastidio me da esta situacion y no lo entiendo,enojo
me siento lleno de alegria y no lo puedo creer,feliz
fijate que logre terminar algo que habia dejado pendiente y no puedo evitarlo,feliz
no te miento me angustia no saber como interpretar eso pero ya no puedo mas,miedo
es que me tiene muy irritado todo lo que esta pasando y me cuesta aceptarlo,enojo
ultimamente me dieron el viernes libre sinceramente,feliz
ultimamente estoy pasando un gran momento y no se que hacer,feliz
sinceramente siento un vacio muy grande en mi,triste
en serio estoy muy feliz con el resultado y es lo mejor que me paso,feliz
es que me fui de la reunion antes porque no podia mas y me afecta mucho,triste
la verdad es que me pidieron algo de ultimo momento y quisiera que alguien me ayudara,enojo
me dieron la nota que esperaba y eso me tiene mal,feliz
es que termine todo lo que tenia pendiente y me cuesta mucho,feliz
para serte honesto me aceptaron en la universidad y eso me pesa,feliz
mira lo que paso siento que nadie me toma en serio y me cuesta mucho,enojo
estoy re contento con todo y no es facil,feliz
mira lo que paso hoy fui honesto y salio bien y no puedo evitarlo,feliz
oye me fui de viaje la verdad,feliz
en serio estoy muy apenado con lo que paso y no se como seguir,triste
fijate que tuve que dejar mis estudios y ya,triste
no puedo evitar que siento panico cada vez que pienso en eso de verdad,miedo
mira tengo miedo de llegar a cierta edad sin haber logrado nada y no puedo evitarlo,miedo
estoy muy nervioso por los resultados de verdad,miedo
te cuento que me siento desconectado de todo y me tiene mal,triste
oye siento que algo malo va a pasar y me afecta mucho,miedo
ayer que mal tipo y no lo puedo creer,enojo
te digo que me contactaron por mi trabajo y quede feliz bro,feliz
tengo miedo de decir algo y que lo tomen mal de verdad,miedo
fijate que aprobe todas las materias este semestre hermano,feliz
mira me trataron muy mal sin razon y eso me pesa,enojo
fijate que me fue bien en el icfes,feliz
la verdad me siento solo aunque este rodeado de gente,triste
la verdad siento que me quede atras y ya,triste
mira estoy muy mamado de todo y me cuesta mucho,triste
te juro que me tienes harto de verdad y ya me canse,enojo
te digo que estoy muy feliz con el camino que tome de verdad,feliz
ultimamente termino mi carrera la verdad,feliz
es que me siento muy desconectado de todo y de todos y me afecta,triste
desde hace dias mi jefe quedo contento con mi trabajo y no puedo evitarlo,feliz
me tiene muy desanimado todo esto de verdad,triste
desde ayer me siento inseguro desde hace dias,miedo
siento tristeza y desesperanza ahora y me duele mucho,triste
ahora mismo esto arruino mi dia por todo lo que paso,enojo
ya no hablo con alguien que queria mucho de verdad,triste
ultimamente estoy muy emocionado con lo que viene y me afecta,feliz
sinceramente el silencio de esa persona me preocupa mucho y ya,miedo
me tienen harto con tanta mentira y me parece muy mal,enojo
honestamente me hicieron perder el tiempo en este momento,enojo
en serio me cancelaron a ultimo momento y me afecta mucho,enojo
sinceramente me preocupa demasiado esto desde hace dias,miedo
te digo que me siento solo y muy triste de verdad,triste
no se no entiendo como la gente puede ser asi pero bueno,enojo
la verdad tengo miedo de embarrarla con esa decision de verdad,miedo
la verdad me siento muy achantado hoy pero bueno,triste
parce que descaro tan grande el de esa gente,enojo
oye me comparan con otros y eso me molesta mucho y no puedo evitarlo,enojo
lo que pasa es que me fallaron cuando mas los necesitaba y no se que hacer,triste
la verdad estoy agradecido por todo y no se que hacer,feliz
es que me toca salir tarde y me da miedo en la calle de verdad,miedo
te digo que estoy agotado de tener que explicar como me siento,triste
la verdad es que aprobe la materia que tenia perdida y nadie lo entiende,feliz
fijate que tengo miedo de decir algo y que lo tomen mal de verdad,miedo
fijate que siento que algo no esta bien aunque todo parece normal sinceramente,miedo
no te miento no se si estoy listo para esto y no se que hacer,miedo
la verdad me tienen hasta la coronilla y no es facil,enojo
fijate que vi algo que me dejo muy intranquilo la verdad,miedo
hoy me dijeron que me quieren y ya,feliz
ahora mismo me prometieron que no volveria a pasar y nadie lo entiende,enojo
hoy me tiene muy cansado esta gente,enojo
definitivamente todo esta saliendo bien en este momento,feliz
lo que pasa es que me duele mucho haber llegado a esto y no se como seguir,triste
oye perdi una oportunidad importante y me afecta mucho,triste
sinceramente me toco dejar los estudios por plata y no puedo evitarlo,triste
realmente todo me irrita de verdad,enojo
sinceramente termino mi carrera y es agotador,feliz
siento que siempre tengo que aguantar todo sin poder decir nada,enojo
hoy tengo una entrevista y me muero del susto y eso me pesa,miedo
parce me ignoraron cuando tenia toda la razon,enojo
no puedo creer que estoy furioso contigo,enojo
honestamente que caradureza la tuya y punto,enojo
tengo miedo de que me juzguen y no puedo evitarlo,miedo
en serio no aguanto mas esta situacion,enojo
ahora mismo me siento horrible hoy ultimamente,triste
hoy nadie entendio como me sentia pero no digo nada,triste
te cuento que me saca de quicio todo esto pero no digo nada,enojo
es que me tocó repetir el tramite porque perdieron mis papeles de verdad,enojo
hoy tengo miedo de decepcionar a todos de verdad,miedo
fijate que tengo algo importante manana y no puedo dormir de verdad,miedo
fijate que me tienen muy mamado con esa vuelta,enojo
sinceramente me canse de pedir ayuda y no recibirla y ya,triste
sinceramente tengo miedo de decir algo fuera de lugar y no se como manejarlo,miedo
no te soporto mas y no lo voy a tolerar,enojo
no te miento me fallaron cuando mas los necesitaba y es agotador,triste
te cuento que nos separamos despues de mucho tiempo y ya,triste
oye siento que no soy suficiente,triste
hoy me dejo mi novio y estoy muy mal y no se que hacer,triste
no te miento nadie reconocio lo que aporte sinceramente,enojo
saque mi licencia de conducir y no se que hacer,feliz
tengo un mal presentimiento desde ayer y nadie lo sabe,miedo
hermano siento que todo el mundo sigue y yo me quede quieto,triste
vieja me usaron cuando les convenia y despues nada,enojo
oye hoy llore sin saber por que la verdad,triste
te cuento que perdi mi negocio y no se como seguir y no es facil,triste
en este momento odio esta situacion y no se que hacer,enojo
es que me da susto pedir el favor porque me da pena parce,miedo
ultimamente esto me parece una falta de respeto total y eso me pesa,enojo
en serio me preocupa mucho el futuro economico men,miedo
hoy no se que quiero hacer con mi vida y me afecta,miedo
eres un desconsiderado y ya me canse,enojo
me dijeron que me quieren y me tiene mal,feliz
te juro que lei el mensaje diez veces y no se como responder y me cuesta mucho,miedo
en serio me da pena que se den cuenta que no entendi de verdad,miedo
desde hace dias alguien me entendio sin que yo explicara mucho de verdad,feliz
mira mi pareja me sorprendio y necesito que alguien me entienda,feliz
en este momento ya me canse de esto otra vez,enojo
te juro que me tiene muy bravo la falta de respeto la verdad,enojo
mira ya no tengo fuerzas para nada todo el tiempo,triste
es que no supe si era una broma o algo serio y no puedo evitarlo,triste
que irresponsable eres en serio,enojo
te juro que me tienen harto con todo esto de verdad,enojo
la verdad me siento destruido por todo lo que paso,triste
ultimamente no soporto esta situacion por todo lo que paso,enojo
hoy compre mi primer carro y nadie lo sabe,feliz
desde hace dias me cobraron de mas sin avisar y es agotador,enojo
en serio me salio el cupo en el sena,feliz
parce me salio el cupo en el sena pero bueno,feliz
sinceramente ya no tengo ganas y me duele mucho,triste
la verdad defendi mi proyecto y quede bien,feliz
en serio hice algo que me daba miedo y salio bien y trato de disimularlo,feliz
te cuento que me dejaron esperando sin explicacion y ya,enojo
hoy me prometieron que no volveria a pasar pero ya no puedo mas,enojo
me dejo mi novio y estoy muy mal,triste
sabes que que buena experiencia fue esa sin duda,feliz
hoy no me dejaron terminar de hablar la verdad,enojo
ahora mismo todo salio perfecto otra vez,feliz
no te miento el medico me dijo que necesita hablar conmigo la verdad,miedo
mira me dicen que exagero cuando digo como me siento,enojo
sinceramente estoy muy triste y no se que hacer de verdad,triste
me da pena decirlo pero tengo panico de decir algo y que lo malinterpreten de verdad,miedo
es que siento una ansiedad horrible en este momento,miedo
hoy me di cuenta que avance mucho sinceramente,feliz
la verdad hoy me fue de pelos,feliz
que maravilloso momento estoy viviendo y estoy muy contento,feliz
no puedo evitar que me asusta pensar en las consecuencias,miedo
no te miento tengo miedo de que mi respuesta suene agresiva y no puedo evitarlo,miedo
parce hicieron lo que quisieron sin preguntarme nada y ya,enojo
que actitud tan mala la tuya y eso no esta bien,enojo
es que tengo un presentimiento muy malo,miedo
realmente estoy harto de esto otra vez,enojo
es que me corrigieron el tono sin escuchar lo que dije pero necesitaba decirlo,enojo
mira me toco vender el carro que tanto queria y me cuesta mucho,triste
te cuento que me aterra quedar mal frente a todos y me cuesta mucho,miedo
definitivamente estoy demasiado molesto desde hace dias,enojo
siento una melancolia muy grande ahora de verdad,triste
en este momento tengo panico por todo lo que pasa,miedo
la verdad hoy descanse bien por primera vez en mucho tiempo y no es facil,feliz
honestamente que desconsiderado eres siempre y no lo voy a tolerar,enojo
vieja me aterra quedar mal frente a todos y me cuesta mucho,miedo
te juro que no entiendo nada y me da verguenza preguntar de verdad,triste
desde ayer todo me da miedo en este momento,miedo
te cuento que encontre lo que buscaba la verdad,feliz
para serte honesto me toco el dia libre y eso me pesa,feliz
definitivamente tengo ansiedad todo el tiempo,miedo
hoy algo me dice que las cosas van a cambiar mal y me afecta,miedo
en serio me siento muy achantado hoy y no es facil,triste
mira estoy muy molesto con lo que hicieron y me tiene mal,enojo
me siento solo aunque este rodeado de gente y ya,triste
que buena experiencia vivimos juntos de verdad,feliz
estoy harto de todo ultimamente,enojo
la verdad es que se burlaron de algo que me costo decir y no lo digo seguido,enojo
oye me siento invisible y ya,triste
es que me tiene muy bajoneado lo que paso pero bueno,triste
fijate que minimizaron lo que sentia,enojo
ahora mismo me sorprendieron hoy y ya,feliz
hoy estoy rodeado de gente y me siento solo y no lo puedo ocultar,triste
mira se fue mi gato hoy la verdad,triste
hoy me tiene muy enojado esa situacion de verdad,enojo
siento una soledad muy grande ahora y me duele mucho,triste
la verdad me hablaron muy mal y no se que hacer,enojo
todo me pesa demasiado y me tiene mal,triste
te juro que sonrei todo el tiempo pero por dentro lloraba,triste
hoy me alegra que todo haya salido bien y no lo puedo creer,feliz
honestamente me da mucha rabia lo que hiciste y ya me canse,enojo
la verdad me cancelaron a ultimo momento y eso me pesa,enojo
sinceramente tengo miedo de que me rechacen si digo lo que pienso y no se como manejarlo,miedo
fijate que me aceptaron en la universidad y no se que hacer,feliz
lo que pasa es que me da terror que noten que estoy nervioso y me afecta mucho,miedo
lo que pasa es que el resultado me tiene muy angustiado y necesito que alguien me entienda,miedo
no puedo evitar que siento una inquietud que no me deja tranquilo,miedo
en serio me entristece mucho lo que paso,triste
tengo miedo de que mis sueños no sean suficientes y no se que hacer,miedo
en serio abusaron de mi confianza y no se que hacer,enojo
te digo que estoy muy asustado sin saber que hacer y no se que hacer,miedo
en serio me siento invisible y me tiene mal,triste
mira lo que paso tengo miedo de que me rechacen si digo lo que pienso y no puedo evitarlo,miedo
hoy defendi mi proyecto y quede bien pero bueno,feliz
la verdad no voy a tolerar esto mas y eso me pesa,enojo
la verdad todo salio mal y no se que hacer,triste
estoy con el animo muy por el piso la verdad,triste
de verdad no tolero mas esta situacion y ya me canse,enojo
hoy publicaron algo mio sin pedirme permiso y eso me tiene mal,enojo
fijate que me tiene completamente harto,enojo
tengo miedo de decir algo y que lo malinterpreten y nadie lo entiende,miedo
me prometieron algo y no lo cumplieron y ya,enojo
me da pena decirlo pero siento que nadie me toma en serio y me pesa cargarlo solo,enojo
siento un dolor emocional muy grande y no se como seguir,triste
es que me preocupa no poder lograrlo y ya,miedo
que dia tan bueno fue hoy y es lo mejor que me paso,feliz
me independice por fin y no puedo evitarlo,feliz
me toca salir tarde y me da miedo en la calle y no se que hacer,miedo
me da pena decirlo pero vi que estaba en linea pero no me respondio y me afecta mucho,triste
sinceramente me da miedo ir al medico otra vez,miedo
en serio me dieron acceso a la oportunidad que queria pero bueno,feliz
men me invitaron a participar en algo importante y no es facil,feliz
no te miento fallecio alguien cercano pero bueno,triste
en serio pude mantener una conversacion sin angustiarme y me afecta mucho,feliz
desde hace dias cargue con toda la responsabilidad del grupo pero necesitaba decirlo,enojo
hoy tengo mucho miedo en este momento,miedo
en serio me duele mucho todo lo que ocurrio y no lo puedo superar,triste
en este momento todo me afecta demasiado,triste
hoy siento que no encajo en ningún lado y no puedo evitarlo,triste
hoy estoy muy bacano con la noticia y nadie lo sabe,feliz
oye me dijeron que si y despues que no,enojo
la verdad perdi mi negocio y no se como seguir parce,triste
me da ansiedad ver cuanta gente vio mi historia y me afecta,miedo
ultimamente me da demasiada rabia otra vez,enojo
definitivamente tengo miedo de fallar desde hace dias,miedo
por fin publique lo que venia trabajando,feliz
ya no somos lo que eramos y eso me entristece y no puedo evitarlo,triste
estoy muy asustado de perder lo que amo de verdad,miedo
hoy me senti muy bien conmigo mismo y no es facil,feliz
sinceramente perdi la materia que mas me esforcé y me cuesta mucho,triste
hoy me graduo el sabado en el paraninfo,feliz
es que me cambiaron el turno sin avisarme de verdad,enojo
definitivamente me siento vacio en este momento,triste
sinceramente esto arruino mi dia en este momento,enojo
ultimamente manana tengo una prueba importante y estoy nervioso y no lo puedo ocultar,miedo
es que me siento muy lejos de ser feliz y no puedo evitarlo,triste
es que no pude ir a la graduacion,triste
no te miento siento que algo malo va a pasar y eso me pesa,miedo
tengo un mal presentimiento con eso y me cuesta mucho,miedo
no se si contarte pero me da ansiedad cuando hay silencio en la conversacion y quisiera que alguien me ayudara,miedo
sinceramente me da mucho miedo enfrentar esta situacion,miedo
es que tengo un miedo muy grande en este momento y no se que hacer,miedo
te juro que tengo miedo de tomar una decision y que salga mal y ya,miedo
hoy no se si lo que estoy haciendo es lo correcto la verdad,miedo
es que tengo miedo de que mis sueños no sean suficientes,miedo
mira lo que paso tengo miedo de que las cosas cambien de repente y no se que hacer,miedo
es que alguien me entendio sin que yo explicara mucho pero ya no puedo mas,feliz
mira lo que paso sonrei todo el tiempo pero por dentro lloraba pero ya no puedo mas,triste
sinceramente alguien me entendio sin que yo explicara mucho y me cuesta mucho,feliz
oye me preocupa tanto que no puedo dormir pero no digo nada,miedo
ahora mismo me siento lleno de energia de verdad,feliz
hoy me hablaron muy feo sin ninguna razon parce,enojo
me dieron informacion falsa,enojo
lo que pasa es que tengo miedo de que todo cambie pero no digo nada,miedo
te cuento que me toca salir tarde y me da miedo en la calle,miedo
te cuento que siento que no encajo en ningún lado y necesito que alguien me entienda,triste
men ya no quiero hablar de eso porque nadie entiende y me afecta,triste
ahora mismo me dejaron solo en esto otra vez,triste
no puedo evitar que tengo miedo de cometer un error grave y eso me preocupa mucho,miedo
mi abuelo ya no esta sinceramente,triste
en serio estoy lleno de felicidad ahora mismo y estoy muy agradecido,feliz
no me puedo quitar esa preocupacion de encima y me tiene mal,miedo
es que publicaron algo mio sin pedirme permiso y no puedo evitarlo,enojo
bro todo el mundo parece tener todo claro menos yo,triste
lo que pasa es que no supe como responder y ahora me arrepiento y me tiene agotado,triste
todo esta funcionando bien ultimamente,feliz
no te miento me cuesta aceptar que eso ya termino y nadie lo sabe,triste
es que me siento re bien parce pero bueno,feliz
te digo que dijeron mentiras sobre mi en redes,enojo
logre lo que queria y ya,feliz
ultimamente me reportaron sin motivo y me bloquearon la cuenta y ya,enojo
sinceramente tengo panico de no saber como actuar en esa situacion y me tiene agotado,miedo
me dijeron que era mi culpa cuando no lo era de verdad,enojo
es que estoy agotado de tener que explicar como me siento y no es facil,triste
no se si contarte pero me mandaron audio de voz gritando y nadie lo entiende,enojo
hoy me da pena que se den cuenta que no entendi y no es facil,miedo
me da ansiedad publicar algo y que lo juzguen la verdad,miedo
ultimamente estoy muy contento y no se que hacer,feliz
la verdad hicieron lo que quisieron sin preguntarme nada y no puedo evitarlo,enojo
fijate que nadie me dio una respuesta clara de verdad,enojo
sinceramente me siento motivado de verdad,feliz
me tienes cansado con eso y eso no esta bien,enojo
hoy pague y no me dieron lo que ofrecieron y no puedo evitarlo,enojo
estoy muy molesto con lo que hicieron y eso me duele,enojo
ahora mismo todo esta funcionando bien,feliz
lo que pasa es que me da mucha rabia lo que hiciste y eso no esta bien,enojo
sinceramente me quede callado cuando debi haber hablado y me cuesta mucho,triste
hoy no entendi el tono del mensaje y me confundi y quisiera que alguien me ayudara,triste
hoy siento que no tengo control de nada pero no digo nada,miedo
hoy me piden experiencia para un trabajo de principiante de verdad,enojo
en serio me da demasiada rabia y estoy cansado,enojo
fijate que tengo miedo de que me rechacen si digo lo que pienso y trato de disimularlo,miedo
lo que pasa es que hable con alguien nuevo y no fue tan malo y quisiera que alguien me ayudara,feliz
honestamente me tienen harto con todo esto y no lo voy a tolerar,enojo
capturaron una conversacion privada y la compartieron,enojo
ahora mismo me prometieron que no volveria a pasar de verdad,enojo
oye siento que se me acaba el tiempo,miedo
ultimamente todo esta mal organizado y no puedo evitarlo,enojo
no puedo creer que que impotencia siento con todo esto,enojo
mira lo que paso pude expresarme sin que me juzgaran y eso me tiene mal,feliz
realmente todo esta mejorando hoy,feliz
fijate que me quede sin trabajo y no se que hacer pero bueno,triste
de verdad que buen dia tuve hoy en serio,feliz
la verdad todo esta mejorando ultimamente,feliz
es que ya no somos lo que eramos y eso me entristece y me cuesta mucho,triste
la verdad es que me enoja mucho lo que dijiste y ya me canse,enojo
ahora mismo ya no se que hacer otra vez,triste
hoy que problema tan absurdo desde hace dias,enojo
en este momento estoy pasando un gran momento y me afecta mucho,feliz
oye siento que algo se rompio dentro de mi y no se que hacer,triste
la verdad es que me siento muy decaido en este momento,triste
definitivamente todo salio excelente otra vez,feliz
me alegra mucho tu compania y no lo puedo creer,feliz
no te soporto mas y ya me canse,enojo
te juro que me interrumpieron cada vez que hable y trato de disimularlo,enojo
en serio me siento muy motivado y feliz sin duda,feliz
te cuento que me pone muy nervioso tener que dar explicaciones de verdad,miedo
oye me pone ansioso salir de casa y me afecta mucho,miedo
no aguanto mas esta situacion y me parece muy mal,enojo
la verdad estoy emocionado y eso me alegra,feliz
honestamente eso estuvo muy mal de tu parte y ya me canse,enojo
me embargaron la cuenta y no entiendo por que de verdad,miedo
es que me hicieron esperar demasiado y no se que hacer,enojo
para serte honesto hicieron como si yo no existiera en la reunion y no se como manejarlo,enojo
es que me da terror decepcionar a alguien que confio en mi pero ya no puedo mas,miedo
fijate que me fue de maravilla en la entrevista parce,feliz
no se siento que no tengo proposito men,triste
hermano fuimos a la finca y fue muy bacano y me tiene mal,feliz
no te miento no tuve ganas de comer y es agotador,triste
en serio me da muy duro enfrentar esa conversacion,miedo
oye extraño como eran las cosas antes pero no digo nada,triste
te digo que me da ansiedad ver cuanta gente vio mi historia y me tiene pensando mucho,miedo
hoy por fin me contestaron y trato de disimularlo,feliz
hoy algo cambio de repente y no entiendo por que y ya,miedo
la verdad es que alguien me entendio sin que yo explicara mucho y no se que hacer,feliz
desde hace dias me da ansiedad conocer gente nueva de verdad,miedo
es que no me puedo quitar esa preocupacion de encima de verdad,miedo
es que tengo miedo de embarrarla con esa decision pero bueno,miedo
fijate que me excluyeron de la decision sin explicacion sinceramente,enojo
ultimamente siento que cargo con demasiado para mi edad,triste
es que tengo miedo de no poder salir adelante,miedo
no te miento me llamaron de un numero desconocido,miedo
te cuento que me tocó repetir el tramite porque perdieron mis papeles y no puedo evitarlo,enojo
la verdad nada tiene sentido por todo lo que paso,triste
oye no es la primera vez y eso me tiene agotado y no lo digo seguido,enojo
siento una angustia muy grande ahora y me tiene muy nervioso,miedo
me canse de pedir ayuda y no recibirla y me afecta,triste
es que me hicieron sentir especial,feliz
de verdad me agota tu comportamiento y no lo voy a tolerar,enojo
desde ayer nada tiene sentido desde hace dias,triste
ahora mismo tengo ansiedad por lo que viene todo el tiempo,miedo
la verdad me tiene muy preocupado lo que esta pasando y ya,miedo
hoy estoy disfrutando mucho de verdad,feliz
vieja me toco dejar los estudios por plata y me tiene mal,triste
te digo que siento mucha ansiedad por lo desconocido y me tiene muy nervioso,miedo
ultimamente me siento orgulloso todo el tiempo,feliz
no te miento mi mejor amigo se fue a vivir lejos de verdad,triste
la verdad hoy fue mejor de lo que esperaba sinceramente,feliz
pague y no me dieron lo que ofrecieron,enojo
me sacaron la paciencia y no se que hacer,enojo
la verdad es que estoy muy agradecido por todo de verdad,feliz
sinceramente me costo mucho levantarme hoy y ya,triste
ahora mismo tengo ansiedad ultimamente,miedo
ultimamente me siento derrotado y me afecta mucho,triste
la verdad es que me respondieron con mala actitud sin razon sinceramente,enojo
lo que pasa es que manana tengo una prueba importante y estoy nervioso y no puedo evitarlo,miedo
desde ayer me sacaron la paciencia desde hace dias,enojo
tengo ansiedad por lo que viene otra vez,miedo
no te miento llegue a tiempo a todo de verdad,feliz
que alegria me da verte bien y estoy muy contento,feliz
te digo que siento un miedo enorme que no puedo controlar de verdad,miedo
desde hace dias me pone muy nervioso hablar en publico y no se que hacer,miedo
te cuento que logre ahorrar lo que necesitaba y ya,feliz
sinceramente me frustra muchisimo esto,enojo
en serio tengo miedo de equivocarme y arrepentirme despues y no puedo evitarlo,miedo
la verdad estoy demasiado molesto desde hace dias,enojo
ahora mismo me siento muy triste todo el tiempo,triste
siento que algo muy importante se perdio y no se como seguir,triste
la verdad no me dejaron terminar de hablar la verdad,enojo
en serio me mencionaron en algo que me puso en ridiculo y me afecta,enojo
hoy tengo miedo de decir algo fuera de lugar y me tiene agotado,miedo
ultimamente me da miedo que graben algo mio sin permiso y ya,miedo
ahora mismo tengo miedo de caerle mal sin querer y quisiera que alguien me ayudara,miedo
te cuento que me tiene muy enojado esa situacion de verdad,enojo
fijate que nada me salio bien hoy y es agotador,enojo
en serio me hicieron perder el tiempo en este momento,enojo
definitivamente ya no quiero hablar en este momento,triste
fijate que me dieron la beca de la universidad publica hermano,feliz
sinceramente tengo miedo de decir algo y que lo tomen mal,miedo
la verdad es que entregue el proyecto a tiempo y trato de disimularlo,feliz
sinceramente me aterra quedarme sin opciones y eso me preocupa mucho,miedo
lo que es cierto es que me siento muy feliz con mi familia sin duda,feliz
es que me fue bien en la sustentacion y nadie lo entiende,feliz
ultimamente perdi la materia que mas me esforcé de verdad,triste
hoy tengo panico de fallar cuando todos confian en mi y ya,miedo
hoy me angustia no saber si estoy en el camino correcto,miedo
te digo que que maravilloso momento estoy viviendo y estoy muy agradecido,feliz
estoy harto,enojo
en serio me pone de muy buen humor esto y estoy muy contento,feliz
desde hace dias me subieron el sueldo y no se que hacer,feliz
desde ayer estoy demasiado preocupado esta semana,miedo
parce estoy muy nervioso con esa vuelta la verdad,miedo
ahora mismo esto es injusto todo el tiempo,enojo
ultimamente me reportaron sin motivo y me bloquearon la cuenta de verdad,enojo
es que el resultado me tiene muy angustiado y no se que hacer,miedo
sinceramente siento demasiado temor en este momento,miedo
es que me da pavor pensar en eso y no puedo calmarlo,miedo
nadie me eligio para su equipo y no es facil admitirlo,triste
la verdad me siento inseguro esta semana,miedo
no te miento me excluyeron de la decision sin explicacion pero necesitaba decirlo,enojo
desde ayer me siento derrotado otra vez,triste
te juro que tuve que fingir que estaba bien toda la noche y nadie lo entiende,triste
te cuento que salimos a rumbear y la pase muy bien la verdad,feliz
no te miento me paralizo cuando tengo que decidir y no puedo evitarlo,miedo
es que me gane una chamba buenisima pero bueno,feliz
en este momento todo esta mejorando con todo lo que paso,feliz
me da susto pedir el favor porque me da pena hermano,miedo
es que siento que todo el mundo sigue y yo me quede quieto,triste
ya no tengo fuerzas para nada y no puedo evitarlo,triste
no te miento no se si actue bien y eso no me deja tranquilo y me cuesta mucho,miedo
es que me invitaron a algo importante pero necesitaba decirlo,feliz
ahora mismo me preocupa haber dicho algo sin darme cuenta sinceramente,miedo
parce me cayo del cielo esa noticia,feliz
sinceramente estoy muy contento y eso me alegra,feliz
ahora mismo esto me parece una falta de respeto total,enojo
ahora mismo nadie me eligio para su equipo pero necesitaba decirlo,triste
vieja tengo panico de que me pregunten algo en clase parce,miedo
tengo panico de fallar cuando todos confian en mi y ya,miedo
siento una inquietud muy grande ahora y no puedo calmarlo,miedo
oye me agota tu comportamiento y punto,enojo
te digo que me alegra que todo haya salido bien sin duda,feliz
es que hicieron como si yo no existiera en la reunion y nadie lo entiende,enojo
me dicen que exagero cuando digo como me siento de verdad,enojo
para serte honesto me paralizo cuando tengo que decidir y necesito que alguien me entienda,miedo
estaba seguro de que iba a salir mal y al final todo funcionó,feliz
te juro que tengo miedo de caerle mal sin querer y nadie lo entiende,miedo
todo esta fluyendo muy bien ultimamente y nadie lo entiende,feliz
estoy con el animo muy por el piso,triste
me siento muy desconectado de todo y de todos y nadie lo entiende,triste
no te miento me ignoraron cuando tenia razon de verdad,enojo
me da pena hablar en publico y manana me toca hermano,miedo
es que tengo miedo de responder mal y arruinar todo y no se que hacer,miedo
parce estoy muy molesto con lo que hicieron,enojo
mira todo me pesa demasiado y no lo puedo ocultar,triste
desde ayer me siento horrible en este momento,triste
hoy me preocupa mucho el futuro economico,miedo
la verdad es que que dia tan productivo tuve hoy,feliz
sinceramente me siento tranquilo y feliz en este momento,feliz
fijate que estoy con una nota hoy,feliz
no se si contarte pero me ignoraron cuando trate de explicarme y trato de disimularlo,enojo
oye tengo miedo de decir algo y que lo malinterpreten la verdad,miedo
hoy que buena experiencia vivimos juntos sin duda,feliz
la verdad es que hablaron de algo que yo no sabia y me senti excluido y nadie lo entiende,triste
oye que fastidio me da esta situacion y no lo voy a tolerar,enojo
la verdad no tengo ganas de nada en este momento,triste
salimos a rumbear y la pase muy bien y no se que hacer,feliz
la verdad me siento orgulloso esta semana,feliz
hoy me duele mucho esto en este momento,triste
ultimamente estoy muy preocupado desde hace dias,miedo
que estupidez lo que hiciste y punto,enojo
siento una ansiedad tremenda ahora de verdad,miedo
mira siento que la estoy embarrando en todo de verdad,triste
realmente estoy muy contento de verdad,feliz
ultimamente me siento muy feliz,feliz
te digo que me comparo mucho con los demas y me hace mal,triste
oye tengo miedo de decir algo fuera de lugar y no puedo evitarlo,miedo
hoy me dieron la beca de la universidad publica y no es facil,feliz
sinceramente me preocupa no poder lograrlo y es agotador,miedo
es que las cosas estan saliendo como quiero la verdad,feliz
estoy muy asustado con lo que puede pasar la verdad,miedo
te juro que tengo miedo de que mi respuesta suene agresiva y me tiene agotado,miedo
la verdad es que que alegria me da verte bien y es lo mejor que me paso,feliz
me gane una chamba buenisima y no puedo evitarlo,feliz
sinceramente me preocupa demasiado esto en este momento,miedo
te juro que me tienen harto con tanta mentira y me parece muy mal,enojo
estoy muy frustrado con todo esto y no se que hacer,enojo
para serte honesto todo lo que construi se cayo,triste
en este momento siento demasiado temor y eso me preocupa,miedo
se fue mi gato hoy,triste
ahora mismo tengo miedo de mandar ese mensaje y que lo tomen mal pero ya no puedo mas,miedo
es que me pone muy nervioso tener que dar explicaciones y no es facil,miedo
me siento vacio y sin ganas de nada,triste
ultimamente tengo mucho miedo y me afecta mucho,miedo
sinceramente me invitaron a algo importante de verdad,feliz
no se como aguantarte tanto y me parece muy mal,enojo
ahora mismo todo esta mal organizado y no lo puedo ocultar,enojo
ahora mismo no quiero salir solo y no se que hacer,miedo
lo que pasa es que me eliminó de sus contactos sin decir nada de verdad,triste
en serio me salio el primer cliente bro,feliz
ultimamente subi una foto y me arrepenti de haberla subido y no es facil,triste
la verdad es que tengo miedo de que no me entiendan y trato de disimularlo,miedo
ultimamente me corrigieron el tono sin escuchar lo que dije y no es facil admitirlo,enojo
sinceramente me produce rabia pensar en lo que hiciste y eso no esta bien,enojo
salimos a rumbear y la pase muy bien y ya,feliz
para serte honesto me da terror mostrarme como soy de verdad,miedo
la verdad las cosas ya no son como antes la verdad,triste
te cuento que me cobraron de mas sin avisar y me afecta mucho,enojo
no se todo el mundo esta en planes y yo solo en casa pero bueno,triste
no se si contarte pero no supe leer la situacion y meti la pata y quisiera que alguien me ayudara,triste
estoy muy triste con lo que me conto,triste
la verdad me siento muy desconectado de todo y de todos,triste
no se me piden experiencia para un trabajo de principiante la verdad,enojo
me siento muy orgulloso de lo logrado y es lo mejor que me paso,feliz
mira me ignoraron cuando tenia toda la razon y ya,enojo
me da pena decirlo pero usaron lo que les conte en mi contra y nadie lo entiende,enojo
oye se aprovecharon de que no sabia la verdad,enojo
fijate que ya no tengo energia para nada de lo que antes me gustaba y me tiene pensando mucho,triste
no entiendo tu actitud para nada y no lo entiendo,enojo
bro no se que quiero hacer con mi vida,miedo
siento que las cosas mejoran todo el tiempo,feliz
hoy estoy pasando un gran momento por todo lo que paso,feliz
me tiene muy intranquilo todo esto y no se que hacer,miedo
ahora mismo hoy llore sin saber por que pero no digo nada,triste
fijate que me echaron la culpa de algo que hizo otro parce,enojo
ultimamente me tiene muy bravo la falta de respeto la verdad,enojo
lo que pasa es que me da ansiedad abrir ese chat y no se que hacer,miedo
parce me salio el cupo en el sena de verdad,feliz
hoy estoy con el animo muy por el piso pero bueno,triste
la verdad es que tengo miedo de lo que no puedo ver y no se que hacer,miedo
la verdad me siento incomodo con esto y no se que hacer,miedo
la verdad me puse muy feliz con eso parce y ya,feliz
realmente me siento excelente hoy,feliz
lo que pasa es que me da panico equivocarme y que no me perdonen y me pesa cargarlo solo,miedo
me da pena decirlo pero me dieron el viernes libre y trato de disimularlo,feliz
te digo que me da mucho miedo lo que puede pasar y me tiene muy nervioso,miedo
es que subi una foto y me arrepenti de haberla subido la verdad,triste
hoy me comparan con otros y eso me molesta mucho de verdad,enojo
me quede sin trabajo y no se que hacer y me tiene mal,triste
en este momento me siento nervioso y me afecta mucho,miedo
es que me tiene muy preocupado lo que esta pasando y ya,miedo
hoy me pagan mal y me exigen demasiado y me afecta,enojo
mira me tocó repetir el tramite porque perdieron mis papeles pero bueno,enojo
es que estrene mi apartamento y me tiene mal,feliz
lo que pasa es que esto me parece una falta de respeto total y me afecta mucho,enojo
hoy tengo miedo de decir algo y que lo tomen mal hermano,miedo
que alegria me da ver tus logros sin duda,feliz
definitivamente me siento vulnerable esta semana,miedo
la verdad se aprovecharon de la buena fe mia y eso me duele,enojo
oye prometieron y no cumplieron y no se que hacer,enojo
te juro que eres completamente irresponsable y no lo voy a tolerar,enojo
me dejo mi novio y estoy muy mal y eso me duele,triste
ahora mismo estoy pasando un gran momento otra vez,feliz
la verdad estoy emocionado de verdad,feliz
ultimamente no se como va a terminar esto todo el tiempo,miedo
publicaron algo mio sin pedirme permiso de verdad,enojo
en serio estoy al limite de mi paciencia,enojo
es que estoy muy asustado con lo que puede pasar y eso me duele,miedo
es que me dijeron que era muy sensible por sentirme mal y no es facil admitirlo,enojo
hoy fue un parche buenisimo y eso me duele,feliz
en serio me toco dejar los estudios por plata la verdad,triste
definitivamente me siento lleno de energia y no se que hacer,feliz
la verdad estoy esperando una respuesta y me tiene nervioso sinceramente,miedo
estoy muy mamado de todo parce,triste
mira me siento muy desconectado de todo y de todos y no es facil,triste
desde ayer odio esta situacion,enojo
lo que pasa es que tengo panico de no saber como actuar en esa situacion y nadie lo entiende,miedo
oye me da ansiedad abrir ese chat sinceramente,miedo
ya no aguanto mas esa situacion y nadie lo entiende,enojo
no te miento me tocó pagar una multa que no era justa de verdad,enojo
no te miento me cambiaron las condiciones a ultimo momento pero necesitaba decirlo,enojo
estoy muy bacano con la noticia pero bueno,feliz
que caradureza la tuya en serio,enojo
ahora mismo no logre lo que esperaba pero no digo nada,triste
hoy me ofrecieron un mejor cargo y trato de disimularlo,feliz
fijate que me dejaron plantado y ni se disculparon y no puedo evitarlo,enojo
no te miento pude decir lo que sentia sin miedo sinceramente,feliz
te cuento que me da pavor equivocarme sinceramente,miedo
todo cambio de golpe,triste
es que ya les dije mil veces y no cambia nada y no lo digo seguido,enojo
mira pase el dia en cama y es agotador,triste
la verdad me hicieron sentir mal por preguntar la verdad,enojo
sinceramente me dejaron hacer todo el trabajo solo y me afecta mucho,enojo
hoy ya no somos lo que eramos y eso me entristece pero bueno,triste
mira no puedo creer tanta irresponsabilidad y punto,enojo
es que estoy con el animo muy por el piso y me tiene mal,triste
ultimamente me fallaron cuando mas los necesitaba y ya,triste
por fin termine el proyecto y me tiene mal,feliz
lo que pasa es que eres la persona mas egoista que conozco y no lo voy a tolerar,enojo
en este momento todo esta saliendo bien de verdad,feliz
no entendi el tono del mensaje y me confundi y eso me tiene mal,triste
me da pena decirlo pero siempre me pasa lo mismo con las mismas personas y me cuesta mucho,enojo
vieja el transporte salio tardisimo y llegue tarde por eso pero bueno,enojo
fijate que siento que voy a fallar manana la verdad,miedo
hoy que buenas noticias me llegaron hoy y estoy muy contento,feliz
no te miento me tiene muy enojado esa situacion parce,enojo
en serio siento que nada tiene sentido ahora y me duele mucho,triste
de verdad estoy muy decaido y sin fuerzas y quisiera que no fuera así,triste
desde hace dias cargue con toda la responsabilidad del grupo y no se que hacer,enojo
la verdad termino mi carrera la verdad,feliz
la verdad es que estoy muy triste y sin animo de nada,triste
me siento muy decaido en este momento y quisiera que no fuera así,triste
hermano tengo un mal presentimiento con eso pero bueno,miedo
de verdad que buena noticia me dieron hoy y estoy muy contento,feliz
no puedo creer que me saca de mis casillas esto y me parece muy mal,enojo
es que siento que algo malo va a pasar y no se que hacer,miedo
mira tengo un mal presentimiento con eso y no puedo evitarlo,miedo
de verdad estoy muy bajo de animo y sin ganas y no lo puedo superar,triste
no se si contarte pero pude mantener una conversacion sin angustiarme y me pesa cargarlo solo,feliz
es que por fin me compre lo que queria,feliz
fijate que me pone muy nervioso tener que dar explicaciones pero bueno,miedo
sinceramente que impotencia siento con todo esto y no lo entiendo,enojo
en este momento me siento lleno de energia todo el tiempo,feliz
mira me tocó madrugar y no dormí nada y encima salio mal,triste
la verdad es que me da mucho miedo entrar al salon y que todos me miren y me tiene agotado,miedo
en este momento estoy cansado mentalmente y no se que hacer,triste
me tiene muy apagado esta situacion y no puedo evitarlo,triste
es que no voy a permitir que me hagas eso y no lo entiendo,enojo
hoy tengo miedo de que me cancelen por algo que dije,miedo
te digo que me tiene muy bravo la falta de respeto la verdad,enojo
ultimamente me interrumpieron cada vez que hable pero necesitaba decirlo,enojo
oye me siento muy bien conmigo mismo y es agotador,feliz
hoy no hubo trafico hoy y eso me pesa,feliz
te juro que siempre me pasa lo mismo con las mismas personas,enojo
me llamaron de la empresa y no dijeron para que la verdad,miedo
la verdad me ignoraron durante horas y me tiene mal,enojo
estoy muy asustado sin saber que hacer y me tiene muy nervioso,miedo
sinceramente me da pena que se den cuenta que no entendi parce,miedo
todo me pone mal todo el tiempo,triste
lo que pasa es que no entiendo nada y me da verguenza preguntar y no lo digo seguido,triste
sinceramente me siento lleno de energia en este momento,feliz
desde hace dias tengo miedo de decir algo fuera de lugar pero necesitaba decirlo,miedo
siento mucha ansiedad por lo desconocido,miedo
mira siento que el miedo no me deja avanzar y me afecta mucho,miedo
sinceramente tengo un presentimiento malo muy fuerte y me tiene muy nervioso,miedo
men siento que cargo con demasiado para mi edad,triste
hoy me siento solo aunque este rodeado de gente,triste
ahora mismo me siento vacio por todo lo que paso,triste
parce quede encantado con como salio todo y me cuesta mucho,feliz
sinceramente estoy muy nervioso con esa vuelta y eso me duele,miedo
me da pena decirlo pero me echaron la culpa de lo que salio mal y no se que hacer,enojo
para serte honesto todos parecen entender menos yo y trato de disimularlo,triste
en serio termine todo lo que tenia pendiente y no lo digo seguido,feliz
la verdad es que ya me colmaste la paciencia y no lo voy a tolerar,enojo
oye me siento en paz todo el tiempo,feliz
para serte honesto me da mucho miedo entrar al salon y que todos me miren y nadie lo entiende,miedo
ultimamente me da ansiedad abrir ese chat y me pesa cargarlo solo,miedo
oye esto me parece una falta de respeto total otra vez,enojo
oye todo el mundo esta en planes y yo solo en casa,triste
sinceramente todo me da miedo,miedo
ahora mismo me salio rico lo que cocine otra vez,feliz
sinceramente estoy muy emocionado con lo que viene y no es facil,feliz
estoy muy ido hoy no se que me pasa y eso me duele,triste
desde hace dias nadie me eligio para su equipo y no puedo evitarlo,triste
me da miedo que graben algo mio sin permiso y ya,miedo
oye me mandaron un audio muy lindo y quisiera que alguien me ayudara,feliz
hoy me llegó una carta del juzgado y no se que es de verdad,miedo
es que siento una angustia que no me deja dormir,miedo
hoy pude expresarme sin que me juzgaran pero necesitaba decirlo,feliz
mira dijeron cosas que no son verdad sobre mi y me afecta mucho,enojo
la verdad es que siento que no le importo a nadie de verdad y quisiera que alguien me ayudara,triste
oye no tolero que me trates asi y no lo entiendo,enojo
me da pena decirlo pero hablaron de algo que yo no sabia y me senti excluido y eso me tiene mal,triste
mira lo que paso me mandaron un audio muy lindo y no es facil admitirlo,feliz
sinceramente siento que algo esta muy mal y me asusta de verdad,miedo
no te miento me salio redondo todo hoy parce,feliz
men estoy muy emocionado con lo que viene,feliz
me siento inseguro,miedo
no te miento no se como va a terminar esto otra vez,miedo
fijate que me graduo este mes y es agotador,feliz
mira que se murio mi perro esta mañana y no sé qué hacer,triste
la verdad es que me respondio el mensaje que esperaba y eso me tiene mal,feliz
definitivamente me siento motivado por todo lo que paso,feliz
ultimamente odio esta situacion de verdad,enojo
no te miento me ofrecieron un mejor cargo y me tiene agotado,feliz
ultimamente tengo los mejores amigos y me tiene mal,feliz
ultimamente estoy agotado emocionalmente desde hace dias,triste
la verdad no me dejaron terminar de hablar,enojo
la verdad es que tengo panico de perder lo que tengo de verdad,miedo
sinceramente me siento excelente hoy,feliz
realmente todo esta funcionando bien,feliz
bro me contactaron por mi trabajo y quede feliz y no se que hacer,feliz
lo que pasa es que por fin me contestaron y trato de disimularlo,feliz
me da pena decirlo pero pude mantener una conversacion sin angustiarme y no se que hacer,feliz
en serio llegue a tiempo a todo y me tiene mal,feliz
te juro que que impotencia siento con todo esto y no lo voy a tolerar,enojo
sinceramente no me merecia este trato y no lo puedo ocultar,enojo
tengo panico de perder lo que tengo de verdad,miedo
sinceramente logre lo que queria y no se que hacer,feliz
hoy no hubo trafico hoy y me tiene mal,feliz
es que me tiene muy angustiado esa situacion y no es facil,miedo
desde ayer me siento nervioso otra vez,miedo
mira lo que paso nadie reconocio lo que aporte pero necesitaba decirlo,enojo
desde hace dias tengo miedo de haber arruinado algo sin saberlo y me cuesta mucho,miedo
ultimamente tengo miedo de mandar ese mensaje y que lo tomen mal pero ya no puedo mas,miedo
se llevaron el credito de lo que yo hice otra vez,enojo
honestamente eso no estuvo bien para nada y no lo voy a tolerar,enojo
men vi las historias de todos y me senti muy mal,triste
no puedo creer tu irresponsabilidad de verdad,enojo
bro me reportaron sin motivo y me bloquearon la cuenta y ya,enojo
bro vi las historias de todos y me senti muy mal de verdad,triste
es que me da ansiedad conocer gente nueva y eso me pesa,miedo
parce me tiene muy apagado esta situacion la verdad,triste
es que me da ansiedad abrir ese chat y me cuesta mucho,miedo
es que no voy a tolerar esto mas y ya,enojo
estrene mi apartamento y nadie lo sabe,feliz
desde hace dias cambiaron las reglas sin avisarme de verdad,enojo
no te miento publico algo que me dejo muy mal sinceramente,triste
la verdad me hablaron muy mal la verdad,enojo
la verdad me cobraron mas de lo que decia el precio pero bueno,enojo
hoy estoy demasiado molesto y eso empeora todo,enojo
en serio hoy amaneci con mucha energia,feliz
tengo miedo de embarrarla con esa decision hermano,miedo
de verdad eres un irresponsable total en serio,enojo
estoy muy molesto con lo que hicieron,enojo
mira lo que paso no se como decirlo sin que se enojen y eso me tiene mal,miedo
ahora mismo tengo una entrevista y me muero del susto de verdad,miedo
ultimamente estoy muy contento todo el tiempo,feliz
es que siento que si me equivoco no hay vuelta atras bro,miedo
sinceramente me sacaron de la jugada sin ninguna explicacion la verdad,enojo
hoy fui honesto y salio bien,feliz
hoy que alegria me da ver tus logros,feliz
que manera tan irresponsable de actuar sin excusas,enojo
mira nadie entendio como me sentia,triste
te digo que estoy muy angustiado con las posibilidades,miedo
la verdad me fue bien en el icfes pero bueno,feliz
esto sí que no me lo esperaba para nada,feliz
ahora mismo me siento lleno de energia y me encanta,feliz
mira me mintieron en mi cara y me tiene mal,enojo
es que me preocupa no poder pagar el arriendo el otro mes hermano,miedo
me da susto pedir el favor porque me da pena y nadie lo sabe,miedo
te digo que siento que algo muy importante se perdio de verdad,triste
no te miento me enfurece que actuen asi y es agotador,enojo
la verdad es que pude decir lo que sentia sin miedo y no es facil admitirlo,feliz
ultimamente perdi algo muy importante pero no digo nada,triste
definitivamente estoy harto de esto ultimamente,enojo
men tengo miedo de responder mal y arruinar todo y no se que hacer,miedo
nacio mi hija la verdad,feliz
es que me descuentan del sueldo cosas que no firmé y no es facil,enojo
en serio me da panico equivocarme y que no me perdonen y no se como manejarlo,miedo
vieja me salio el cupo en el sena y ya,feliz
sinceramente se aprovecharon de que no sabia y me tiene mal,enojo
hoy estoy muy contento y agradecido de verdad,feliz
me usaron cuando les convenia y despues nada parce,enojo
la verdad me preocupa el futuro desde hace dias,miedo
sinceramente estoy temblando de nervios otra vez,miedo
no te miento me da pena que se den cuenta que no entendi y ya,miedo
mira me da pena que se den cuenta que no entendi y no es facil,miedo
en este momento me siento sin energia y no se que hacer,triste
sabes que estoy muy feliz con mi vida y estoy muy agradecido,feliz
te cuento que me pidieron que fuera a una reunion sin decirme de que,miedo
mira me cobraron de mas sin avisar pero no digo nada,enojo
no te miento algo me dice que las cosas van a cambiar mal y no se que hacer,miedo
tengo miedo de que lo peor esta por venir de verdad,miedo
hoy nada tiene sentido en este momento,triste
es que siento que algo no esta bien aunque todo parece normal pero necesitaba decirlo,miedo
es que me citaron a declarar y estoy muy nervioso de verdad,miedo
de verdad que alegria me da ver tus logros y es lo mejor que me paso,feliz
sinceramente todo el mundo esta en planes y yo solo en casa,triste
te digo que me da ansiedad publicar algo y que lo juzguen,miedo
en serio que dia tan especial fue hoy para todos y estoy muy contento,feliz
te cuento que me regalaron algo que queria hace mucho sinceramente,feliz
hoy me paralizo cuando tengo que decidir otra vez,miedo
ultimamente esto es injusto y me afecta mucho,enojo
fijate que hice algo que me daba miedo y salio bien,feliz
mira estoy con una nota hoy hermano,feliz
para serte honesto tengo miedo de ver lo que me respondieron pero ya no puedo mas,miedo
siento que todo el mundo sigue y yo me quede quieto y me tiene mal,triste
te digo que siento una inquietud muy grande ahora,miedo
fijate que me rechazaron y duela mucho todo el tiempo,triste
no se siento que finjo estar bien tan seguido que ya ni se bro,triste
oye me interrumpieron todo el tiempo y no puedo evitarlo,enojo
mira lo que paso tuve que fingir que estaba bien toda la noche y quisiera que alguien me ayudara,triste
mira perdi algo muy importante pero no digo nada,triste
en serio me faltaron el respeto delante de todos pero bueno,enojo
te cuento que me pelee con mi mejor amigo y me duele mucho,triste
es que estoy muy angustiado sin encontrar salida de verdad,miedo
es que se burlaron de algo que me costo decir y trato de disimularlo,enojo
la verdad ya no aguanto esta situacion y ya,enojo
te cuento que cumpli mi meta del año y no se que hacer,feliz
hoy me dieron el trabajo que queria y ya,feliz
te cuento que me aterra quedar mal frente a todos,miedo
hermano quedamos de una con el plan y nadie lo sabe,feliz
no te miento pude expresarme sin que me juzgaran sinceramente,feliz
es que hoy me vi bien en el espejo y me gusto,feliz
en este momento me siento motivado esta semana,feliz
siento que el tiempo se me acaba y no he hecho nada y no puedo evitarlo,miedo
es que me enfurece que actuen asi sinceramente,enojo
ahora mismo hable con alguien nuevo y no fue tan malo de verdad,feliz
te juro que me da panico equivocarme y que no me perdonen y me cuesta mucho,miedo
la verdad me graduo este mes sinceramente,feliz
qué bueno que pasó esto,feliz
mira lo que paso nadie reconocio lo que aporte sinceramente,enojo
te cuento que saque mi licencia de conducir,feliz
hoy extraño como era todo antes y ya,triste
lo que pasa es que hice algo que me daba miedo y salio bien y quisiera que alguien me ayudara,feliz
es que me tiene muy desanimado todo esto hermano,triste
para serte honesto mi grupo de trabajo funciono muy bien y me tiene agotado,feliz
para serte honesto pude expresarme sin que me juzgaran y quisiera que alguien me ayudara,feliz
me salio todo bien y no me lo esperaba,feliz
para serte honesto la vida esta siendo buena conmigo la verdad,feliz
me invitaron a algo importante y no puedo evitarlo,feliz
te cuento que me respondieron con mala cara sin razon,enojo
la verdad me tienen muy mamado con esa vuelta y no es facil,enojo
ultimamente me salio la receta que estaba intentando y ya,feliz
ultimamente me siento decepcionado desde hace dias,triste
hoy consegui apartamento en arriendo bien precio y no es facil,feliz
en serio desactive mis redes porque me hacian sentir mal men,triste
en serio me siento muy solo en esta ciudad de verdad,triste
ultimamente siento que no soy suficiente,triste
estoy muy alegre con lo que vivo sin duda,feliz
es que siento que a nadie le importo y me tiene mal,triste
hermano me dejo mi novia y estoy muy bajoneado y ya,triste
no se como aguantarte tanto y ya me canse,enojo
aprobe todas las materias este semestre,feliz
hermano me dejo mi novia y estoy muy bajoneado la verdad,triste
me da mucho miedo estar solo en esto y no puedo calmarlo,miedo
para serte honesto me rindo de intentarlo todo el tiempo,triste
oye me hicieron firmar algo que no entendi y me afecta,enojo
no te miento me asusta que piensen que soy raro y no se como manejarlo,miedo
la verdad es que me dejo de seguir en redes sociales y no es facil admitirlo,triste
desde hace dias nadie me escucha y no se que hacer,triste
sinceramente siento que a nadie le importo todo el tiempo,triste
ultimamente todo el mundo parece tener todo claro menos yo y no es facil,triste
desde ayer me siento muy triste y me duele mucho,triste
en este momento me siento nervioso y no se que hacer,miedo
mira tuve que dejar mis estudios pero necesitaba decirlo,triste
mira me tiene muy irritado todo esto y me cuesta mucho,enojo
desde hace dias tengo panico de fallar frente a todos y eso me pesa,miedo
mira lo que paso me da terror mostrarme como soy de verdad y me pesa cargarlo solo,miedo
te cuento que estoy muy cansado de lucharla solo y no se que hacer,triste
hoy me siento inseguro y me afecta mucho,miedo
hoy llegue a los seguidores que queria,feliz
fijate que todo me genera ansiedad ultimamente y ya,miedo
me graduo el sabado en el paraninfo la verdad,feliz
lo que pasa es que me enfurece que actuen asi y necesito que alguien me entienda,enojo
fijate que nada me salio bien hoy otra vez,enojo
no te miento no se si voy a poder con esto y no lo puedo ocultar,miedo
para serte honesto me dieron el viernes libre y no se como manejarlo,feliz
oye hoy me senti comodo siendo yo mismo y quisiera que alguien me ayudara,feliz
para serte honesto cambiaron las reglas sin avisarme y me cuesta mucho,enojo
realmente me siento decepcionado desde hace dias,triste
oye me decepciono mucho lo que hiciste y no lo entiendo,enojo
la verdad me invitaron a algo importante,feliz
te juro que tengo miedo de que no me entiendan y no lo digo seguido,miedo
hoy mi familia estuvo muy unida hoy hermano,feliz
es que me dijeron que era muy sensible por sentirme mal de verdad,enojo
sinceramente me tienes agotado con tus cosas en serio,enojo
ultimamente tengo miedo de ver lo que me respondieron,miedo
hoy ya nada es igual de verdad,triste
desde ayer tengo panico todo el tiempo,miedo
para serte honesto me dejo en visto y no respondio y no se como manejarlo,triste
sabes que me alegra muchisimo lo que paso y estoy muy agradecido,feliz
la verdad es que me da ira tu actitud y punto,enojo
me da pena decirlo pero me mandaron un mensaje muy agresivo,enojo
oye que falta de respeto tan grande sin excusas,enojo
no se que va a pasar y no se que hacer,miedo
hoy hoy fue maravilloso ultimamente,feliz
sinceramente me asusta mucho pensar en el futuro,miedo
hoy no pude ir a la graduacion sinceramente,triste
desde hace dias no tuve ganas de comer todo el tiempo,triste
en serio me reconocieron el esfuerzo en el trabajo sinceramente,feliz
no te miento se fue mi gato hoy,triste
hoy me siento muy bien en este momento en serio,feliz
mañana presento y no he empezado nada,miedo
te cuento que prometieron y no cumplieron y me tiene mal,enojo
me hicieron enojar,enojo
mira lo que paso me dijeron que era muy sensible por sentirme mal pero necesitaba decirlo,enojo
hoy tengo miedo de que mi respuesta suene agresiva y no lo digo seguido,miedo
es que pude decir lo que sentia sin miedo de verdad,feliz
mira me preocupa no poder pagar el arriendo el otro mes,miedo
ahora mismo hoy amaneci con mucha energia sinceramente,feliz
sinceramente me toco dejar los estudios por plata,triste
hoy me hace muy feliz lo que hiciste sin duda,feliz
me da pena decirlo pero lei el mensaje diez veces y no se como responder y eso me tiene mal,miedo
en este momento tengo panico otra vez,miedo
me siento destruido y no se que hacer,triste
hoy vi algo que me dejo muy intranquilo y ya,miedo
oye me interrumpieron cada vez que hable pero necesitaba decirlo,enojo
es que me canse de ser el que siempre aguanta y no se que hacer,triste
te digo que no se si voy a poder sostenerme solo y ya,miedo
me tiene con los nervios destrozados la verdad,miedo
desde hace dias esto me parece una falta de respeto total y no se que hacer,enojo
sinceramente nadie me eligio para su equipo y me cuesta mucho,triste
en serio me siento muy agradecido con la vida y no lo puedo creer,feliz
me siento muy triste y desolado y me duele mucho,triste
oye me toco irme del barrio que queria y ya,triste
ultimamente me hablaron muy mal y me tiene mal,enojo
para serte honesto me mintieron en mi cara otra vez,enojo
me da pena decirlo pero mi jefe quedo contento con mi trabajo sinceramente,feliz
la verdad es que me siento muy feliz con mi familia,feliz
lo que es cierto es que me pone feliz ver tu progreso y estoy muy contento,feliz
te cuento que me cobraron de mas y no me quieren devolver,enojo
la verdad eso me pone muy furioso parce la verdad,enojo
me da miedo no estar a la altura de lo que se espera,miedo
hoy no supe leer la situacion y meti la pata sinceramente,triste
lo que pasa es que logre cerrar el trato que necesitaba y me cuesta mucho,feliz
te cuento que me echaron sin explicacion,triste
sinceramente me tiene angustiado no saber que va a pasar y eso me pesa,miedo
la verdad termino mi relacion y ya,triste
ultimamente me escribieron solo para reclamarme y no lo digo seguido,enojo
hoy me robaron el celular y estoy muy mal y eso me duele,triste
parce el transporte salio tardisimo y llegue tarde por eso hermano,enojo
no te miento no entendi el tono del mensaje y me confundi pero ya no puedo mas,triste
te digo que que buenas noticias me llegaron hoy en serio,feliz
sinceramente por fin me compre lo que queria y me tiene mal,feliz
no te miento termine todo lo que tenia pendiente y me tiene agotado,feliz
me quitaron el trabajo y no sé qué hacer,triste
hoy no se si voy a poder con esto y eso me pesa,miedo
desde hace dias me toco el dia libre y eso me pesa,feliz
sinceramente me mandaron de una oficina a otra sin solucion,enojo
honestamente no voy a seguir tolerando esto,enojo
te digo que me tratan diferente por ser joven y no es facil,enojo
me comparo mucho con los demas y me hace mal y nadie lo entiende,triste
hoy capturaron una conversacion privada y la compartieron men,enojo
no se me paraliza no saber cual es el camino correcto y no puedo evitarlo,miedo
desde hace dias me dejo de seguir en redes sociales y no lo digo seguido,triste
sinceramente me toco el dia libre otra vez,feliz
oye me da miedo que graben algo mio sin permiso,miedo
en serio me da terror que noten que estoy nervioso y no es facil admitirlo,miedo
definitivamente esto es injusto por todo lo que paso,enojo
lo que pasa es que me siento muy bien conmigo mismo y no se que hacer,feliz
me cancelaron la cita sin avisar pero bueno,enojo
te digo que me siento muy agradecido con la vida sin duda,feliz
mira lo que paso hable con alguien nuevo y no fue tan malo y me tiene agotado,feliz
no te miento me llamaron de la empresa y no dijeron para que,miedo
desde ayer me siento nervioso todo el tiempo,miedo
la verdad me dejo mi novia y estoy muy bajoneado la verdad,triste
la verdad fallecio alguien cercano sinceramente,triste
estoy apostando todo a esto pero bueno,miedo
en serio me sacaron de la jugada sin ninguna explicacion parce,enojo
mira lo que paso tengo miedo de que mi respuesta suene agresiva y no es facil admitirlo,miedo
no se si contarte pero no supe leer la situacion y meti la pata,triste
mi novia me engañó con una mujer,enojo
te juro que me da miedo no estar a la altura de lo que se espera y no es facil,miedo
ahora mismo me canse de pedir lo mismo sin resultado y no se que hacer,enojo
fijate que me pone muy nervioso tener que dar explicaciones y eso me duele,miedo
ahora mismo pude decir lo que sentia sin miedo de verdad,feliz
vieja mi familia esta pasando un momento muy dificil y me cuesta mucho,triste
hoy me tiene muy desanimado todo esto y no puedo evitarlo,triste
oye algo me dice que las cosas van a cambiar mal y nadie lo sabe,miedo
la verdad es que siento tristeza cuando pienso en eso y no se como seguir,triste
te digo que me asusta mucho pensar en el futuro,miedo
ultimamente me siento inseguro otra vez,miedo
hoy cambiaron todo sin avisarme y me tiene mal,enojo
hoy me mintieron descaradamente en la cara,enojo
hoy siento que no tengo control de nada y no se que hacer,miedo
realmente me siento tranquilo y feliz otra vez,feliz
ahora mismo tengo panico de decir algo y que lo malinterpreten pero necesitaba decirlo,miedo
hermano me tienen hasta la coronilla,enojo
hoy me hicieron repetir el tramite tres veces y no se que hacer,enojo
hermano me toco dejar los estudios por plata y no es facil,triste
hoy me ignoraron durante horas la verdad,enojo
tengo ansiedad de pensar en el futuro y me afecta,miedo
sinceramente me pelee con mi mejor amigo y me duele mucho de verdad,triste
tengo miedo de que las cosas empeoren y eso me preocupa mucho,miedo
es que todo cambio de golpe,triste
parce me tienen muy hastiado con lo mismo,enojo
bro no se que quiero hacer con mi vida y no es facil,miedo
publicaron algo mio sin pedirme permiso y me cuesta mucho,enojo
te juro que todo el mundo esta en planes y yo solo en casa men,triste
ultimamente me excluyeron de la decision sin explicacion y no lo digo seguido,enojo
mira tengo algo importante manana y no puedo dormir,miedo
ultimamente hoy fui honesto y salio bien y me cuesta mucho,feliz
la verdad me siento inseguro desde hace dias,miedo
ahora mismo todo me da miedo ultimamente,miedo
es que nacio mi hija y me tiene mal,feliz
lo que pasa es que estoy muy apesadumbrado con las noticias,triste
sinceramente no supe como responder y ahora me arrepiento y quisiera que alguien me ayudara,triste
oye me pidieron que fuera a recursos humanos y me tiene mal,miedo
hoy me canse de pedir lo mismo sin resultado y no se como manejarlo,enojo
te cuento que me hicieron sentir mal por preguntar la verdad,enojo
para serte honesto me graduo este mes y me afecta mucho,feliz
de verdad me pone de buen humor todo hoy y estoy muy agradecido,feliz
no se hoy me vi bien en el espejo y me gusto,feliz
para serte honesto me dieron la beca la verdad,feliz
es que mi equipo gano hoy y estoy feliz y nadie lo sabe,feliz
mira me robaron el celular y estoy muy mal y no puedo evitarlo,triste
te cuento que me ignoraron cuando tenia toda la razon y no es facil,enojo
mira me trataron muy mal sin razon otra vez,enojo
hoy tengo ansiedad por lo que viene ultimamente,miedo
mira me fue bien en el icfes y nadie lo sabe,feliz
fijate que me dijeron que exageraba pero necesitaba decirlo,enojo
la verdad es que estoy muy apagado y sin motivacion de verdad,triste
hoy ya no hablo con mi parcero de toda la vida hermano,triste
es que me embargaron la cuenta y no entiendo por que y me cuesta mucho,miedo
estoy muy emocionado con lo que viene,feliz
no te miento me tiene angustiado no saber que va a pasar otra vez,miedo
men me di cuenta que nadie me busca si yo no busco de verdad,triste
vi su historia y estaba con otros,triste
la verdad algo me dice que las cosas van a cambiar mal,miedo
te digo que me llego un paquete que habia pedido la verdad,feliz
es que no pude ir a la graduacion y no se que hacer,triste
me siento muy contento con la vida,feliz
mira me tiene muy irritado todo lo que esta pasando men,enojo
parce me llegó una carta del juzgado y no se que es y eso me duele,miedo
me alegra ver que todo salio bien,feliz
te cuento que nacio mi hija,feliz
ahora mismo quiero estar solo y no se que hacer,triste
es que no me merecia este trato sinceramente,enojo
sinceramente me aterra pensar en perder el control,miedo
es que extraño como era todo antes y no se que hacer,triste
hoy me siento muy achantado hoy y me tiene mal,triste
en serio me pone feliz ver tu progreso,feliz
vieja tengo miedo de decir algo y que lo tomen mal y me cuesta mucho,miedo
mira lo que paso me mandaron un mensaje muy agresivo y no lo digo seguido,enojo
la verdad me preocupa demasiado esto todo el tiempo,miedo
me tiene indignado lo que paso sin excusas,enojo
compre mi primera casa y me afecta,feliz
fijate que me dejaron,triste
definitivamente tengo miedo de hablar en este momento,miedo
ultimamente me siento solo aunque este rodeado de gente de verdad,triste
la verdad es que no te lo voy a perdonar tan facil y ya me canse,enojo
en serio eso me pone muy furioso parce,enojo
me da mucho miedo la situacion actual y eso me preocupa mucho,miedo
tengo miedo de que no me entiendan y no es facil admitirlo,miedo
mira me encontre plata en un bolsillo que no sabia la verdad,feliz
sinceramente salimos a rumbear y la pase muy bien parce,feliz
me pone de buen humor todo hoy sin duda,feliz
siento que finjo estar bien tan seguido que ya ni se pero bueno,triste
hoy no se si voy a poder sostenerme solo y no puedo evitarlo,miedo
no tengo ganas de nada otra vez,triste
desde hace dias termino mi carrera y me afecta mucho,feliz
fijate que me fui de viaje y ya,feliz
para serte honesto estoy muy ilusionado con lo que viene sinceramente,feliz
hoy me siento muy bien con mi proceso y me afecta,feliz
lo que pasa es que tengo los mejores amigos y no se que hacer,feliz
me siento nervioso por todo lo que paso,miedo
no se me siento solo aunque este rodeado de gente,triste
ultimamente estoy agotado de tener que explicar como me siento y me afecta,triste
hoy me hicieron una videollamada sorpresa y me afecta mucho,feliz
no se que quiero hacer con mi vida,miedo
desde hace dias me eliminó de sus contactos sin decir nada y eso me tiene mal,triste
sinceramente estoy muy asustado de tomar esa decision y no puedo calmarlo,miedo
ahora mismo ya no se que hacer en este momento,triste
tengo panico todo el tiempo,miedo
me da pena decirlo pero me ofrecieron un mejor cargo,feliz
tengo miedo de llegar a cierta edad sin haber logrado nada y me tiene pensando mucho,miedo
mira estoy muy ido hoy no se que me pasa pero bueno,triste
no se tengo miedo de responder mal y arruinar todo y ya,miedo
es que me ignoraron cuando tenia razon y es agotador,enojo
sinceramente estrene mi apartamento la verdad,feliz
estoy agotado emocionalmente todo el tiempo,triste
hermano tengo panico de que me pregunten algo en clase y me cuesta mucho,miedo
te cuento que no tuve ganas de comer sinceramente,triste
mira me salio el negocio que queria,feliz
mira me da pena que se den cuenta que no entendi,miedo
me da susto pedir el favor porque me da pena y no es facil,miedo
realmente ya no tengo ganas desde hace dias,triste
me saca de quicio que no cambien nada y no es facil,enojo
la verdad cumpli mi meta del año la verdad,feliz
la verdad es que tengo panico de decir algo y que lo malinterpreten y trato de disimularlo,miedo
te juro que me excluyeron de la decision sin explicacion y me pesa cargarlo solo,enojo
te cuento que me descuentan del sueldo cosas que no firmé y ya,enojo
estoy muy contento con lo logrado y no lo puedo creer,feliz
hoy hice algo que me daba miedo y salio bien pero necesitaba decirlo,feliz
fijate que tengo panico de decir algo y que lo malinterpreten y me afecta mucho,miedo
en este momento recibi buenas noticias todo el tiempo,feliz
es que me preocupa tanto que no puedo dormir y necesito que alguien me entienda,miedo
hoy me escribio la persona que me gusta y necesito que alguien me entienda,feliz
la verdad me preocupa no poder pagar el arriendo el otro mes pero bueno,miedo
hermano tengo miedo de que me rechacen si digo lo que pienso,miedo
te cuento que nos separamos despues de mucho tiempo,triste
es que me toco irme del barrio que queria y ya,triste
me duele mucho haber perdido eso y no lo puedo superar,triste
la verdad me aprobo el credito el banco,feliz
todo el mundo esta en planes y yo solo en casa y me afecta,triste
te juro que me cansas con tanta excusa y me parece muy mal,enojo
es que que mal comportamiento tienes en serio,enojo
en serio me canse de esperar que las cosas cambien solas y me tiene pensando mucho,triste
es que me da ansiedad abrir ese chat y no lo digo seguido,miedo
defendi mi proyecto y quede bien pero bueno,feliz
la verdad es que estoy muy triste con lo que resulto,triste
no te miento siento que nadie me toma en serio,enojo
sinceramente todo esta mejorando y me afecta mucho,feliz
es que me salio todo bien y no me lo esperaba,feliz
me saca de quicio tu actitud y no lo entiendo,enojo
hoy fue un dia increible de verdad,feliz
la verdad tengo miedo de que me rechacen si digo lo que pienso,miedo
oye me enferma tu comportamiento,enojo
sinceramente me siento tranquilo y feliz por todo lo que paso,feliz
te cuento que estoy al limite de mi paciencia y eso me pesa,enojo
definitivamente me siento tranquilo y feliz por todo lo que paso,feliz
mira hoy fue un dia muy chévere,feliz
mañana tengo examen y no he estudiado y estoy mal,miedo
me produce mucho enojo esto,enojo
me preocupa mucho el futuro economico y no se que hacer,miedo
es que no puedo creer que hayan hecho eso,enojo
no te miento no estudie suficiente para esto pero necesitaba decirlo,miedo
sinceramente perdi tiempo en algo que no valio y no puedo evitarlo,enojo
oye tengo miedo de que todo cambie y me afecta mucho,miedo
es que me da terror pensar en esa posibilidad de verdad,miedo
me siento muy perdido con mi vida y me cuesta aceptarlo,triste
oye me echaron sin explicacion sinceramente,triste
te digo que siento que estoy muy solo en todo esto,triste
hoy me cambiaron el trabajo sin consultarme de verdad,enojo
te cuento que me dejaron hacer todo el trabajo solo y ya,enojo
vieja me da pena que se den cuenta que no entendi de verdad,miedo
me alegra que todo haya salido bien,feliz
sinceramente me paralizo cuando tengo que decidir la verdad,miedo
tengo panico de que me pregunten algo en clase y ya,miedo
en serio eres muy desconsiderado con los demas en serio,enojo
me dieron una sorpresa muy bonita hoy parce,feliz
todo lo que construi se cayo y es agotador,triste
oye me tiene completamente harto,enojo
es que esto me parece una falta de respeto total todo el tiempo,enojo
fijate que tengo miedo de que sea algo grave y no puedo evitarlo,miedo
ultimamente todo esta mejorando desde hace dias,feliz
firmé algo sin leerlo bien y ahora no sé qué tan grave fue,miedo
desde ayer me preocupa el futuro desde hace dias,miedo
es que me pidieron que fuera a una reunion sin decirme de que pero necesitaba decirlo,miedo
siento un dolor muy grande en el pecho y no se como seguir,triste
me da ansiedad publicar algo y que lo juzguen,miedo
ultimamente por fin lo logre sinceramente,feliz
mira lo que paso ya les dije mil veces y no cambia nada de verdad,enojo
hoy me prometieron algo y no lo cumplieron,enojo
la verdad ya no aguanto mas esa situacion,enojo
me case hoy pero bueno,feliz
me enfurece que actuen asi y no se que hacer,enojo
lo que pasa es que perdi la materia que mas me esforcé y quisiera que alguien me ayudara,triste
eres un desconsiderado y punto,enojo
ahora mismo odio esta situacion ultimamente,enojo
te cuento que el medico me dijo que necesita hablar conmigo de verdad,miedo
sinceramente me duele mucho lo que esta pasando y no lo puedo superar,triste
no se si contarte pero tengo miedo de haber arruinado algo sin saberlo y me afecta mucho,miedo
es que nadie me escucha y es agotador,triste
fijate que me invitaron a algo importante y ya,feliz
la verdad me respondieron que si al proyecto de verdad,feliz
hoy estoy demasiado cansado en este momento,triste
no se si contarte pero tengo miedo de que no me entiendan sinceramente,miedo
me quedé solo,triste
no me reconozco ultimamente y ya,triste
lo que pasa es que prometieron y no cumplieron y no se que hacer,enojo
oye me da ansiedad conocer gente nueva y no se que hacer,miedo
desde ayer me siento horrible desde hace dias,triste
sinceramente por fin termine el proyecto la verdad,feliz
parce tengo panico de que me pregunten algo en clase,miedo
es que me tiene muy desanimado todo esto parce,triste
me dicen que deberia estar agradecido por poco y me tiene pensando mucho,enojo
oye me siento muy solo en esta ciudad,triste
vieja me dejo mi novia y estoy muy bajoneado y ya,triste
ultimamente ya no quiero hablar de eso porque nadie entiende y me tiene pensando mucho,triste
hoy fue un parche buenisimo y nadie lo sabe,feliz
perdi algo muy importante de verdad,triste
en serio me cansas con tanta excusa sin excusas,enojo
lo que es cierto es que que buen trabajo hiciste hoy y estoy muy contento,feliz
la verdad mi mejor amigo se fue para otro pais pero bueno,triste
la verdad me cayo muy bien esa persona de verdad,feliz
lo que pasa es que hoy no tuve que fingir que estaba bien y me cuesta mucho,feliz
ultimamente me da pavor equivocarme sinceramente,miedo
hoy me rechazaron y duela mucho,triste
te cuento que compre mi primer carro y me afecta,feliz
ahora mismo llegue a tiempo a todo y no puedo evitarlo,feliz
en serio me senti aceptado como soy y me tiene agotado,feliz
lo que pasa es que no te lo voy a perdonar tan facil sin excusas,enojo
no te miento me tiene muy preocupado lo que esta pasando,miedo
siento que si me equivoco no hay vuelta atras de verdad,miedo
sinceramente usaron lo que les conte en mi contra y me cuesta mucho,enojo
es que me hicieron sentir que molestaba,enojo
sinceramente no me dejaron terminar de hablar,enojo
ultimamente me usaron y despues me ignoraron de verdad,enojo
ahora mismo todo me hace enojar en este momento,enojo
me toco irme del barrio que queria y me tiene mal,triste
ya no hablo con mi parcero de toda la vida y no es facil,triste
la verdad estoy muy mamado de todo y eso me duele,triste
ultimamente me asusta no saber si voy a conseguir trabajo y me afecta,miedo
sinceramente me canse de ser el que siempre aguanta,triste
hoy no se que va a pasar con mi vida de verdad,miedo
oye estoy furioso contigo en serio,enojo
me tiene indignado lo que paso y eso no esta bien,enojo
fijate que la vida esta siendo buena conmigo y eso me pesa,feliz
mira me rindo de intentarlo y necesito que alguien me entienda,triste
oye me cancelaron la cita sin avisar y nadie lo sabe,enojo
vieja hoy amaneci con toda la actitud y no puedo evitarlo,feliz
bro siento que estoy decepcionando a todos y no se que hacer,triste
no te miento me graduo este mes y necesito que alguien me entienda,feliz
manana es el dia y no estoy listo la verdad,miedo
es que me siento muy achantado hoy y no se que hacer,triste
hermano me tiene muy preocupado lo que esta pasando de verdad,miedo
no puedo evitar que siento una ansiedad muy fuerte ahora y no se que hacer,miedo
ultimamente estoy al limite de mi paciencia y necesito que alguien me entienda,enojo
capturaron una conversacion privada y la compartieron y ya,enojo
todo me afecta demasiado desde hace dias,triste
realmente me siento destruido en este momento,triste
te cuento que cambiaron todo sin avisarme y no puedo evitarlo,enojo
te cuento que no estudie suficiente para esto de verdad,miedo
parce me puse muy feliz con eso la verdad,feliz
fijate que siento que a nadie le importo,triste
definitivamente me siento vulnerable y me afecta mucho,miedo
estoy muy asustado con la situacion y no puedo calmarlo,miedo
es que me costo mucho levantarme hoy y es agotador,triste
mira siento que no tengo proposito y no puedo evitarlo,triste
hoy tengo miedo de que se den cuenta que no entiendo y no puedo evitarlo,miedo
mira lo que paso me dijeron que exageraba y no se como manejarlo,enojo
sinceramente todo me pone mal ultimamente,triste
es que hoy me senti muy bien conmigo mismo,feliz
sinceramente todo esta saliendo bien y me encanta,feliz
la verdad me respondieron que si al proyecto y ya,feliz
ahora mismo me asusta que piensen que soy raro y quisiera que alguien me ayudara,miedo
me dijeron que me quieren y ya,feliz
desde ayer siento demasiado temor ultimamente,miedo
el medico me dijo que necesita hablar conmigo pero necesitaba decirlo,miedo
oye me toco irme del barrio que queria,triste
lo que pasa es que no supe leer la situacion y meti la pata y me afecta mucho,triste
te juro que me molesta mucho tu actitud en serio,enojo
fijate que me toco dejar los estudios por plata y no es facil,triste
fijate que perdi mi negocio y no se como seguir y no puedo evitarlo,triste
la verdad me cobraron de mas sin avisar y no lo puedo ocultar,enojo
estoy muy triste y no quiero nada y no lo puedo superar,triste
lo que pasa es que no entiendo nada y me da verguenza preguntar y no se como manejarlo,triste
sinceramente me aterra quedar mal frente a todos pero bueno,miedo
te cuento que me hicieron sentir que molestaba pero bueno,enojo
me da pena que se den cuenta que no entendi la verdad,miedo
me da pavor la incertidumbre que siento y no puedo calmarlo,miedo
no se si contarte pero no supe leer la situacion y meti la pata y no es facil admitirlo,triste
es que me reportaron sin motivo y me bloquearon la cuenta,enojo
la verdad todo esta empeorando todo el tiempo,triste
en serio me dieron la nota que esperaba y no es facil admitirlo,feliz
parce me ignoraron cuando tenia toda la razon de verdad,enojo
te cuento que ya no somos lo que eramos y eso me entristece de verdad,triste
la verdad me di cuenta que nadie me busca si yo no busco y ya,triste
mira me rechazaron y duela mucho todo el tiempo,triste
ultimamente me mandaron audio de voz gritando y me cuesta mucho,enojo
la verdad me cobraron de mas y no me quieren devolver y ya,enojo
mira lo que paso me da terror que noten que estoy nervioso y no se como manejarlo,miedo
fijate que me paralizo cuando tengo que decidir y no se que hacer,miedo
la verdad me mandaron de una oficina a otra sin solucion,enojo
estoy cansado mentalmente en este momento,triste
me da pena decirlo pero me reconocieron el esfuerzo en el trabajo,feliz
sinceramente todo el mundo parece tener todo claro menos yo,triste
no te miento cargue con toda la responsabilidad del grupo y no se que hacer,enojo
no puedo creer que no tolero que me trates asi y me parece muy mal,enojo
vieja estoy que no me la creo,feliz
lo que pasa es que me fue bien en la sustentacion de verdad,feliz
cargue con toda la responsabilidad del grupo y no lo digo seguido,enojo
desde hace dias no puedo dejar de preocuparme todo el tiempo,miedo
mira ya no hablo con alguien que queria mucho pero necesitaba decirlo,triste
me copiaron el contenido y ni siquiera lo cambiaron y me afecta,enojo
me preocupa no poder pagar el arriendo el otro mes pero bueno,miedo
me angustia no tener todo claro a mi edad y me cuesta aceptarlo,miedo
ahora mismo siento que no encajo en ningún lado sinceramente,triste
no se me saca de quicio que no cambien nada la verdad,enojo
me llamaron de un numero desconocido y no puedo evitarlo,miedo
sinceramente tengo miedo de decepcionar a todos y necesito que alguien me entienda,miedo
te digo que me mencionaron en algo que me puso en ridiculo de verdad,enojo
ultimamente la vida esta siendo buena conmigo y eso me pesa,feliz
para serte honesto tengo los mejores amigos otra vez,feliz
lo que pasa es que no quise hablar con nadie hoy de verdad,triste
ahora mismo me dejaron hacer todo el trabajo solo y no lo puedo ocultar,enojo
la verdad es que siento que algo malo va a pasar y me tiene muy nervioso,miedo
sinceramente se fue mi perro hoy sinceramente,triste
honestamente no puedo con esta rabia que siento,enojo
te cuento que tengo miedo de tomar la decision equivocada de verdad,miedo
ahora mismo tengo miedo de que me juzguen pero no digo nada,miedo
sinceramente me prometieron que no volveria a pasar,enojo
es que termine mi tesis de verdad,feliz
no se si contarte pero me cambiaron el trabajo sin consultarme y trato de disimularlo,enojo
no te miento me da terror decepcionar a alguien que confio en mi y me pesa cargarlo solo,miedo
la verdad es que me copiaron el trabajo y lo publicaron como propio,enojo
mira lo que paso me etiquetaron en algo que me alegro el dia y no se como manejarlo,feliz
fijate que perdi mi negocio y no se como seguir la verdad,triste
en serio me ignoraron completamente y ya,enojo
sinceramente tengo mucho miedo,miedo
hoy me llegó una carta del juzgado y no se que es pero bueno,miedo
me da susto pedir el favor porque me da pena y me cuesta mucho,miedo
mira me siento muy lejos de todos de verdad,triste
ultimamente me hicieron esperar demasiado y no puedo evitarlo,enojo
ahora mismo no supe leer la situacion y meti la pata pero necesitaba decirlo,triste
la verdad tengo algo importante manana y no puedo dormir y ya,miedo
sinceramente no se si ese mensaje significaba lo que creo pero necesitaba decirlo,miedo
me aterra pensar en lo que puede ocurrir y eso me preocupa mucho,miedo
la verdad hoy fue un mal dia y me afecta mucho,triste
me alegra mucho haberte visto hoy y estoy muy agradecido,feliz
ahora mismo me siento derrotado en este momento,triste
oye me tiene con los nervios destrozados,miedo
hoy no tengo plan b si esto falla,miedo
ahora mismo me asusta pensar en el futuro otra vez,miedo
lo que pasa es que tengo panico de no saber como actuar en esa situacion y me pesa cargarlo solo,miedo
me reportaron sin motivo y me bloquearon la cuenta y no se que hacer,enojo
definitivamente odio esta situacion otra vez,enojo
la verdad siento mucha presion y no se que hacer,miedo
es que extraño mucho a las personas que ya no estan y no es facil,triste
me bloquearon sin darme ninguna explicacion men,enojo
parce me tiene muy preocupado lo que esta pasando pero bueno,miedo
fijate que no se si estan enojados conmigo o es mi imaginacion y quisiera que alguien me ayudara,miedo
fijate que me tiene muy triste esta vuelta,triste
te juro que me pusieron en evidencia en un grupo y no es facil admitirlo,enojo
te cuento que quede encantado con como salio todo,feliz
en serio me duele mucho lo que me dijeron,triste
para serte honesto gane el concurso la verdad,feliz
ahora mismo se burlaron de mi y no lo puedo ocultar,enojo
ahora mismo siento demasiado temor ultimamente,miedo
te cuento que estoy muy nervioso con esa vuelta y no es facil,miedo
es que me tienen muy mamado con esa vuelta de verdad,enojo
la verdad tengo miedo de decir algo y que lo tomen mal y ya,miedo
ahora mismo dijeron cosas que no son verdad sobre mi y no puedo evitarlo,enojo
lo que pasa es que no se como aguantarte tanto y ya me canse,enojo
fijate que si esto no funciona no se que voy a hacer y no se que hacer,miedo
hoy que buen dia tuve hoy en serio,feliz
oye me dieron la nota que esperaba y me afecta mucho,feliz
desde ayer tengo mucho miedo ultimamente,miedo
hoy me sacaron de la jugada sin ninguna explicacion,enojo
fijate que siento que se me acaba el tiempo pero necesitaba decirlo,miedo
para serte honesto ya les dije mil veces y no cambia nada y me afecta mucho,enojo
hoy todo el mundo esta en planes y yo solo en casa y no se que hacer,triste
siento que la estoy embarrando en todo pero bueno,triste
es que hicimos una reunioncita y quedo muy buena y ya,feliz
fijate que me llamaron para el trabajo en medellin,feliz
ahora mismo tengo miedo de que me juzguen y ya,miedo
fijate que tengo un mal presentimiento con eso hermano,miedo
la verdad ya nada es igual la verdad,triste
no se hoy descanse bien por primera vez en mucho tiempo y nadie lo entiende,feliz
mira lo que paso hablaron de algo que yo no sabia y me senti excluido y quisiera que alguien me ayudara,triste
es que me aprobo el credito el banco y me tiene mal,feliz
en serio me siento increiblemente bien,feliz
mira encontre algo que habia perdido hace tiempo,feliz
ultimamente termino mi carrera todo el tiempo,feliz
te digo que que bonito momento vivimos hoy en serio,feliz
en este momento tengo mucho miedo otra vez,miedo
parce me siento re bien y eso me duele,feliz
te cuento que me siento realizado otra vez,feliz
sinceramente me siento vacio todo el tiempo,triste
la verdad subi una foto y me arrepenti de haberla subido y no es facil,triste
oye me tiene muy irritado todo esto,enojo
te cuento que el transporte salio tardisimo y llegue tarde por eso,enojo
sinceramente me decepciono mucho lo que hiciste y me parece muy mal,enojo
sinceramente no se que va a pasar con mi vida de verdad,miedo
hoy me siento motivado con todo lo que paso,feliz
es que me llamaron de la empresa y no dijeron para que pero bueno,miedo
fijate que mi abuela ya no esta de verdad,triste
desde ayer tengo miedo de fallar por todo lo que pasa,miedo
no puedo creer que siento una rabia que no te imaginas de verdad,enojo
siento que la estoy embarrando en todo y ya,triste
oye me da panico equivocarme y que no me perdonen y nadie lo entiende,miedo
me da pena decirlo pero el profesor me humillo frente a todos y trato de disimularlo,triste
sinceramente siento una inquietud constante ahora,miedo
es que me da miedo no poder controlarlo y eso me preocupa mucho,miedo
ultimamente siempre me pasa lo mismo con las mismas personas y no se que hacer,enojo
no te miento el resultado me tiene muy angustiado,miedo
hoy llegue y me dijeron que no habia cupo de verdad,enojo
de verdad me siento solo y muy triste y quisiera que no fuera así,triste
la verdad es que siento tristeza y desesperanza ahora y no lo puedo superar,triste
es que me pidieron que fuera a recursos humanos y ya,miedo
sinceramente alguien noto que estaba bien y me lo dijo y no lo digo seguido,feliz
no se si contarte pero tengo miedo de que me alejen si se dan cuenta como soy y no se que hacer,miedo
en serio extraño como eran las cosas antes y necesito que alguien me entienda,triste
lo que pasa es que me mintieron en mi cara pero no digo nada,enojo
es que me tiene muy molesto que nadie haga nada,enojo
no quiero salir solo desde hace dias,miedo
parce me tiene muy bajoneado lo que paso,triste
sinceramente me tienen harto con esto,enojo
no te miento siento que el tiempo paso y yo no hice nada la verdad,triste
la verdad estoy emocionalmente agotado y no lo puedo ocultar,triste
en este momento no se que va a pasar esta semana,miedo
sinceramente estoy muy enojado y no se que hacer,enojo
de verdad que dia tan maravilloso fue hoy sin duda,feliz
me da pena decirlo pero ya les dije mil veces y no cambia nada y me afecta mucho,enojo
tengo un mal presentimiento con eso,miedo
la verdad es que me paraliza la idea de tener que hablar en grupo y me cuesta mucho,miedo
no te miento me salio rico lo que cocine y ya,feliz
te juro que tengo miedo de que mis sueños no sean suficientes y no puedo evitarlo,miedo
hoy me siento desconectado de todo todo el tiempo,triste
sabes que me alegra ver que todo salio bien,feliz
en serio todo me irrita en este momento,enojo
es que ya nada es igual,triste
me asusta mucho lo que podria pasar de verdad,miedo
honestamente no entiendo como puedes actuar asi,enojo
hoy me siento orgulloso de donde estoy pero necesitaba decirlo,feliz
ultimamente estoy muy preocupado en este momento,miedo
mira siento que algo esta pasando y nadie me dice que pero bueno,miedo
me dieron acceso a la oportunidad que queria y me afecta,feliz
la verdad es que me asusta que piensen que soy raro pero ya no puedo mas,miedo
mira me mintieron descaradamente en la cara y ya,enojo
te juro que tengo ansiedad de pensar en el futuro,miedo
desde ayer hoy fue maravilloso,feliz
me canse de ser el que siempre aguanta y me tiene pensando mucho,triste
compre mi primer carro y nadie lo sabe,feliz
para serte honesto no supe como responder y ahora me arrepiento y nadie lo entiende,triste
realmente me tienen harto con esto por todo lo que paso,enojo
sinceramente todo salio excelente todo el tiempo,feliz
te juro que siento una rabia horrible ahora mismo y punto,enojo
sinceramente todo esta mejorando todo el tiempo,feliz
en este momento me siento furioso ultimamente,enojo
estoy muy contento con los avances y no lo puedo creer,feliz
hoy me rechazaron y duela mucho la verdad,triste
es que estoy muy preocupado por lo que puede venir,miedo
eso estuvo muy mal hecho y no lo voy a tolerar,enojo
hoy me dicen que deberia estar agradecido por poco de verdad,enojo
de verdad que injusto es todo esto y no lo entiendo,enojo
en serio me siento re bien parce pero bueno,feliz
sinceramente entregue el proyecto a tiempo y me tiene agotado,feliz
te cuento que cumpli mi meta del año y ya,feliz
oye hicimos una reunioncita y quedo muy buena la verdad,feliz
sinceramente estoy demasiado angustiado para pensar la verdad,miedo
manana tengo una prueba importante y estoy nervioso sinceramente,miedo
para serte honesto hicieron como si yo no existiera en la reunion y no puedo evitarlo,enojo
la verdad me invitaron a algo importante y ya,feliz
en serio estoy con las personas que amo y ya,feliz
la verdad es que estoy muy bajo de animo y sin ganas de verdad,triste
lo que es cierto es que que buen dia para estar bien en serio,feliz
ultimamente llegue a los seguidores que queria y ya,feliz
no te miento hicieron algo injusto y nadie dijo nada y me tiene mal,enojo
sinceramente me preocupa no poder pagar el arriendo el otro mes,miedo
oye me cayo del cielo esa noticia y no se que hacer,feliz
la verdad estoy muy contento desde hace dias,feliz
mira ya no somos lo que eramos y eso me entristece,triste
la verdad compre mi primer carro de verdad,feliz
me angustia no tener todo claro a mi edad y no es facil,miedo
para serte honesto me echaron la culpa de lo que salio mal y me cuesta mucho,enojo
la verdad es que me da mucho miedo el futuro de verdad,miedo
ultimamente siento demasiado temor y me afecta mucho,miedo
me da miedo decepcionarme a mi mismo,miedo
no se si contarte pero no supe como responder y ahora me arrepiento,triste
ya no aguanto esta situacion y es agotador,enojo
mira me da pavor equivocarme pero no digo nada,miedo
hoy me siento feliz de verdad,feliz
me decepciona mucho tu actitud,enojo
ya no somos lo que eramos y eso me entristece y eso me duele,triste
sabes que que dia tan bueno fue hoy,feliz
de verdad estoy muy apagado sin poder sonreir,triste
mira lo que paso me bloqueo sin darme una explicacion y quisiera que alguien me ayudara,triste
hoy todo tiene sentido ahora y no lo puedo ocultar,feliz
hoy ya no esta la persona que queria y no puedo evitarlo,triste
te cuento que nadie me dio una respuesta clara de verdad,enojo
desde ayer me siento destruido y me afecta mucho,triste
fijate que me da muy duro enfrentar esa conversacion,miedo
sinceramente me duele mucho todo lo que ocurrio,triste
en serio hoy el clima estuvo perfecto de verdad,feliz
es que me saca de quicio todo esto y no puedo evitarlo,enojo
no te miento me da terror decepcionar a alguien que confio en mi y no lo digo seguido,miedo
hoy me tiene muy desanimado todo esto y eso me duele,triste
te cuento que dijeron cosas que no son verdad sobre mi todo el tiempo,enojo
tengo un nudo,miedo
lo que pasa es que me siento muy triste y desolado y me duele mucho,triste
vieja quede encantado con como salio todo y no es facil,feliz
ultimamente no quiero salir solo todo el tiempo,miedo
tengo ansiedad de aparecer en camara y ya,miedo
ultimamente estoy emocionado en este momento,feliz
no te miento ya no esta la persona que queria,triste
ultimamente dijeron cosas que no son verdad sobre mi y me tiene mal,enojo
no te miento me siento desconectado de todo y no puedo evitarlo,triste
sinceramente cambiaron las reglas sin avisarme y eso me tiene mal,enojo
estoy muy asustado con la situacion de verdad,miedo
fijate que se llevaron el credito de lo que yo hice y necesito que alguien me entienda,enojo
me hicieron firmar algo que no entendi de verdad,enojo
fijate que hoy fue mejor de lo que esperaba pero bueno,feliz
ultimamente me escribieron para disculparse y me alegro y nadie lo entiende,feliz
ultimamente hoy fue un gran dia,feliz
es que subi una foto y me arrepenti de haberla subido men,triste
lo que es cierto es que que buena noticia para empezar el dia sin duda,feliz
realmente estoy muy emocionado esta semana,feliz
hoy estoy muy emocionado con lo que viene la verdad,feliz
realmente todo me irrita en este momento,enojo
ya me canse de repetirte lo mismo sin excusas,enojo
definitivamente me siento lleno de energia ultimamente,feliz
ultimamente ya no aguanto mas y estoy cansado,enojo
la verdad hicimos una reunioncita y quedo muy buena parce,feliz
lo que pasa es que siento que a nadie le importo de verdad,triste
me dejaron plantado y ni se disculparon,enojo
no te miento siento que estoy de mas sinceramente,triste
desde hace dias no entiendo nada y me da verguenza preguntar de verdad,triste
ultimamente todo me irrita,enojo
fijate que me salio el traslado que pedi la verdad,feliz
honestamente eres un egoista de primera y punto,enojo
ya me canse de esto,enojo
es que me tiene muy triste esta vuelta y me cuesta mucho,triste
mira que impotencia siento con todo esto,enojo
realmente estoy demasiado preocupado y no se que hacer,miedo
hoy me gane una chamba buenisima y ya,feliz
sinceramente me escribieron para disculparse y me alegro y no lo digo seguido,feliz
la verdad siento que voy a fallar manana y ya,miedo
es que desactive mis redes porque me hacian sentir mal,triste
desde hace dias me trataron muy mal sin razon y necesito que alguien me entienda,enojo
es que tengo los mejores amigos de verdad,feliz
fijate que hice algo que me daba miedo y salio bien y quisiera que alguien me ayudara,feliz
me da susto pedir el favor porque me da pena y no se que hacer,miedo
para serte honesto no se como decirlo sin que se enojen y no se como manejarlo,miedo
definitivamente me preocupa el futuro y no se que hacer,miedo
oye estoy muy emocionado con lo que viene,feliz
en serio esto me molesta mucho otra vez,enojo
la verdad es que no entendi el tono del mensaje y me confundi y no se como manejarlo,triste
es que perdi una oportunidad importante y necesito que alguien me entienda,triste
es que todo cambio de golpe de verdad,triste
ultimamente me dicen que deberia estar agradecido por poco pero bueno,enojo
es que tengo un mal presentimiento con eso y me tiene mal,miedo
tengo miedo de embarrarla con esa decision pero bueno,miedo
la verdad es que estoy lleno de felicidad ahora mismo sin duda,feliz
estoy muy apagado y sin energia y me duele mucho,triste
mira lo que paso me da terror decepcionar a alguien que confio en mi de verdad,miedo
ahora mismo me ignoraron cuando trate de explicarme y trato de disimularlo,enojo
hoy me canse de esperar que las cosas cambien solas la verdad,triste
en serio alguien me entendio sin que yo explicara mucho y no lo digo seguido,feliz
lo que pasa es que siento una tristeza muy grande ahora y quisiera que no fuera así,triste
es que tengo miedo de que las cosas empeoren,miedo
fijate que me puse muy feliz con eso parce y ya,feliz
sinceramente hoy me senti muy a gusto con todo y me cuesta mucho,feliz
es que ya no hablo con mi parcero de toda la vida,triste
no puedo creer que esto me pone de muy mal humor y ya me canse,enojo
me da pena decirlo pero pase el semestre sin perder nada y no es facil admitirlo,feliz
es que me prometieron algo y no lo cumplieron y me tiene mal,enojo
hoy me embargaron la cuenta y no entiendo por que,miedo
sinceramente me produce mucho enojo esto y eso no esta bien,enojo
me siento sin energia otra vez,triste
la verdad es que no voy a permitir que me hagas eso y no lo entiendo,enojo
no se si contarte pero me respondio el mensaje que esperaba y nadie lo entiende,feliz
hoy me graduo el sabado en el paraninfo y me tiene mal,feliz
honestamente me da demasiada rabia y eso empeora todo,enojo
me puse muy feliz con eso parce y eso me duele,feliz
la verdad es que me siento muy solo y sin apoyo,triste
hoy estoy pasando un gran momento y no se que hacer,feliz
sinceramente tengo miedo de que mis sueños no sean suficientes de verdad,miedo
te cuento que siento que algo esta pasando y nadie me dice que sinceramente,miedo
desde hace dias me cambiaron el trabajo sin consultarme y me afecta mucho,enojo
me cobraron mas de lo que decia el precio y ya,enojo
te juro que tengo miedo de tomar una decision y que salga mal y me afecta,miedo
mira que descaro tan grande el de esa gente y no puedo evitarlo,enojo
te cuento que estoy muy bacano con la noticia y ya,feliz
la verdad es que siento un miedo enorme que no puedo controlar y no puedo calmarlo,miedo
hoy me encontre plata en un bolsillo que no sabia,feliz
de verdad me siento muy triste hoy,triste
fijate que tengo miedo de que las cosas cambien de repente pero necesitaba decirlo,miedo
mira me sorprendieron hoy todo el tiempo,feliz
sinceramente las cosas estan saliendo como quiero sinceramente,feliz
fijate que por fin publique lo que venia trabajando y no es facil,feliz
me salio todo bien y no me lo esperaba y no es facil,feliz
la verdad hicieron algo injusto y nadie dijo nada sinceramente,enojo
en serio siento que a nadie le importo y eso me pesa,triste
la verdad estoy muy contento y me encanta,feliz
saque mi licencia de conducir la verdad,feliz
te cuento que me embargaron la cuenta y no entiendo por que y no puedo evitarlo,miedo
es que no estudie suficiente para esto,miedo
en serio me tiene muy cansado esa actitud y nadie lo entiende,enojo
oye me usaron y despues me ignoraron y necesito que alguien me entienda,enojo
es que siento que me quede atras,triste
estoy muy bajoneado con todo,triste
ultimamente hicieron algo injusto y nadie dijo nada todo el tiempo,enojo
sabes que estoy muy agradecido por todo,feliz
hicieron algo injusto y nadie dijo nada y me afecta mucho,enojo
ultimamente tengo panico,miedo
fijate que estoy muy asustado con lo que puede pasar hermano,miedo
ultimamente todo me hace enojar en este momento,enojo
vieja ya no somos lo que eramos y eso me entristece y no es facil,triste
hoy estoy muy molesto con lo que hicieron la verdad,enojo
hoy me aceptaron en la universidad de verdad,feliz
vieja consegui apartamento en arriendo bien precio,feliz
fijate que me escribieron para disculparse y me alegro y eso me tiene mal,feliz
bro me siento muy vacio aunque tenga cosas que hacer pero bueno,triste
parce consegui apartamento en arriendo bien precio,feliz
la verdad es que me angustia no saber como interpretar eso y me pesa cargarlo solo,miedo
es que me dieron la beca de la universidad publica y no es facil,feliz
es que me pidieron algo de ultimo momento de verdad,enojo
me siento muy feliz con mi familia y estoy muy contento,feliz
es que me tocó pagar una multa que no era justa y me cuesta mucho,enojo
me siento furioso todo el tiempo,enojo
no te miento me da ansiedad abrir ese chat pero ya no puedo mas,miedo
ultimamente siento que todos avanzan menos yo,triste
ahora mismo estoy al limite de mi paciencia,enojo
desde ayer me encanta este momento,feliz
hermano me ignoraron cuando tenia toda la razon,enojo
la verdad es que que buenas noticias me llegaron hoy y estoy muy agradecido,feliz
es que me preocupa no poder pagar el arriendo el otro mes pero bueno,miedo
no puedo evitar que tengo miedo de no poder salir adelante y no se que hacer,miedo
mira lo que paso me cambiaron el trabajo sin consultarme y me tiene agotado,enojo
hoy me pone muy nervioso hablar en publico otra vez,miedo
tengo ansiedad de aparecer en camara y me cuesta aceptarlo,miedo
te cuento que el partido de colombia salio bien de verdad,feliz
para serte honesto me siento completo y ya,feliz
sinceramente abusaron de mi confianza y necesito que alguien me entienda,enojo
la verdad es que alguien me entendio sin que yo explicara mucho y me pesa cargarlo solo,feliz
mira lo que paso me da ansiedad cuando hay silencio en la conversacion y trato de disimularlo,miedo
mira me tiene con los nervios destrozados parce,miedo
te juro que me indigna tu forma de actuar y punto,enojo
ahora mismo prometieron y no cumplieron y necesito que alguien me entienda,enojo
vieja me cambiaron el turno sin avisarme,enojo
no se si contarte pero vi que estaba en linea pero no me respondio y me cuesta mucho,triste
ahora mismo me mintieron en mi cara y necesito que alguien me entienda,enojo
ultimamente me dicen que me esfuerce mas cuando ya doy todo y no puedo evitarlo,enojo
realmente esto arruino mi dia y estoy cansado,enojo
hoy me reconocieron el esfuerzo en el trabajo y no se como manejarlo,feliz
en serio me llamaron de la empresa y no dijeron para que y no puedo evitarlo,miedo
es que estoy esperando una respuesta y me tiene nervioso pero no digo nada,miedo
te cuento que ya nada es igual,triste
desde hace dias entregue el proyecto a tiempo y nadie lo entiende,feliz
es que siento que algo no esta bien aunque todo parece normal,miedo
ultimamente lei el mensaje mal y arruine todo y nadie lo entiende,triste
fijate que me llamaron de la empresa y no dijeron para que y me cuesta mucho,miedo
me siento orgulloso desde hace dias,feliz
ultimamente me siento horrible en este momento,triste
me entristece mucho lo que hiciste y no se como seguir,triste
es que siento que perdi una etapa de mi vida y no puedo evitarlo,triste
oye me gane una chamba buenisima,feliz
es que todo el mundo esta en planes y yo solo en casa pero bueno,triste
me dieron una sorpresa muy bonita hoy y nadie lo sabe,feliz
ahora mismo me da ansiedad cuando hay silencio en la conversacion y me pesa cargarlo solo,miedo
oye se rieron de como me exprese y no es facil admitirlo,enojo
es que me llego un paquete que habia pedido,feliz
te juro que ya no aguanto mas esa situacion,enojo
la verdad me llego un paquete que habia pedido y ya,feliz
hoy todo me irrita esta semana,enojo
la verdad me ignoraron cuando tenia razon y es agotador,enojo
realmente me hicieron perder el tiempo ultimamente,enojo
es que la vida esta siendo buena conmigo todo el tiempo,feliz
te juro que me frustra muchisimo esto en serio,enojo
en serio tengo una entrevista y me muero del susto pero no digo nada,miedo
bro me respondieron que si al proyecto y no es facil,feliz
ahora mismo estoy demasiado preocupado y me afecta mucho,miedo
sinceramente me duele mucho haber fallado en eso y no lo puedo superar,triste
no se si contarte pero me paraliza la idea de tener que hablar en grupo y no es facil admitirlo,miedo
ahora mismo nada tiene sentido ultimamente,triste
hoy me siento motivado en este momento,feliz
no te miento hoy me fue de pelos y nadie lo sabe,feliz
lo que pasa es que no voy a tolerar esto mas sinceramente,enojo
fijate que me ofrecieron un mejor cargo y no se que hacer,feliz
sinceramente me sacaron la paciencia y me afecta mucho,enojo
ahora mismo por fin termine el proyecto de verdad,feliz
ultimamente estoy disfrutando mucho en este momento,feliz
en serio estoy muy bajoneado con todo de verdad,triste
hoy me salio la receta que estaba intentando bro,feliz
fijate que me robaron el celular y estoy muy mal y nadie lo sabe,triste
me preocupa mucho el futuro economico y me cuesta aceptarlo,miedo
mira me graduo este sabado y ya,feliz
hoy no se si voy a poder con lo que viene de verdad,miedo
no te miento me siento muy bien conmigo mismo sinceramente,feliz
la verdad es que tengo miedo de que mi respuesta suene agresiva y no se que hacer,miedo
hoy extraño mucho a las personas que ya no estan hermano,triste
para serte honesto no puedo creer lo que hicieron y eso me pesa,enojo
estoy muy feliz con los resultados y es lo mejor que me paso,feliz
para serte honesto termine todo lo que tenia pendiente de verdad,feliz
en serio subi una foto y me arrepenti de haberla subido y ya,triste
ultimamente siento que las cosas mejoran y es agotador,feliz
hoy todo me pone mal y no se que hacer,triste
lo que pasa es que vi que estaba en linea pero no me respondio y no puedo evitarlo,triste
mira consegui apartamento en arriendo bien precio,feliz
algo cambio de repente y no entiendo por que y me afecta,miedo
te juro que hoy no tuve que madrugar y lo disfrute y nadie lo entiende,feliz
te digo que estoy muy asustado con la situacion y eso me preocupa mucho,miedo
definitivamente estoy emocionado y eso me alegra,feliz
en serio me dieron la nota que esperaba y me cuesta mucho,feliz
de verdad que alegria tan grande la que siento,feliz
en serio no voy a permitir que me hagas eso y ya me canse,enojo
te cuento que mi familia esta pasando un momento muy dificil parce,triste
hoy estoy con el animo muy por el piso,triste
tengo mucho miedo,miedo
hoy me cobraron de mas sin avisar y es agotador,enojo
hermano hoy amaneci con toda la actitud y nadie lo sabe,feliz
fijate que me echaron la culpa de algo que hizo otro hermano,enojo
fijate que ya les dije mil veces y no cambia nada y me pesa cargarlo solo,enojo
no te miento me mandaron buenas noticias por whatsapp pero ya no puedo mas,feliz
parce mi equipo gano hoy y estoy feliz y ya,feliz
te cuento que estoy con las personas que amo pero no digo nada,feliz
la verdad todo cambio de golpe la verdad,triste
lo que pasa es que me dieron el viernes libre y me pesa cargarlo solo,feliz
hoy me quede sin trabajo y no se que hacer parce,triste
hoy siento que el tiempo paso y yo no hice nada y nadie lo sabe,triste
me da pena decirlo pero ya les dije mil veces y no cambia nada y no lo digo seguido,enojo
en serio estoy muy agradecido por este momento y estoy muy agradecido,feliz
me siento muy bien con mi proceso de verdad,feliz
realmente me siento vulnerable,miedo
es que me da terror enfrentar esto solo y me afecta mucho,miedo
realmente todo me da miedo y me afecta mucho,miedo
en serio estoy muy enojado otra vez,enojo
en serio me ignoraron cuando trate de explicarme y nadie lo entiende,enojo
ultimamente me sacaron la paciencia desde hace dias,enojo
hoy prometieron y no cumplieron otra vez,enojo
hoy tengo algo importante manana y no puedo dormir la verdad,miedo
en este momento todo esta mejorando en este momento,feliz
hermano estoy muy mamado de todo la verdad,triste
desde hace dias me di cuenta que no me invitaron a la reunion y no puedo evitarlo,triste
sinceramente todo esta empeorando en este momento,triste
oye subi algo y nadie reacciono y me senti invisible y no se que hacer,triste
oye que impotencia siento con todo esto,enojo
es que me tiene muy intranquilo todo esto parce,miedo
no te miento mi equipo gano hoy y estoy feliz parce,feliz
te cuento que me toco el dia libre y no lo puedo ocultar,feliz
mira me siento muy desconectado de todo y de todos y me tiene pensando mucho,triste
oye me eliminaron del grupo sin decir nada y no es facil,enojo
te digo que me dicen que exagero cuando digo como me siento bro,enojo
lo que pasa es que me cansa tu falta de madurez,enojo
lo que es cierto es que que buena experiencia fue esa y estoy muy agradecido,feliz
lo que pasa es que todo me genera ansiedad ultimamente sinceramente,miedo
mira no puedo creer lo que hiciste,enojo
odio esta situacion otra vez,enojo
para serte honesto me respondio el mensaje que esperaba de verdad,feliz
me canse de aguantarte de verdad,enojo
mira lo que paso ya les dije mil veces y no cambia nada y no es facil admitirlo,enojo
para serte honesto me hablaron muy mal y es agotador,enojo
men tengo miedo de decir algo y que lo malinterpreten y no se que hacer,miedo
es que me saca de quicio que no cambien nada y me tiene pensando mucho,enojo
vieja tengo miedo de embarrarla con esa decision,miedo
lo que pasa es que siento que algo muy importante se perdio,triste
mira estoy muy cansado de lucharla solo,triste
te cuento que me dejaron plantado y ni se disculparon de verdad,enojo
para serte honesto tengo miedo de ver lo que me respondieron y nadie lo entiende,miedo
me da miedo decepcionarme a mi mismo y no se que hacer,miedo
realmente estoy muy contento en este momento,feliz
te digo que me da miedo no estar a la altura de lo que se espera y me afecta,miedo
oye no supe leer la situacion y meti la pata y eso me tiene mal,triste
me dieron la visa sinceramente,feliz
oye me da susto pedir el favor porque me da pena,miedo
sinceramente estoy muy triste con lo que me paso y no lo puedo superar,triste
mira lo que paso llevo dias aguantando esto y ya no puedo y me tiene agotado,enojo
mira me angustia no tener todo claro a mi edad y no se que hacer,miedo
termino mi relacion y ya,triste
en serio me paraliza no saber cual es el camino correcto y no puedo evitarlo,miedo
me frustra muchisimo esto de verdad,enojo
lo que pasa es que me siento vacio y sin ganas de nada y me duele mucho,triste
me aprobo el credito el banco hermano,feliz
ultimamente me tiene muy bravo la falta de respeto y ya,enojo
estoy muy molesto con lo que hicieron y ya,enojo
la verdad es que me siento solo y muy triste y quisiera que no fuera así,triste
en serio me pone muy nervioso tener que dar explicaciones,miedo
ahora mismo me eliminó de sus contactos sin decir nada y eso me tiene mal,triste
hoy tengo panico de que me pregunten algo frente a todos y no se como manejarlo,miedo
sinceramente me salio el negocio que queria,feliz
desde hace dias tuve que repetir lo mismo mil veces y no lo puedo ocultar,enojo
desde hace dias logre terminar algo que habia dejado pendiente y no es facil admitirlo,feliz
estoy con el animo muy por el piso y nadie lo sabe,triste
es que me tratan diferente por ser joven,enojo
te cuento que logre lo que queria la verdad,feliz
la verdad es que que dia tan bueno fue este de verdad,feliz
la verdad me pone muy nervioso hablar en publico y es agotador,miedo
para serte honesto perdi una oportunidad importante y ya,triste
no puedo evitar que estoy muy asustado de perder lo que amo y no se que hacer,miedo
que mal te portas siempre y punto,enojo
fijate que me da muy duro enfrentar esa conversacion y no puedo evitarlo,miedo
honestamente me saca de mis casillas esto de verdad,enojo
ultimamente estoy con las personas que amo y me afecta mucho,feliz
hoy no duermo de la preocupacion y no lo puedo ocultar,miedo
en serio perdi tiempo en algo que no valio y eso me pesa,enojo
desde hace dias no tengo con quien hablar y eso me pesa,triste
no se me encontre plata en un bolsillo que no sabia,feliz
hoy borre todas mis fotos porque no me gustaba nada,triste
es que me decepciona mucho tu actitud y eso no esta bien,enojo
es que me siento muy vacio aunque tenga cosas que hacer y no se que hacer,triste
ultimamente me escribio la persona que me gusta y es agotador,feliz
lo que pasa es que no quiero mandar el audio por miedo a como sueno y no se que hacer,miedo
para serte honesto estoy esperando una respuesta y me tiene nervioso y necesito que alguien me entienda,miedo
parce me prometieron el trabajo y al final le dieron a otro,enojo
la verdad me dejo mi novia y estoy muy bajoneado y eso me duele,triste
mira siento que las cosas mejoran y no puedo evitarlo,feliz
de verdad no entiendo tu actitud para nada y me parece muy mal,enojo
en serio me pidieron que fuera a recursos humanos pero bueno,miedo
te digo que siento mucha ansiedad por lo desconocido y no se que hacer,miedo
te cuento que me da terror enfrentar esto solo pero no digo nada,miedo
ultimamente vi que me sacaron de un grupo y no dije nada,triste
sabes que me siento muy bien con lo que hice sin duda,feliz
no se si contarte pero ya les dije mil veces y no cambia nada y nadie lo entiende,enojo
la verdad me cobraron mas de lo que decia el precio,enojo
no te miento perdi mi trabajo hoy y ya,triste
te digo que me contactaron por mi trabajo y quede feliz,feliz
me fui de viaje sinceramente,feliz
hoy me siento solo aunque este rodeado de gente y me cuesta aceptarlo,triste
la verdad nos separamos despues de mucho tiempo,triste
siento que voy por buen camino y es agotador,feliz
la verdad fallecio alguien cercano y no puedo evitarlo,triste
consegui el trabajo pero no digo nada,feliz
estoy muy agradecido por todo de verdad,feliz
sinceramente hoy me vi bien en el espejo y me gusto y ya,feliz
la verdad no se como va a terminar esto pero no digo nada,miedo
hoy hoy todo fluyo bien,feliz
vieja me aterra quedar mal frente a todos y ya,miedo
oye no puedo creer lo que hiciste y no lo voy a tolerar,enojo
para serte honesto me etiquetaron en algo que me alegro el dia y no lo digo seguido,feliz
no tolero mas esta situacion y ya me canse,enojo
en este momento tengo ansiedad ultimamente,miedo
ultimamente me tiene muy molesto que nadie haga nada,enojo
te cuento que me usaron cuando les convenia y despues nada,enojo
desde ayer ya no tengo ganas desde hace dias,triste
ultimamente todo salio perfecto todo el tiempo,feliz
lo que pasa es que hoy todo fluyo bien todo el tiempo,feliz
no te miento me perdi un momento importante sinceramente,triste
oye consegui apartamento en arriendo bien precio la verdad,feliz
mira lo que paso cargue con toda la responsabilidad del grupo y quisiera que alguien me ayudara,enojo
en serio me tocó pagar una multa que no era justa,enojo
mira eso me pone muy furioso parce y no se que hacer,enojo
honestamente no tolero mas esta situacion,enojo
parce me dejaron plantado y ni se disculparon de verdad,enojo
en este momento todo me pone mal,triste
no puedo evitar que siento un miedo terrible ahora mismo,miedo
honestamente no puedo creer tanta irresponsabilidad en serio,enojo
la verdad me di cuenta que nadie me busca si yo no busco pero bueno,triste
hoy estoy muy mamado de todo y ya,triste
en serio no se si voy a poder con esto,miedo
te cuento que siento que las cosas mejoran y me tiene mal,feliz
hoy ya no tengo ganas en este momento,triste
la verdad es que me da terror decepcionar a alguien que confio en mi,miedo
borre todas mis fotos porque no me gustaba nada y ya,triste
en serio me siento muy triste hoy y quisiera que no fuera así,triste
hoy me fui de viaje,feliz
hoy me siento muy bien por todo de verdad,feliz
la verdad tengo ansiedad de aparecer en camara,miedo
fijate que me tiene muy angustiado esa situacion de verdad,miedo
siento una pena muy grande por eso y quisiera que no fuera así,triste
la verdad me llegó una carta del juzgado y no se que es,miedo
la verdad me cambiaron las condiciones a ultimo momento y ya,enojo
me da pena decirlo pero siento que no soy tan inteligente como los demas y trato de disimularlo,triste
para serte honesto se llevaron el credito de lo que yo hice de verdad,enojo
es que estoy muy nervioso y asustado y me tiene muy nervioso,miedo
hoy se rieron de como me exprese pero necesitaba decirlo,enojo
en serio tengo miedo de que me quiten el trabajo y ya,miedo
me dejaron y nadie lo sabe,triste
en serio mi familia estuvo muy unida hoy y no es facil,feliz
la verdad me encanta este momento desde hace dias,feliz
la verdad es que me invitaron a participar en un proyecto y me afecta mucho,feliz
algo me dice que las cosas van a cambiar mal y nadie lo sabe,miedo
bro siento que no soy suficiente y me cuesta aceptarlo,triste
no se me comparo mucho con los demas y me hace mal,triste
parce me dejo mi novia y estoy muy bajoneado la verdad,triste
ultimamente ya les dije mil veces y no cambia nada y me afecta mucho,enojo
en serio tengo miedo de que me cancelen por algo que dije y me tiene pensando mucho,miedo
hoy me tiene completamente harto,enojo
estoy muy nervioso con esa vuelta y no se que hacer,miedo
ahora mismo nadie reconocio lo que aporte y no se que hacer,enojo
no te miento me toco dejar los estudios por plata y nadie lo sabe,triste
la verdad me tienen muy hastiado con lo mismo y no se que hacer,enojo
hoy mi familia estuvo muy unida hoy y ya,feliz
extraño mucho a las personas que ya no estan pero bueno,triste
la verdad me copiaron el contenido y ni siquiera lo cambiaron,enojo
ahora mismo me pone ansioso salir de casa y me tiene mal,miedo
es que me toca salir tarde y me da miedo en la calle y no puedo evitarlo,miedo
hoy me siento furioso en este momento,enojo
ultimamente me ignoraron cuando trate de explicarme pero necesitaba decirlo,enojo
me siento solo aunque este rodeado de gente,triste
te cuento que me ignoraron durante horas pero necesitaba decirlo,enojo
es que me mintieron descaradamente en la cara y nadie lo sabe,enojo
oye me molesta mucho tu actitud sin excusas,enojo
hoy tengo miedo de que me alejen si se dan cuenta como soy y eso me tiene mal,miedo
en serio me tiene muy bajoneado lo que paso y ya,triste
que buena racha estoy teniendo,feliz
no puedo evitar que siento mucho miedo en este momento,miedo
no te miento me cayo muy bien esa persona,feliz
compre mi primer carro y ya,feliz
la verdad tengo ansiedad por lo que viene todo el tiempo,miedo
desde ayer que problema tan absurdo por todo lo que paso,enojo
fijate que hicimos una reunioncita y quedo muy buena,feliz
no se si contarte pero tengo miedo de decir algo fuera de lugar y nadie lo entiende,miedo
sinceramente perdi mi trabajo hoy y ya,triste
la verdad es que estoy muy asustado con lo que dijiste y eso me preocupa mucho,miedo
ultimamente lei el mensaje mal y arruine todo,triste
mira no se que quiero hacer con mi vida pero bueno,miedo
en este momento me encanta este momento todo el tiempo,feliz
te juro que todo el mundo esta en planes y yo solo en casa,triste
es que no logre lo que esperaba la verdad,triste
te cuento que me graduo este mes y me afecta mucho,feliz
fijate que me reportaron sin motivo y me bloquearon la cuenta y ya,enojo
te cuento que me tiene muy apagado esta situacion parce,triste
en serio todo me pesa demasiado y no se que hacer,triste
es que tengo panico de enfrentar esto solo y me tiene muy nervioso,miedo
oye me decepciono mucho lo que hiciste sin excusas,enojo
es que me siento muy desconectado de todo y de todos de verdad,triste
es que tengo miedo de que me juzguen todo el tiempo,miedo
hoy por fin me contestaron y nadie lo entiende,feliz
me da pena decirlo pero me tratan diferente y no entienden por que me molesta y no se que hacer,enojo
estoy muy contento,feliz
tengo panico de que me pregunten algo frente a todos y me pesa cargarlo solo,miedo
oye me senti aceptado como soy y me afecta mucho,feliz
la verdad por fin publique lo que venia trabajando,feliz
me canse de esperar que las cosas cambien solas bro,triste
es que me corrigieron el tono sin escuchar lo que dije pero ya no puedo mas,enojo
mira me siento muy lejos de ser feliz y es agotador,triste
sinceramente no se como aguantarte tanto,enojo
desde hace dias se rieron de como me exprese pero necesitaba decirlo,enojo
de verdad me siento muy mal con lo que paso,triste
me siento muy feliz desde hace dias,feliz
de verdad me molesta mucho que hagas eso y no lo entiendo,enojo
te cuento que me tiene muy cansado esta gente y ya,enojo
estoy muy triste y sin animo de nada,triste
sinceramente termino mi relacion sinceramente,triste
me senti aceptado como soy pero necesitaba decirlo,feliz
que alegria tan grande la mia,feliz
hoy no tengo que trabajar y ya,feliz
no te miento me ignoraron durante horas sinceramente,enojo
oye tengo miedo de ver lo que me respondieron y no puedo evitarlo,miedo
realmente me siento inseguro y no se que hacer,miedo
me quede sin trabajo y no se que hacer y ya,triste
hoy algo me dice que las cosas van a cambiar mal y nadie lo sabe,miedo
fijate que me di cuenta que nadie me busca si yo no busco y ya,triste
la verdad estoy harto de todo y me afecta mucho,enojo
me echaron la culpa de algo que hizo otro y no es facil,enojo
hermano me prometieron el trabajo y al final le dieron a otro y me cuesta mucho,enojo
hoy me dijeron que exageraba y quisiera que alguien me ayudara,enojo
oye me case hoy la verdad,feliz
ultimamente me preocupa el futuro y no se que hacer,miedo
no puedo creer que que manera tan irresponsable de actuar y no lo entiendo,enojo
en serio que descaro tan grande el de esa gente parce,enojo
mira lo que paso me asusta que piensen que soy raro y no lo digo seguido,miedo
es que me asusta mucho lo que podria pasar,miedo
para serte honesto no puedo dejar de preocuparme y no se que hacer,miedo
en serio perdi mi negocio y no se como seguir,triste
mira lo que paso minimizaron lo que sentia pero ya no puedo mas,enojo
mira fuimos a la finca y fue muy bacano parce,feliz
vieja me faltaron el respeto delante de todos,enojo
para serte honesto estoy muy ilusionado con lo que viene y no lo puedo ocultar,feliz
en serio tengo miedo de haber arruinado algo sin saberlo y quisiera que alguien me ayudara,miedo
me echaron la culpa de algo que hizo otro y ya,enojo
ultimamente ya no tengo fuerzas para nada sinceramente,triste
definitivamente me siento inseguro y no se que hacer,miedo
te cuento que logre ahorrar lo que necesitaba y me tiene mal,feliz
te cuento que estoy muy asustado con lo que puede pasar y me cuesta mucho,miedo
para serte honesto siento que algo se rompio dentro de mi y necesito que alguien me entienda,triste
me siento vacio en este momento,triste
hoy estoy muy molesto con lo que hicieron y me cuesta mucho,enojo
estoy harto de todo desde hace dias,enojo
mira ya nada es igual y ya,triste
es que me siento muy perdido con mi vida y ya,triste
estoy muy contento con los avances de verdad,feliz
la verdad tengo ansiedad por todo lo que pasa,miedo
fijate que me tienen hasta la coronilla y ya,enojo
no puedo creer que me saca de quicio tu actitud y punto,enojo
ultimamente me echaron la culpa de lo que salio mal de verdad,enojo
me echaron sin explicacion y me tiene mal,triste
me tratan diferente y no entienden por que me molesta y me afecta mucho,enojo
realmente todo me irrita todo el tiempo,enojo
fijate que siento que perdi una etapa de mi vida,triste
eso estuvo muy mal de tu parte y me parece muy mal,enojo
hoy nada tiene sentido desde hace dias,triste
me da pavor la incertidumbre que siento de verdad,miedo
de verdad estas actuando muy mal en serio,enojo
se olvidaron de mí,triste
la verdad me critican las decisiones sin conocer mi situacion y nadie lo entiende,enojo
no puedo evitar que siento un temor muy grande ahora mismo,miedo
en este momento tengo ansiedad por lo que viene por todo lo que paso,miedo
me dejo en visto y no respondio pero necesitaba decirlo,triste
sinceramente me da mucho miedo la situacion actual y no se que hacer,miedo
fijate que estoy realmente indignado y no se que hacer,enojo
es que hicieron algo injusto y nadie dijo nada todo el tiempo,enojo
me da pena decirlo pero me senti aceptado como soy y eso me tiene mal,feliz
la verdad tengo miedo de que todo cambie y es agotador,miedo
no se si contarte pero logre cerrar el trato que necesitaba y me afecta mucho,feliz
sinceramente me echaron la culpa de lo que salio mal y no lo digo seguido,enojo
te cuento que me ignoraron cuando tenia toda la razon de verdad,enojo
estoy muy nervioso con esa vuelta y no es facil,miedo
definitivamente tengo ansiedad por lo que viene,miedo
ultimamente me quitaron el like y eso me bajo el animo y ya,triste
siento una inquietud constante ahora,miedo
en serio siento que las cosas mejoran y necesito que alguien me entienda,feliz
en serio me da una ira terrible y no lo voy a tolerar,enojo
de verdad estoy emocionado con las noticias y estoy muy contento,feliz
la verdad estoy disfrutando mucho hoy,feliz
la verdad el transporte salio tardisimo y llegue tarde por eso parce,enojo
en serio tuve que repetir lo mismo mil veces y no lo puedo ocultar,enojo
fijate que me interrumpieron todo el tiempo y me tiene mal,enojo
me usaron cuando les convenia y despues nada y nadie lo sabe,enojo
mira me dejaron plantado y ni se disculparon y eso me duele,enojo
ahora mismo no quise hablar con nadie hoy pero no digo nada,triste
la verdad es que no se como decirlo sin que se enojen y me tiene agotado,miedo
todo salio perfecto,feliz
es que me asusta pensar en el futuro todo el tiempo,miedo
fijate que me hablaron como si fuera tonto,enojo
lo que pasa es que estoy muy decaido y sin esperanza,triste
definitivamente me siento horrible hoy ultimamente,triste
me da alegria ver que todo funciona,feliz
ahora mismo siento mucha presion en este momento,miedo
te juro que todos parecen entender menos yo y me afecta mucho,triste
no voy a seguir aguantando esto y me parece muy mal,enojo
mira me salio redondo todo hoy y no se que hacer,feliz
para serte honesto extraño como eran las cosas antes y necesito que alguien me entienda,triste
ultimamente me siento destruido,triste
la verdad ya no quiero hablar todo el tiempo,triste
no se si estan enojados conmigo o es mi imaginacion y me cuesta mucho,miedo
lo que pasa es que hicieron algo injusto y nadie dijo nada de verdad,enojo
la verdad quede muy contento con el resultado,feliz
mira lo que paso me da mucho miedo entrar al salon y que todos me miren pero ya no puedo mas,miedo
te cuento que mi equipo gano hoy y estoy feliz pero bueno,feliz
me tocó madrugar y no dormí nada y encima salio mal y no es facil,triste
te digo que me siento muy feliz con mi familia sin duda,feliz
lo que pasa es que tengo miedo de que me juzguen y no se que hacer,miedo
la verdad tengo miedo de llegar a cierta edad sin haber logrado nada y ya,miedo
sinceramente no puedo mas con esta situacion,enojo
fijate que hoy me senti comodo siendo yo mismo,feliz
desde hace dias me dijeron que era muy sensible por sentirme mal y no se como manejarlo,enojo
definitivamente estoy disfrutando mucho otra vez,feliz
desde hace dias hoy no tuve que fingir que estaba bien sinceramente,feliz
te cuento que me dejaron solo en esto otra vez,triste
lo que pasa es que nadie entendio como me sentia y eso me pesa,triste
en este momento estoy temblando de nervios y no se que hacer,miedo
para serte honesto me toco el dia libre de verdad,feliz
mira me indigna mucho tu comportamiento y ya me canse,enojo
oye ya no quiero esforzarme,triste
te cuento que me dejaron esperando sin explicacion,enojo
ultimamente odio esta situacion en este momento,enojo
en serio me cayo del cielo esa noticia y me cuesta mucho,feliz
no te miento perdi la materia que mas me esforcé pero ya no puedo mas,triste
es que no se si voy a poder con esto pero no digo nada,miedo
no te miento tengo panico de que me pregunten algo en clase pero bueno,miedo
hoy no hubo trancón y llegué temprano,feliz
honestamente me hicieron perder el tiempo y eso empeora todo,enojo
me citaron para hablar y no se de que,miedo
fijate que no tengo plan b si esto falla y no puedo evitarlo,miedo
ultimamente me siento muy feliz desde hace dias,feliz
sinceramente subi una foto y me arrepenti de haberla subido y no es facil,triste
no puedo evitar que estoy muy nervioso de cara a lo que viene,miedo
todo el mundo esta en planes y yo solo en casa pero bueno,triste
recibi buenas noticias en este momento,feliz
lo que es cierto es que que buena noticia para empezar el dia,feliz
te cuento que me tiene con los nervios destrozados y no se que hacer,miedo
sinceramente no me merecia este trato y ya,enojo
hoy me cayo muy bien esa persona y ya,feliz
ahora mismo me da terror mostrarme como soy de verdad y no se que hacer,miedo
fijate que ya les dije mil veces y no cambia nada pero necesitaba decirlo,enojo
hoy perdi el trabajo y me afectó mucho,triste
para serte honesto prometieron y no cumplieron y eso me pesa,enojo
hoy se fue mi gato hoy y no puedo evitarlo,triste
hoy me encontre con un amigo que no veia hace tiempo de verdad,feliz
hoy me tiene muy preocupado lo que esta pasando y no puedo evitarlo,miedo
desde hace dias ya les dije mil veces y no cambia nada sinceramente,enojo
ultimamente estoy emocionado y me encanta,feliz
te juro que no quiero mandar el audio por miedo a como sueno pero ya no puedo mas,miedo
definitivamente ya no quiero hablar otra vez,triste
lo que pasa es que me pusieron en evidencia en un grupo y me pesa cargarlo solo,enojo
sinceramente me tienen muy hastiado con lo mismo y nadie lo sabe,enojo
fijate que me dejo mi novia y estoy muy bajoneado la verdad,triste
desde ayer estoy muy enojado,enojo
compre mi primer carro y me afecta,feliz
tengo ansiedad de aparecer en camara la verdad,miedo
ultimamente me tienen harto con esto esta semana,enojo
es que mi abuela ya no esta pero necesitaba decirlo,triste
la verdad es que no se si actue bien y eso no me deja tranquilo y me tiene agotado,miedo
sabes que que alegria tan grande la mia,feliz
la verdad me tiene muy apagado esta situacion,triste
es que estoy con las personas que amo,feliz
en serio me pusieron a hacer el trabajo de todos y me cuesta mucho,enojo
realmente me siento vulnerable y no se que hacer,miedo
me da pena decirlo pero lei el mensaje diez veces y no se como responder y no se que hacer,miedo
es que me echaron la culpa de algo que hizo otro pero bueno,enojo
es que ya no somos lo que eramos y eso me entristece y nadie lo sabe,triste
hoy hoy fue un mal dia esta semana,triste
estoy muy nervioso y no puedo calmarme de verdad,miedo
desde hace dias siempre me pasa lo mismo con las mismas personas de verdad,enojo
la verdad estoy agotado emocionalmente en este momento,triste
es que tengo ansiedad de pensar en todo lo que falta y nadie lo entiende,miedo
me indigna tu forma de actuar y me parece muy mal,enojo
la verdad es que me siento muy bien con todo,feliz
en serio no se si ese mensaje significaba lo que creo y me tiene agotado,miedo
vieja eso me pone muy furioso parce,enojo
lo que pasa es que me siento muy triste y sin motivacion y quisiera que no fuera así,triste
mira lo que paso me da terror decepcionar a alguien que confio en mi y nadie lo entiende,miedo
en este momento esto es injusto y me afecta mucho,enojo
siento que me estoy quedando sin opciones y no se que hacer,miedo
es que me toca salir tarde y me da miedo en la calle,miedo
te juro que me cambiaron el trabajo sin consultarme sinceramente,enojo
no te miento siento que nadie me toma en serio y me cuesta mucho,enojo
es que me etiquetaron en algo que me alegro el dia y no se como manejarlo,feliz
estoy muy apenado y no puedo superarlo y no se como seguir,triste
para serte honesto siento que las cosas mejoran y eso me pesa,feliz
es que me tiene harto esta situacion y no lo voy a tolerar,enojo
oye fallecio alguien cercano y nadie lo sabe,triste
la verdad tengo panico de que me pregunten algo en clase y no puedo evitarlo,miedo
es que me dieron una sorpresa muy bonita hoy hermano,feliz
sinceramente hoy fue un gran dia desde hace dias,feliz
oye siempre me pasa lo mismo con las mismas personas,enojo
sinceramente me indigna mucho tu comportamiento y no lo entiendo,enojo
la verdad estrene mi apartamento sinceramente,feliz
mira eres un egoista de primera y punto,enojo
para serte honesto nadie hace las cosas bien aqui la verdad,enojo
sinceramente me pidieron algo de ultimo momento y me cuesta mucho,enojo
en serio me paraliza la idea de tener que hablar en grupo y quisiera que alguien me ayudara,miedo
no te miento tengo miedo de que me alejen si se dan cuenta como soy y me pesa cargarlo solo,miedo
es que ya no tengo energia para nada de lo que antes me gustaba,triste
mira me cancelaron la cita sin avisar la verdad,enojo
mira que descaro tan grande el de esa gente,enojo
men no puedo creer que hayan hecho eso y ya,enojo
fijate que mi familia se fue a vivir lejos y me siento solo y ya,triste
la verdad es que me da una ira terrible en serio,enojo
ultimamente me invitaron a participar en algo importante de verdad,feliz
lo que pasa es que me tratan diferente y no entienden por que me molesta y eso me tiene mal,enojo
vieja tengo un mal presentimiento con eso,miedo
es que mi familia esta bien y no lo puedo ocultar,feliz
te juro que tengo miedo de que me alejen si se dan cuenta como soy y eso me tiene mal,miedo
te cuento que me puse a pensar en lo peor y no puedo parar,miedo
lo que pasa es que me siento muy decaido en este momento y me duele mucho,triste
hoy estoy disfrutando mucho y no se que hacer,feliz
tuve que dejar mis estudios pero bueno,triste
te cuento que me graduo este sabado,feliz
oye termine mi tesis y no puedo evitarlo,feliz
ultimamente me quede callado cuando debi haber hablado y me cuesta mucho,triste
ahora mismo nadie noto que algo me pasaba,triste
la verdad siento que me estoy quedando sin opciones,miedo
parce me aprobo el credito el banco y ya,feliz
sinceramente me encanta este momento todo el tiempo,feliz
la verdad es que que impotencia siento con todo esto,enojo
hicieron lo que quisieron sin preguntarme nada la verdad,enojo
en serio me duele el corazon con lo que paso y me duele mucho,triste
hoy por fin publique lo que venia trabajando y nadie lo entiende,feliz
no puedo creer lo que hiciste y me parece muy mal,enojo
ahora mismo me costo mucho levantarme hoy de verdad,triste
no puedo creer que eres muy desconsiderado con los demas de verdad,enojo
fijate que siento que no soy tan inteligente como los demas y me afecta mucho,triste
ahora mismo pase el semestre sin perder nada pero necesitaba decirlo,feliz
realmente me siento muy triste esta semana,triste
te digo que siento tristeza cuando pienso en eso y no se como seguir,triste
para serte honesto nadie noto que algo me pasaba y no se como manejarlo,triste
manana es el dia y no estoy listo y me tiene mal,miedo
es que hice algo que me daba miedo y salio bien y me afecta mucho,feliz
no te miento me trataron como si yo fuera el problema,enojo
hoy me hablaron como si fuera tonto y me afecta,enojo
es que me cuesta aceptar que eso ya termino y no se que hacer,triste
tengo miedo de fallar ultimamente,miedo
sabes que que buena noticia me alegra el dia y no lo puedo creer,feliz
es que el medico me dijo que necesita hablar conmigo,miedo
sabes que estoy muy emocionado con el futuro en serio,feliz
en este momento me siento muy triste otra vez,triste
hoy que alegria tan grande siento,feliz
me toca salir tarde y me da miedo en la calle de verdad,miedo
es que todo el mundo parece tener todo claro menos yo,triste
ultimamente me dijeron que era muy sensible por sentirme mal y me tiene agotado,enojo
ahora mismo me excluyeron de la decision sin explicacion,enojo
me tiene muy preocupado lo que esta pasando de verdad,miedo
me tiene muy triste esta vuelta,triste
la verdad me echaron la culpa de algo que no hice y ya,enojo
mira que mañana es la presentacion y no estoy listo y me afectó mucho,miedo
ultimamente borre todas mis fotos porque no me gustaba nada y nadie lo entiende,triste
men borre todas mis fotos porque no me gustaba nada y ya,triste
sinceramente estoy demasiado cansado desde hace dias,triste
la verdad me pidieron que fuera a una reunion sin decirme de que,miedo
sinceramente siento que estoy muy solo en todo esto y no se como seguir,triste
hoy me fue de maravilla en la entrevista parce,feliz
es que me pone muy nervioso hablar en publico y no se que hacer,miedo
es que me siento orgulloso de donde estoy,feliz
fijate que me siento orgulloso de donde estoy,feliz
ultimamente me da terror enfrentar esto solo otra vez,miedo
ultimamente me siento excelente en este momento,feliz
para serte honesto nadie entendio como me sentia todo el tiempo,triste
oye nadie me eligio para su equipo y trato de disimularlo,triste
sinceramente aprobe todas las materias este semestre,feliz
me dijeron que exageraba y me tiene agotado,enojo
en serio me siento muy bien y muy contento y es lo mejor que me paso,feliz
parce me pone muy nervioso tener que dar explicaciones de verdad,miedo
subi una foto y me arrepenti de haberla subido y me cuesta aceptarlo,triste
para serte honesto el profesor me felicito por el trabajo de verdad,feliz
realmente estoy demasiado molesto otra vez,enojo
en serio hoy descanse muy bien de verdad,feliz
la verdad es que me ignoraron cuando trate de explicarme y me tiene agotado,enojo
es que me ignoraron completamente otra vez,enojo
fijate que me duele el alma sinceramente,triste
en serio me da miedo no estar a la altura de lo que se espera,miedo
lo que pasa es que no entendi bien el tono y eso me tiene angustiado y me tiene agotado,miedo
quede muy contento con el resultado y nadie lo sabe,feliz
no se me da miedo decepcionarme a mi mismo y nadie lo entiende,miedo
es que nadie noto que algo me pasaba sinceramente,triste
lo que es cierto es que me siento muy bien emocionalmente y es lo mejor que me paso,feliz
es que no alcance el cupo en la universidad publica y me tiene mal,triste
te cuento que la incertidumbre me tiene paralizado de verdad,miedo
hoy defendi mi proyecto y quede bien la verdad,feliz
la verdad encontre lo que buscaba y no puedo evitarlo,feliz
me siento vacio y no se que hacer,triste
nacio mi hija de verdad,feliz
ultimamente no puedo dejar de preocuparme y no lo puedo ocultar,miedo
te juro que que caradureza la tuya y ya me canse,enojo
me da miedo que graben algo mio sin permiso y no puedo evitarlo,miedo
no se si contarte pero me cambiaron el trabajo sin consultarme y no lo digo seguido,enojo
de verdad estoy muy deprimido en este momento y no se como seguir,triste
parce me salio el negocio que queria,feliz
es que siento que si me equivoco no hay vuelta atras pero bueno,miedo
en serio estoy muy triste con lo que me paso,triste
ahora mismo me siento orgulloso ultimamente,feliz
hoy me tienen hasta la coronilla y me cuesta mucho,enojo
te cuento que siento que me quede atras y ya,triste
de verdad siento un vacio muy grande en mi,triste
hoy mi mejor amigo se fue para otro pais pero bueno,triste
la verdad es que que alegria tan grande la mia y es lo mejor que me paso,feliz
hoy nadie me dio una respuesta clara pero bueno,enojo
es que eres muy desconsiderado con los demas,enojo
mira me faltaron el respeto y no lo puedo ocultar,enojo
en serio me dejo mi novio y estoy muy mal y no se que hacer,triste
definitivamente me siento motivado en este momento,feliz
te cuento que siento que el miedo no me deja avanzar y ya,miedo
no se tengo panico de fallar cuando todos confian en mi y me tiene pensando mucho,miedo
hoy que buen trabajo hiciste hoy sin duda,feliz
te cuento que me trataron como si yo fuera el problema,enojo
sinceramente estoy muy emocionado con lo que viene,feliz
definitivamente estoy pasando un gran momento desde hace dias,feliz
es que me dieron una sorpresa muy bonita hoy parce,feliz
es que me tocó madrugar y no dormí nada y encima salio mal y me tiene mal,triste
es que me da mucho miedo lo que puede pasar y no se que hacer,miedo
mira termine de pagar mi deuda la verdad,feliz
realmente me siento lleno de energia ultimamente,feliz
te cuento que me dejaron solo en esto y ya,triste
hoy estoy demasiado molesto esta semana,enojo
honestamente esto me molesta mucho desde hace dias,enojo
mira todo cambio de golpe,triste
la verdad es que siento una inquietud muy grande ahora,miedo
en serio me encontre con un amigo que no veia hace tiempo de verdad,feliz
en serio no me dejaron hablar la verdad,enojo
hoy estoy muy satisfecho con todo lo hecho y estoy muy agradecido,feliz
bro no se si lo que estoy haciendo es lo correcto,miedo
hoy me hicieron sentir que molestaba y no se que hacer,enojo
de verdad estoy muy triste y no se que hacer,triste
de verdad me siento muy feliz ahora mismo y es lo mejor que me paso,feliz
fijate que cambiaron todo sin avisarme,enojo
sinceramente estoy agradecido por todo en este momento,feliz
es que lei el mensaje mal y arruine todo y quisiera que alguien me ayudara,triste
oye me aterra quedar mal frente a todos,miedo
hoy mi equipo gano hoy y estoy feliz parce,feliz
realmente me siento feliz desde hace dias,feliz
definitivamente todo me irrita,enojo
te cuento que cambiaron todo sin avisarme y ya,enojo
en serio no quise hablar con nadie hoy la verdad,triste
ultimamente estoy agotado emocionalmente,triste
no te miento estoy apostando todo a esto y ya,miedo
en serio me siento vacio y sin ganas de nada,triste
en este momento estoy muy enojado por todo lo que paso,enojo
realmente me encanta este momento,feliz
estoy furioso contigo en serio,enojo
me siento muy feliz con mi familia,feliz
aprobe todas las materias este semestre de verdad,feliz
para serte honesto no se si ese mensaje significaba lo que creo y no se como manejarlo,miedo
fijate que siento que el miedo no me deja avanzar y no se que hacer,miedo
estoy muy cansado de lucharla solo y ya,triste
hoy me siento muy lejos de todos y me tiene mal,triste
hoy tengo miedo de que me quiten el trabajo y me tiene mal,miedo
en este momento hoy fue un mal dia otra vez,triste
es que consegui apartamento en arriendo bien precio la verdad,feliz
es que me canse de ser el que siempre aguanta bro,triste
me prometieron algo y no lo cumplieron la verdad,enojo
mira no tenemos para el arriendo este mes pero bueno,triste
me regalaron algo que queria hace mucho y no puedo evitarlo,feliz
oye mi grupo de trabajo funciono muy bien y me pesa cargarlo solo,feliz
ultimamente me da ansiedad publicar algo y que lo juzguen,miedo
desde hace dias me prometieron que no volveria a pasar y no lo digo seguido,enojo
es que no me puedo quitar esa preocupacion de encima y no se que hacer,miedo
subi una foto y me arrepenti de haberla subido bro,triste
fijate que me dejaron sinceramente,triste
fijate que me puse a pensar en lo peor y no puedo parar,miedo
te juro que no aguanto mas esta situacion de verdad,enojo
entregue el proyecto a tiempo pero necesitaba decirlo,feliz
sinceramente me estan ocultando algo y eso me pone nervioso de verdad,miedo
te digo que dijeron mentiras sobre mi en redes y me tiene pensando mucho,enojo
en este momento me siento furioso y no se que hacer,enojo
fijate que termine la semana sin ningun problema de verdad,feliz
te cuento que siento que el miedo no me deja avanzar la verdad,miedo
te digo que no se que quiero hacer con mi vida y no puedo evitarlo,miedo
en serio siento que estoy de mas de verdad,triste
desde hace dias alguien me entendio sin que yo explicara mucho sinceramente,feliz
compre mi primer carro de verdad,feliz
hoy siento que me quede atras la verdad,triste
me trataron como si yo fuera el problema y me cuesta mucho,enojo
lo que pasa es que siento una tristeza que no puedo superar,triste
fijate que perdi la materia que mas me esforcé y no se como manejarlo,triste
la verdad me pone muy nervioso tener que dar explicaciones de verdad,miedo
ultimamente hoy fue exactamente lo que necesitaba y me tiene pensando mucho,feliz
es que no se si estoy listo para esto pero no digo nada,miedo
no te miento me citaron a declarar y estoy muy nervioso,miedo
hoy me cayo del cielo esa noticia la verdad,feliz
te juro que siento que no soy suficiente y no se que hacer,triste
no te miento me dieron la beca y ya,feliz
es que me dejaron plantado y ni se disculparon,enojo
siento que estoy decepcionando a todos y nadie lo entiende,triste
vieja me da pena hablar en publico y manana me toca la verdad,miedo
sinceramente saque mi licencia de conducir,feliz
hoy no tuve que madrugar y lo disfrute y no puedo evitarlo,feliz
definitivamente estoy agradecido por todo y no se que hacer,feliz
ahora mismo odio esta situacion y me afecta mucho,enojo
me salio el cupo en el sena la verdad,feliz
oye me toco el dia libre y no puedo evitarlo,feliz
mira ya basta con esa actitud,enojo
fijate que me salio redondo todo hoy y eso me duele,feliz
la verdad es que hoy fue un dia increible,feliz
en serio estoy muy feliz con mis logros y estoy muy contento,feliz
ultimamente nadie noto que algo me pasaba pero necesitaba decirlo,triste
me comparo mucho con los demas y me hace mal y no es facil,triste
la verdad hoy hice algo que me daba mucho miedo y salio bien,feliz
ultimamente me da demasiada rabia y eso empeora todo,enojo
fijate que me tocó repetir el tramite porque perdieron mis papeles de verdad,enojo
me da miedo no estar a la altura de lo que se espera bro,miedo
siento que perdi una etapa de mi vida y me afecta,triste
te cuento que siento que voy por buen camino sinceramente,feliz
oye me cancelaron a ultimo momento la verdad,enojo
oye me interrumpieron cada vez que hable sinceramente,enojo
de verdad me siento muy bien por lo que logre en serio,feliz
lo que pasa es que por fin lo logre pero no digo nada,feliz
es que cumpli la meta que me habia puesto y nadie lo entiende,feliz
me tiene muy cansado esta gente,enojo
para serte honesto tengo miedo de tomar la decision equivocada y no lo puedo ocultar,miedo
sinceramente tengo panico de que algo que dije llegue a las manos equivocadas bro,miedo
hoy me angustia saber que todo queda guardado en internet de verdad,miedo
te juro que me decepciona mucho tu actitud y no lo voy a tolerar,enojo
es que me trataron como si no existiera de verdad,enojo
me da pena decirlo pero hicieron como si yo no existiera en la reunion y trato de disimularlo,enojo
es que me tienen muy hastiado con lo mismo pero bueno,enojo
ahora mismo todo esta mal organizado y no se que hacer,enojo
me pelee con mi mejor amigo y me duele mucho y nadie lo sabe,triste
la verdad me tiene muy cansado esta gente pero bueno,enojo
mira perdi algo muy importante todo el tiempo,triste
fijate que ya no tengo fuerzas para nada y me tiene mal,triste
la verdad ya me canse de esto y me afecta mucho,enojo
ahora mismo pase el dia en cama y ya,triste
estoy muy asustado con lo que puede pasar y me cuesta mucho,miedo
es que me dejaron solo en esto la verdad,triste
mira me mandaron un mensaje raro y no entiendo que quieren y no puedo evitarlo,miedo
es que hicieron lo que quisieron sin preguntarme nada hermano,enojo
la verdad es que me saca de quicio esa actitud de verdad,enojo
oye me salio redondo todo hoy y me tiene mal,feliz
no te miento mi grupo de trabajo funciono muy bien y me afecta mucho,feliz
es que no se si voy a poder con esto y es agotador,miedo
hable con alguien nuevo y no fue tan malo y no puedo evitarlo,feliz
en este momento me siento muy triste esta semana,triste
no puedo evitar que me asusta pensar en las consecuencias y no puedo calmarlo,miedo
es que me tiene harto tu falta de respeto en serio,enojo
no se si contarte pero me escribieron para disculparse y me alegro y no puedo evitarlo,feliz
no se si contarte pero me excluyeron de la decision sin explicacion y no es facil admitirlo,enojo
es que siento que no le importo a nadie de verdad y no es facil admitirlo,triste
definitivamente me duele mucho esto otra vez,triste
hoy estoy al limite de mi paciencia todo el tiempo,enojo
mira siento que el miedo no me deja avanzar,miedo
fijate que hoy no tuve que fingir que estaba bien y trato de disimularlo,feliz
hermano me aprobo el credito el banco la verdad,feliz
para serte honesto perdi una oportunidad importante todo el tiempo,triste
me asusta pensar en el futuro y me afecta mucho,miedo
en este momento me siento vacio en este momento,triste
ahora mismo tengo miedo de tomar la decision equivocada y es agotador,miedo
oye el partido de colombia salio bien pero bueno,feliz
hoy me dieron el viernes libre de verdad,feliz
la verdad hoy todo el transporte me funciono perfecto bro,feliz
te juro que hoy me senti comodo siendo yo mismo,feliz
me da pena decirlo pero me pusieron en evidencia en un grupo y me pesa cargarlo solo,enojo
me asusta mucho la incertidumbre y no puedo calmarlo,miedo
hoy me tiene muy preocupado lo que esta pasando y nadie lo sabe,miedo
ahora mismo me etiquetaron en algo que me alegro el dia y me pesa cargarlo solo,feliz
hoy me graduo este sabado y me afecta,feliz
es que tengo panico de que algo que dije llegue a las manos equivocadas la verdad,miedo
es que tengo miedo de que me juzguen y no se que hacer,miedo
es que logre lo que queria y es agotador,feliz
hoy hoy fue un dia muy gris y no lo puedo ocultar,triste
te juro que me tiene muy cansado esa actitud y me tiene pensando mucho,enojo
desde hace dias tengo miedo de que no me entiendan y quisiera que alguien me ayudara,miedo
lo que es cierto es que estoy muy satisfecho con todo lo hecho en serio,feliz
desde hace dias tengo panico de no saber como actuar en esa situacion de verdad,miedo
sinceramente no se como decirlo sin que se enojen y quisiera que alguien me ayudara,miedo
honestamente ya no aguanto mas ultimamente,enojo
oye no se si voy a poder sostenerme solo de verdad,miedo
ultimamente pude expresarme sin que me juzgaran y me pesa cargarlo solo,feliz
logre ahorrar lo que necesitaba pero necesitaba decirlo,feliz
la verdad me siento invisible sinceramente,triste
ahora mismo no supe como responder y ahora me arrepiento y me pesa cargarlo solo,triste
ahora mismo nadie me escucha,triste
siento que todos avanzan menos yo de verdad,triste
me costo mucho levantarme hoy la verdad,triste
me asusta mucho no saber que hacer y no puedo calmarlo,miedo
estoy muy asustado con lo que dijiste,miedo
mira me duele el alma y no puedo evitarlo,triste
es que entregue el proyecto a tiempo y me tiene agotado,feliz
ultimamente no voy a tolerar esto mas todo el tiempo,enojo
para serte honesto no se si ese mensaje significaba lo que creo y me pesa cargarlo solo,miedo
sinceramente nadie noto que algo me pasaba y no se que hacer,triste
sinceramente todo me hace enojar y no se que hacer,enojo
hoy fue mejor de lo que esperaba sinceramente,feliz
la verdad me graduo este sabado y nadie lo sabe,feliz
te cuento que mi equipo gano hoy y estoy feliz y eso me duele,feliz
me dijeron que cambie como si estuviera mal ser yo,triste
desde hace dias me ignoraron cuando tenia razon y no puedo evitarlo,enojo
definitivamente esto arruino mi dia desde hace dias,enojo
es que me pidieron que fuera a recursos humanos la verdad,miedo
me fui de la reunion antes porque no podia mas y me afecta mucho,triste
hoy hoy fue exactamente lo que necesitaba y me afecta,feliz
en serio me mandaron un mensaje muy agresivo y me tiene agotado,enojo
desde hace dias tengo miedo de haber arruinado algo sin saberlo pero necesitaba decirlo,miedo
oye me prometieron que no volveria a pasar y no es facil admitirlo,enojo
la verdad es que estoy muy apenado por todo lo que perdí y quisiera que no fuera así,triste
te cuento que me mintieron descaradamente en la cara pero bueno,enojo
ultimamente todo me irrita desde hace dias,enojo
mira me echaron la culpa de algo que hizo otro,enojo
que estupidez lo que hiciste y no lo entiendo,enojo
ahora mismo estoy emocionalmente agotado y no puedo evitarlo,triste
sinceramente me llamaron para el trabajo en medellin,feliz
te juro que lei el mensaje mal y arruine todo y eso me tiene mal,triste
en este momento me siento tranquilo y feliz otra vez,feliz
sinceramente me embargaron la cuenta y no entiendo por que,miedo
es que tengo miedo de tomar una decision y que salga mal y ya,miedo
es que no tenemos para el arriendo este mes,triste
me cayo del cielo esa noticia y nadie lo sabe,feliz
fijate que me llamaron de la empresa y no dijeron para que y no se que hacer,miedo
te digo que me reportaron sin motivo y me bloquearon la cuenta y no puedo evitarlo,enojo
realmente me siento tranquilo y feliz desde hace dias,feliz
desde hace dias me interrumpieron todo el tiempo sinceramente,enojo
es que no estudie suficiente para esto de verdad,miedo
sinceramente me tratan diferente y no entienden por que me molesta y quisiera que alguien me ayudara,enojo
es que que injusto es todo esto y ya me canse,enojo
sabes que me siento muy bien por todo y estoy muy agradecido,feliz
es que me dejaron solo en esto y ya,triste
hoy me encontre con un amigo que no veia hace tiempo y ya,feliz
en serio me sacaron de la jugada sin ninguna explicacion y eso me duele,enojo
para serte honesto me rechazaron y duela mucho y necesito que alguien me entienda,triste
es que ya no hablo con mi parcero de toda la vida la verdad,triste
ahora mismo estoy muy enojado y me afecta mucho,enojo
lo que pasa es que me sorprendieron hoy y me tiene mal,feliz
hoy me hicieron sentir que molestaba,enojo
la verdad me toca salir tarde y me da miedo en la calle de verdad,miedo
me dejaron esperando sin explicacion y ya,enojo
la verdad me siento excelente y me encanta,feliz
tengo miedo de que mi respuesta suene agresiva y quisiera que alguien me ayudara,miedo
para serte honesto no entiendo nada y me da verguenza preguntar y eso me tiene mal,triste
siento un miedo enorme que no puedo controlar y no se que hacer,miedo
ahora mismo me eliminó de sus contactos sin decir nada de verdad,triste
mira lo que paso me da mucho miedo entrar al salon y que todos me miren y eso me tiene mal,miedo
realmente estoy disfrutando mucho desde hace dias,feliz
ahora mismo esto me parece una falta de respeto total todo el tiempo,enojo
me pusieron en evidencia en un grupo de verdad,enojo
estoy muy bajo de animo desde entonces y no lo puedo superar,triste
mira tengo miedo de que me quiten el trabajo,miedo
me prometieron algo y no cumplieron,triste
fijate que el partido de colombia salio bien y me tiene mal,feliz
hoy me fue de pelos,feliz
hoy siento que finjo estar bien tan seguido que ya ni se de verdad,triste
ahora mismo tengo miedo de que todo cambie,miedo
la verdad tengo panico de que me pregunten algo en clase,miedo
me contactaron por mi trabajo y quede feliz,feliz
para serte honesto no voy a tolerar esto mas la verdad,enojo
desde ayer me siento furioso esta semana,enojo
la verdad tengo miedo de tomar una decision y que salga mal y nadie lo entiende,miedo
en serio estoy muy agradecido por este momento sin duda,feliz
es que me aterra quedar mal frente a todos pero bueno,miedo
ultimamente todo salio mal y no se que hacer,triste
no te miento no supe leer la situacion y meti la pata y no lo digo seguido,triste
ahora mismo sonrei todo el tiempo pero por dentro lloraba,triste
ahora mismo gane el concurso pero no digo nada,feliz
fijate que me escribieron solo para reclamarme y quisiera que alguien me ayudara,enojo
oye me trataron como si yo fuera el problema parce,enojo
sinceramente todo salio mal en este momento,triste
la verdad perdi mi trabajo hoy y no puedo evitarlo,triste
ultimamente me da ansiedad ver cuanta gente vio mi historia,miedo
desde hace dias todo me genera ansiedad ultimamente,miedo
hermano me ignoraron cuando tenia toda la razon y no puedo evitarlo,enojo
hoy estoy agradecido por todo otra vez,feliz
no te miento estoy muy asustado con lo que puede pasar de verdad,miedo
en serio me fui de la reunion antes porque no podia mas y eso me tiene mal,triste
sinceramente siento demasiado temor y no se que hacer,miedo
hoy hablaron de algo que yo no sabia y me senti excluido y no es facil admitirlo,triste
es que me tratan diferente por ser joven y no es facil,enojo
hoy cumpli mi meta del año,feliz
mira estoy muy molesto con lo que hicieron y ya,enojo
siento que la estoy embarrando en todo y nadie lo sabe,triste
en serio me pone ansioso salir de casa y me tiene mal,miedo
es que siento que se me acaba el tiempo de verdad,miedo
hoy siento que a nadie le importo y necesito que alguien me entienda,triste
oye logre lo que queria,feliz
es que me da miedo no estar a la altura de lo que se espera y nadie lo entiende,miedo
en serio quede encantado con como salio todo,feliz
no puedo creer que me saca de quicio tu actitud y ya me canse,enojo
es que me dieron el viernes libre y me pesa cargarlo solo,feliz
vieja me pone muy ansioso pensar en eso y me tiene mal,miedo
fijate que me encontre con un amigo que no veia hace tiempo parce,feliz
no te miento me tocó pagar una multa que no era justa y no se que hacer,enojo
de verdad siento una tristeza muy grande ahora y no se como seguir,triste
es que tengo panico de no salir de esto y eso me preocupa mucho,miedo
oye siento que todos avanzan menos yo,triste
definitivamente todo salio perfecto en este momento,feliz
que maravilloso es sentirse asi de verdad,feliz
la verdad me preocupa demasiado esto y no se que hacer,miedo
la verdad es que tengo panico de no salir de esto y eso me preocupa mucho,miedo
ahora mismo tengo ansiedad y eso me preocupa,miedo
no supe como responder y ahora me arrepiento y no se como manejarlo,triste
no se si contarte pero quise decir algo pero no encontre las palabras sinceramente,triste
la verdad es que llevo dias aguantando esto y ya no puedo de verdad,enojo
que dia tan exitoso fue hoy de verdad,feliz
hoy fue un gran dia,feliz
es que me fue muy mal en el examen,triste
lo que pasa es que mi pareja me sorprendio pero no digo nada,feliz
te cuento que extraño mucho a las personas que ya no estan y nadie lo sabe,triste
no puedo creer que que mal te portas siempre,enojo
estoy muy contento con mi progreso,feliz
ultimamente tengo miedo de tomar la decision equivocada todo el tiempo,miedo
fijate que me tiene muy bajoneado lo que paso de verdad,triste
sinceramente estoy realmente indignado otra vez,enojo
sinceramente me da susto pedir el favor porque me da pena y ya,miedo
desde ayer me siento horrible hoy ultimamente,triste
mira lo que paso no entendi el tono del mensaje y me confundi y no es facil admitirlo,triste
para serte honesto tengo miedo de decir algo fuera de lugar de verdad,miedo
hoy estoy harto de todo desde hace dias,enojo
en serio me da miedo pedir ayuda y eso me pesa,miedo
la verdad es que me pusieron el visto y luego respondieron bien y quisiera que alguien me ayudara,feliz
sali del pais por primera vez de verdad,feliz
mira hicimos una reunioncita y quedo muy buena y no es facil,feliz
ultimamente me siento completo,feliz
te cuento que por fin me compre lo que queria,feliz
sinceramente me asusta mucho la situacion actual y no puedo calmarlo,miedo
mira hoy me senti muy a gusto con todo de verdad,feliz
la verdad estoy muy cansado de lucharla solo parce,triste
la verdad que descaro tan grande el de esa gente y me cuesta mucho,enojo
ultimamente me senti aceptado como soy y quisiera que alguien me ayudara,feliz
mira no quise hablar con nadie hoy y me afecta mucho,triste
no te miento siento que algo se rompio dentro de mi de verdad,triste
te juro que no me toman en serio por mi edad la verdad,enojo
la verdad se fue mi perro hoy,triste
en este momento nada tiene sentido y me afecta mucho,triste
sinceramente logre ahorrar lo que necesitaba y ya,feliz
ultimamente cambio su estado y supe que era por mi pero ya no puedo mas,triste
no te miento pude expresarme sin que me juzgaran pero necesitaba decirlo,feliz
lo que pasa es que me canse de pedir lo mismo sin resultado,enojo
lo que pasa es que me mintieron en mi cara y me tiene mal,enojo
hoy tengo panico otra vez,miedo
en serio subi algo y nadie reacciono y me senti invisible la verdad,triste
oye me siento realizado todo el tiempo,feliz
realmente me preocupa demasiado esto ultimamente,miedo
es que me siento invisible y eso me pesa,triste
desde hace dias nada de lo que hago vale la pena,triste
te digo que todo el mundo esta en planes y yo solo en casa y me cuesta aceptarlo,triste
hoy me siento horrible y no se que hacer,triste
en este momento me siento excelente en este momento,feliz
me da miedo no estar preparado y me tiene muy nervioso,miedo
hoy me hicieron perder un dia entero y no puedo evitarlo,enojo
lo que pasa es que me duele mucho haber llegado a esto y quisiera que no fuera así,triste
men estoy muy frustrado con todo esto y me afecta,enojo
siento que no tengo control de nada pero no digo nada,miedo
vieja extraño mucho a las personas que ya no estan y me cuesta mucho,triste
parce me tiene muy irritado todo esto la verdad,enojo
me asusta mucho la incertidumbre,miedo
hoy la incertidumbre me tiene paralizado de verdad,miedo
es que que irresponsable eres con todo y no lo entiendo,enojo
hoy todo me da miedo en este momento,miedo
siento una pena muy grande ahora de verdad,triste
sinceramente me cancelaron a ultimo momento la verdad,enojo
estrene mi apartamento la verdad,feliz
no puedo evitar que me asusta mucho la incertidumbre,miedo
hermano fuimos a la finca y fue muy bacano y me cuesta mucho,feliz
desde hace dias lei el mensaje mal y arruine todo y eso me tiene mal,triste
me tiene muy intranquilo todo esto y no es facil,miedo
en serio me prometieron que no volveria a pasar pero ya no puedo mas,enojo
te digo que me entristece mucho la distancia entre nosotros,triste
en este momento estoy muy contento en este momento,feliz
que dia tan especial fue hoy para mi y estoy muy contento,feliz
desde ayer estoy agotado emocionalmente todo el tiempo,triste
desde ayer siento mucha presion y me afecta mucho,miedo
que impotencia siento con todo esto y no lo entiendo,enojo
desde hace dias tengo los mejores amigos y me afecta mucho,feliz
estoy muy decaido y sin fuerzas y me duele mucho,triste
ultimamente alguien noto que estaba bien y me lo dijo y trato de disimularlo,feliz
sinceramente me siento muy lejos de ser feliz y me tiene mal,triste
es que perdi mi negocio y no se como seguir y ya,triste
ahora mismo todo me irrita ultimamente,enojo
oye encontre algo que habia perdido hace tiempo,feliz
mira estoy muy ilusionado con lo que viene la verdad,feliz
sinceramente siento panico cada vez que pienso en eso,miedo
mira hicieron lo que quisieron sin preguntarme nada y no puedo evitarlo,enojo
sinceramente me siento muy solo en este momento,triste
mira lo que paso me preocupa haber dicho algo sin darme cuenta,miedo
en serio no logre lo que esperaba pero no digo nada,triste
hoy siento que me quede atras y ya,triste
sinceramente me paraliza la idea de tener que hablar en grupo y me afecta mucho,miedo
todo me fastidia todo el tiempo,enojo
me asusta que piensen que soy raro pero necesitaba decirlo,miedo
la verdad me siento muy feliz otra vez,feliz
te cuento que me hicieron perder un dia entero y me afecta,enojo
ultimamente hoy fue un mal dia otra vez,triste
ultimamente me canse de pedir lo mismo sin resultado pero necesitaba decirlo,enojo
hoy ya no se que hacer en este momento,triste
es que me piden experiencia para un trabajo de principiante,enojo
no puedo evitar que tengo panico de perder lo que tengo y me tiene muy nervioso,miedo
mira siento que el tiempo paso y yo no hice nada,triste
sinceramente todo esta mejorando y eso me alegra,feliz
desde hace dias me paralizo cuando tengo que decidir y no se que hacer,miedo
no puedo creer que hayan hecho eso la verdad,enojo
sinceramente que fastidio me da esta situacion y eso no esta bien,enojo
estoy muy nervioso con todo lo que pasa,miedo
quiero estar solo,triste
sinceramente me dijeron que si y despues que no la verdad,enojo
me mandaron un mensaje raro y no entiendo que quieren la verdad,miedo
hoy me siento motivado esta semana,feliz
men termine el curso que venia haciendo,feliz
mira me parece terrible lo que hiciste y ya me canse,enojo
lo que pasa es que pase el dia en cama sinceramente,triste
la verdad me trataron diferente a los demas,enojo
ultimamente tengo miedo de caerle mal sin querer y no es facil admitirlo,miedo
ultimamente me canse de pedir lo mismo sin resultado y no se como manejarlo,enojo
ahora mismo estoy demasiado molesto esta semana,enojo
ahora mismo me corrigieron el tono sin escuchar lo que dije y no lo digo seguido,enojo
oye eso estuvo muy mal de tu parte,enojo
la verdad es que eso estuvo muy mal hecho y no lo entiendo,enojo
siento que me quede atras y me tiene mal,triste
te digo que estoy muy asustado y no se que hacer y eso me preocupa mucho,miedo
no se si contarte pero hoy me senti comodo siendo yo mismo y me pesa cargarlo solo,feliz
la verdad la vida esta siendo buena conmigo pero no digo nada,feliz
mira manana es el dia y no estoy listo,miedo
lo que pasa es que hoy no tuve que fingir que estaba bien,feliz
no te miento me salio el traslado que pedi pero bueno,feliz
es que me tocó pagar una multa que no era justa y me tiene mal,enojo
es que me tiene angustiado no saber que va a pasar de verdad,miedo
vieja me toco irme del barrio que queria pero bueno,triste
mira lo que paso hice algo que me daba miedo y salio bien y no es facil admitirlo,feliz
hoy me siento muy contento con la vida en serio,feliz
no te miento me da ansiedad conocer gente nueva y eso me pesa,miedo
te cuento que me aterra quedar mal frente a todos y ya,miedo
la verdad nadie entendio como me sentia y eso me pesa,triste
oye ya no aguanto mas esa situacion y no puedo evitarlo,enojo
el silencio de esa persona me preocupa mucho pero bueno,miedo
no puedo evitar que estoy muy nervioso por lo que puede pasar de verdad,miedo
que bonito momento vivimos hoy sin duda,feliz
mira consegui el trabajo sinceramente,feliz
es que mi grupo de trabajo funciono muy bien,feliz
la verdad cumpli la meta que me habia puesto,feliz
mira me siento muy achantado hoy y no puedo evitarlo,triste
fijate que me salio el primer cliente y no puedo evitarlo,feliz
ahora mismo me angustia no saber como interpretar eso y no se que hacer,miedo
me siento vacio y sin ganas de nada y me duele mucho,triste
te cuento que no me puedo sacar esta sensacion de encima y me afecta,miedo
estoy muy emocionado con lo que viene y no lo puedo creer,feliz
hoy me siento muy triste en este momento,triste
estoy muy satisfecho con todo lo hecho de verdad,feliz
ahora mismo me di cuenta que no me invitaron a la reunion y me afecta mucho,triste
lo que pasa es que me hicieron esperar demasiado y no se que hacer,enojo
oye no me puedo quitar esa preocupacion de encima y me cuesta mucho,miedo
me graduo el sabado en el paraninfo hermano,feliz
en serio me siento muy feliz ahora mismo,feliz
no te miento estoy con las personas que amo,feliz
en serio estoy con una nota hoy parce,feliz
me citaron para hablar y no se de que y ya,miedo
te cuento que tengo un mal presentimiento desde ayer y nadie lo sabe,miedo
estoy temblando de nervios esta semana,miedo
todo me irrita en este momento,enojo
hermano hoy me senti muy a gusto con todo pero bueno,feliz
ahora mismo me preocupa no poder lograrlo pero no digo nada,miedo
no te miento siento que el tiempo paso y yo no hice nada,triste
parce me descuentan del sueldo cosas que no firmé,enojo
la verdad siento que a nadie le importo y ya,triste
desde ayer recibi buenas noticias desde hace dias,feliz
cambiaron las reglas sin avisarme y me cuesta mucho,enojo
fijate que me siento re bien parce de verdad,feliz
parce tengo miedo de que me quiten el trabajo y ya,miedo
me tiene muy triste esta vuelta y eso me duele,triste
fijate que me mintieron en mi cara y me afecta mucho,enojo
no se si contarte pero me respondio el mensaje que esperaba y no es facil admitirlo,feliz
te cuento que me dieron el trabajo que queria y ya,feliz
sinceramente tengo panico y eso me preocupa,miedo
no te miento me mandaron un mensaje muy agresivo y me tiene agotado,enojo
me escribio la persona que me gusta y no se que hacer,feliz
no te miento no entendi el tono del mensaje y me confundi,triste
estoy muy contento con lo que paso y estoy muy agradecido,feliz
hoy estoy muy preocupado ultimamente,miedo
siento demasiado temor y no se que hacer,miedo
realmente todo me afecta demasiado esta semana,triste
parce me da susto pedir el favor porque me da pena hermano,miedo
en serio me molesta tu falta de consideracion y eso no esta bien,enojo
te digo que me siento muy triste y desolado,triste
hoy me pone muy nervioso tener que dar explicaciones parce,miedo
me dejo en visto y no respondio y quisiera que alguien me ayudara,triste
mira me da miedo decepcionarme a mi mismo pero bueno,miedo
mira lo que paso tengo panico de que me pregunten algo frente a todos y no es facil admitirlo,miedo
lei el mensaje mal y arruine todo y no se que hacer,triste
no me reconozco ultimamente y no se que hacer,triste
sinceramente me da terror que noten que estoy nervioso pero ya no puedo mas,miedo
hoy me siento inseguro por todo lo que pasa,miedo
es que nada de lo que hago vale la pena y me afecta mucho,triste
lo que pasa es que perdi la materia que mas me esforcé,triste
ahora mismo me mandaron audio de voz gritando pero necesitaba decirlo,enojo
no te miento me estan ocultando algo y eso me pone nervioso y ya,miedo
ahora mismo me da terror decepcionar a alguien que confio en mi y no lo digo seguido,miedo
no te miento consegui apartamento en arriendo bien precio la verdad,feliz
en serio me invitaron a participar en algo importante,feliz
se burlaron de mi y me afecta mucho,enojo
oye me da muy duro enfrentar esa conversacion hermano,miedo
oye tengo miedo de que me alejen si se dan cuenta como soy y no es facil admitirlo,miedo
me invitaron a algo importante de verdad,feliz
termino mi relacion y me afecta,triste
en serio todo me pesa demasiado pero no digo nada,triste
hoy se rieron de como me exprese y no es facil admitirlo,enojo
me asusta no saber si voy a conseguir trabajo y me afecta,miedo
eres la persona mas egoista que conozco en serio,enojo
te digo que siento un temor constante que no desaparece y no se que hacer,miedo
hoy la incertidumbre me tiene paralizado sinceramente,miedo
me siento muy feliz ahora mismo y es lo mejor que me paso,feliz
fijate que no entiendo como la gente puede ser asi,enojo
hoy me mintieron descaradamente en la cara de verdad,enojo
es que me pusieron obstaculos que no tenian sentido pero necesitaba decirlo,enojo
ultimamente me da miedo decepcionarme a mi mismo y me tiene pensando mucho,miedo
la verdad es que me entristece mucho lo que paso y quisiera que no fuera así,triste
no te miento me mandaron audio de voz gritando pero ya no puedo mas,enojo
me siento muy desanimado hoy y me duele mucho,triste
para serte honesto me pusieron en evidencia en un grupo sinceramente,enojo
fijate que tengo miedo de que me quiten el trabajo,miedo
es que me mandaron un audio muy lindo y nadie lo entiende,feliz
siento una pena muy honda en mi de verdad,triste
mira se aprovecharon de la buena fe mia pero bueno,enojo
la verdad es que hoy me senti comodo siendo yo mismo y no se que hacer,feliz
es que estoy con el animo muy por el piso,triste
hoy mi abuelo ya no esta y no se que hacer,triste
sinceramente siento una soledad enorme que me pesa,triste
sinceramente todo esta empeorando ultimamente,triste
en este momento todo me afecta demasiado esta semana,triste
me entristece mucho la distancia entre nosotros y quisiera que no fuera así,triste
sinceramente me duele mucho lo que me dijeron y no lo puedo superar,triste
te cuento que siento que voy a fallar manana la verdad,miedo
en este momento me siento inseguro por todo lo que pasa,miedo
estoy muy apagado y sin energia,triste
mira me echaron la culpa de algo que hizo otro y me tiene mal,enojo
es que estoy muy nervioso con todo lo que pasa,miedo
oye tuve que fingir que estaba bien toda la noche y no lo digo seguido,triste
fijate que me da mucha pena decirle eso a la gente de verdad,miedo
te cuento que me tienen hasta la coronilla parce,enojo
hoy borre todas mis fotos porque no me gustaba nada de verdad,triste
fijate que me da pavor equivocarme y necesito que alguien me entienda,miedo
ultimamente no logre lo que esperaba la verdad,triste
tengo un mal presentimiento con eso parce,miedo
es que nada de lo que hago vale la pena y me tiene mal,triste
ahora mismo pase el semestre sin perder nada,feliz
sinceramente siento una preocupacion muy grande,miedo
me fui de la reunion antes porque no podia mas y quisiera que alguien me ayudara,triste
hoy me duele mucho esto ultimamente,triste
no te miento me cuesta aceptar que eso ya termino y me tiene mal,triste
la verdad es que me indigna tu forma de actuar sin excusas,enojo
honestamente esto arruino mi dia en este momento,enojo
te cuento que el silencio de esa persona me preocupa mucho pero bueno,miedo
ahora mismo me excluyeron de la decision sin explicacion y no se que hacer,enojo
me toco irme del barrio que queria parce,triste
hoy encontre lo que buscaba y ya,feliz
de verdad siento que nada tiene sentido ahora,triste
sinceramente me ignoraron cuando tenia toda la razon,enojo
la verdad es que que buena noticia para terminar el dia,feliz
hoy todo me fastidia en este momento,enojo
te juro que me siento muy pleno con lo que estoy haciendo la verdad,feliz
sinceramente me trataron muy mal sin razon sinceramente,enojo
es que me tienes agotado con tus cosas en serio,enojo
fijate que nada me salio bien hoy y me afecta mucho,enojo
te digo que me tiene muy bravo la falta de respeto y no se que hacer,enojo
oye todo tiene sentido ahora y no lo puedo ocultar,feliz
de verdad no se como aguantarte tanto,enojo
definitivamente estoy muy preocupado y no se que hacer,miedo
la verdad siento que la estoy embarrando en todo pero bueno,triste
me quede sin trabajo y no se que hacer y me cuesta mucho,triste
te cuento que me da susto pedir el favor porque me da pena y no es facil,miedo
no te miento estoy demasiado angustiado para pensar y no puedo evitarlo,miedo
la verdad es que me pidieron algo de ultimo momento y eso me tiene mal,enojo
me graduo este mes la verdad,feliz
ahora mismo recibi buenas noticias por todo lo que paso,feliz
llegue a los seguidores que queria y me tiene pensando mucho,feliz
es que me cobraron mas de lo que decia el precio y me tiene mal,enojo
en serio me pagan mal y me exigen demasiado y me afecta,enojo
la verdad es que que buen trabajo hiciste hoy y estoy muy contento,feliz
ultimamente siento que finjo estar bien tan seguido que ya ni se y ya,triste
ultimamente siento mucha presion por todo lo que paso,miedo
te cuento que quede encantado con como salio todo hermano,feliz
es que me da mucha pena decirle eso a la gente,miedo
no puedo evitar que estoy muy asustado por lo que viene,miedo
mira tengo miedo de que me cancelen por algo que dije,miedo
sinceramente ya no esta la persona que queria y ya,triste
la verdad todo salio excelente en este momento,feliz
es que me fui de la reunion antes porque no podia mas y no puedo evitarlo,triste
es que me da ansiedad cuando hay silencio en la conversacion sinceramente,miedo
es que me preocupa mucho el futuro economico,miedo
ahora mismo siento que cargue solo con todo y me tiene mal,triste
te cuento que termino mi carrera y es agotador,feliz
ultimamente me dijeron que era muy sensible por sentirme mal y quisiera que alguien me ayudara,enojo
te juro que lei el mensaje mal y arruine todo y no se que hacer,triste
hoy nada me salio bien hoy y necesito que alguien me entienda,enojo
en serio tengo miedo de que no me entiendan y no puedo evitarlo,miedo
te digo que me pone feliz ver tu progreso sin duda,feliz
sinceramente no se si actue bien y eso no me deja tranquilo pero necesitaba decirlo,miedo
definitivamente recibi buenas noticias por todo lo que paso,feliz
definitivamente me hicieron perder el tiempo,enojo
la verdad me siento muy bien con mi proceso de verdad,feliz
ahora mismo esto me parece una falta de respeto total la verdad,enojo
sabes que estoy muy emocionado con el futuro sin duda,feliz
me toco irme del barrio que queria y eso me duele,triste
te digo que tengo miedo de tomar una decision y que salga mal,miedo
no te miento llegue y me dijeron que no habia cupo y me afecta,enojo
oye esto me parece una falta de respeto total la verdad,enojo
tengo miedo de que lo peor esta por venir y no se que hacer,miedo
siento que perdi algo muy importante y no lo puedo superar,triste
ultimamente todo esta mal organizado y eso me pesa,enojo
me invitaron a participar en algo importante y no puedo evitarlo,feliz
realmente ya me canse de esto todo el tiempo,enojo
mira me tiene muy triste esta vuelta la verdad,triste
me da pena decirlo pero no entendi bien el tono y eso me tiene angustiado y trato de disimularlo,miedo
ultimamente hoy no tuve que madrugar y lo disfrute,feliz
sinceramente me tiene muy irritado todo lo que esta pasando,enojo
realmente me siento derrotado por todo lo que paso,triste
la verdad es que ya me canse de repetirte lo mismo y eso no esta bien,enojo
ultimamente que problema tan absurdo,enojo
ultimamente me da ansiedad ver cuanta gente vio mi historia la verdad,miedo
para serte honesto siento que no le importo a nadie de verdad y me cuesta mucho,triste
se fue mi gato hoy y ya,triste
la verdad quiero estar solo en este momento,triste
para serte honesto no hubo trafico hoy y no puedo evitarlo,feliz
en serio me trataron como si yo fuera el problema,enojo
no te miento me descuentan del sueldo cosas que no firmé,enojo
lo que pasa es que se llevaron el credito de lo que yo hice y no se que hacer,enojo
hermano me tienen muy hastiado con lo mismo,enojo
fijate que siento que se me acaba el tiempo y ya,miedo
me pone ansioso salir de casa,miedo
sinceramente me llego un paquete que habia pedido,feliz
fijate que me dijeron que si y despues que no y ya,enojo
estoy muy apagado y sin motivacion de verdad,triste
me quitaron el like y eso me bajo el animo y me tiene pensando mucho,triste
en serio perdi la materia que mas me esforcé y no se que hacer,triste
en serio no hubo trafico hoy y me afecta mucho,feliz
desde hace dias me escribieron para disculparse y me alegro y no se como manejarlo,feliz
ahora mismo ya no quiero esforzarme la verdad,triste
de verdad eso estuvo muy mal de tu parte en serio,enojo
es que siento una inquietud constante ahora y eso me preocupa mucho,miedo
la verdad me asusta no saber si voy a conseguir trabajo y nadie lo entiende,miedo
hoy me pidieron algo de ultimo momento y no se como manejarlo,enojo
sali del pais por primera vez pero necesitaba decirlo,feliz
no te miento me tienen hasta la coronilla,enojo
me mandaron un mensaje muy agresivo y eso me tiene mal,enojo
ultimamente me cobraron de mas sin avisar de verdad,enojo
que buena noticia para empezar el dia y no lo puedo creer,feliz
te cuento que me ignoraron cuando tenia toda la razon,enojo
mira me asusta mucho lo que esta pasando en el barrio y ya,miedo
me saca de mis casillas esto y no lo voy a tolerar,enojo
realmente no quiero salir solo otra vez,miedo
para serte honesto me da ansiedad conocer gente nueva pero no digo nada,miedo
fijate que me tiene muy bajoneado lo que paso pero bueno,triste
te cuento que me tiene muy preocupado lo que esta pasando y ya,miedo
te cuento que estoy con el animo muy por el piso y nadie lo sabe,triste
te digo que me dicen que exagero cuando digo como me siento y me afecta,enojo
hoy estoy muy enojado todo el tiempo,enojo
hoy mi equipo gano hoy y estoy feliz de verdad,feliz
me duele mucho haber perdido eso y no se como seguir,triste
sinceramente ya no tengo ganas en este momento,triste
en serio esto me parece una falta de respeto total pero no digo nada,enojo
realmente estoy agotado emocionalmente por todo lo que paso,triste
me llamaron de un numero desconocido y ya,miedo
me llegó una carta del juzgado y no se que es pero bueno,miedo
para serte honesto siento que nadie me toma en serio y quisiera que alguien me ayudara,enojo
la verdad es que cambio su estado y supe que era por mi,triste
vieja me siento muy solo en esta ciudad y ya,triste
en serio me cayo del cielo esa noticia y no es facil,feliz
la verdad mi familia estuvo muy unida hoy parce,feliz
tengo miedo de no poder salir adelante,miedo
en serio siempre me pasa lo mismo con las mismas personas de verdad,enojo
la verdad estoy que no me la creo parce,feliz
te cuento que me tienen hasta la coronilla y ya,enojo
estoy muy asustado de perder lo que amo y eso me preocupa mucho,miedo
en este momento tengo panico desde hace dias,miedo
que alegria tan grande siento y no lo puedo creer,feliz
sinceramente me sorprendieron hoy y ya,feliz
te cuento que me prometieron algo y no lo cumplieron pero bueno,enojo
me da pena decirlo pero pude decir lo que sentia sin miedo pero necesitaba decirlo,feliz
en serio tengo un mal presentimiento con eso,miedo
fijate que me gane una chamba buenisima y no puedo evitarlo,feliz
fijate que el resultado me tiene muy angustiado otra vez,miedo
fijate que mi familia esta bien la verdad,feliz
sinceramente me trataron como si no existiera y me afecta mucho,enojo
no te miento aprobe el examen y me afecta mucho,feliz
realmente nada tiene sentido otra vez,triste
oye me tienen hasta la coronilla pero bueno,enojo
en serio consegui apartamento en arriendo bien precio la verdad,feliz
en serio me aterra quedar mal frente a todos,miedo
eso no estuvo bien para nada y no lo voy a tolerar,enojo
la verdad capturaron una conversacion privada y la compartieron y no puedo evitarlo,enojo
oye me interrumpieron todo el tiempo otra vez,enojo
te cuento que estoy con una nota hoy la verdad,feliz
me cancelaron,triste
no te miento me pone ansioso salir de casa y me afecta mucho,miedo
mira hicieron algo injusto y nadie dijo nada y eso me pesa,enojo
mira me pidieron que fuera a una reunion sin decirme de que pero bueno,miedo
sinceramente me dijeron que era muy sensible por sentirme mal pero ya no puedo mas,enojo
es que me indigna mucho tu comportamiento de verdad,enojo
lo que pasa es que me cambiaron el trabajo sin consultarme de verdad,enojo
ultimamente me da ansiedad abrir ese chat y quisiera que alguien me ayudara,miedo
me tiene harto que siempre pase lo mismo y nadie lo entiende,enojo
te juro que no quiero mandar el audio por miedo a como sueno y no es facil admitirlo,miedo
en serio me comparo mucho con los demas y me hace mal y no puedo evitarlo,triste
ultimamente siento que estoy de mas y me afecta mucho,triste
definitivamente ya me canse de esto desde hace dias,enojo
estoy muy triste con lo que paso,triste
mira ya no hablo con mi parcero de toda la vida la verdad,triste
hoy estoy muy ilusionado con lo que viene todo el tiempo,feliz
oye se llevaron el credito de lo que yo hice todo el tiempo,enojo
oye vi que me sacaron de un grupo y no dije nada,triste
oye nacio mi hija y ya,feliz
hoy estoy emocionado con las noticias y estoy muy agradecido,feliz
hoy pase el semestre sin perder nada y eso me tiene mal,feliz
es que me hicieron repetir el tramite tres veces y ya,enojo
no te miento me siento muy lejos de ser feliz y no lo puedo ocultar,triste
me tienen harto con todo esto,enojo
hoy estoy harto de esto desde hace dias,enojo
realmente siento demasiado temor desde hace dias,miedo
la verdad es que que manera tan irresponsable de actuar,enojo
sinceramente no puedo dejar de preocuparme y eso me pesa,miedo
estoy muy nervioso y asustado por todo y no se que hacer,miedo
hizo un comentario frente a todos que no era necesario,enojo
no te miento estoy que no me la creo pero bueno,feliz
me sacaron de la jugada sin ninguna explicacion,enojo
fijate que me dijeron que me quieren todo el tiempo,feliz
la verdad hoy fue mejor de lo que esperaba de verdad,feliz
es que me siento muy lejos de ser feliz y no lo puedo ocultar,triste
hoy me reportaron sin motivo y me bloquearon la cuenta de verdad,enojo
ahora mismo me asusta que piensen que soy raro y trato de disimularlo,miedo
la verdad es que tengo miedo de que lo peor esta por venir y no puedo calmarlo,miedo
ultimamente me angustia no tener todo claro a mi edad y ya,miedo
la verdad es que que fastidio eres en serio,enojo
me tienen muy hastiado con lo mismo pero bueno,enojo
todo el mundo esta en planes y yo solo en casa y no se que hacer,triste
no respetas nada ni a nadie y me parece muy mal,enojo
lo que pasa es que logre terminar algo que habia dejado pendiente y nadie lo entiende,feliz
hoy me siento decepcionado y me afecta mucho,triste
en serio siento que no tengo proposito y no puedo evitarlo,triste
te cuento que me cambiaron las condiciones a ultimo momento la verdad,enojo
no se si contarte pero siento que no le importo a nadie de verdad y no se como manejarlo,triste
hoy siento que no soy suficiente,triste
la verdad estoy muy emocionado con lo que viene la verdad,feliz
en serio estoy muy satisfecho con el dia de hoy y no lo puedo creer,feliz
en serio me siento re bien parce y me tiene mal,feliz
hoy me siento furioso esta semana,enojo
te cuento que me tocó madrugar y no dormí nada y encima salio mal,triste
en serio siento que nadie me toma en serio de verdad,enojo
es que no se si lo que estoy haciendo es lo correcto y no puedo evitarlo,miedo
bro dijeron mentiras sobre mi en redes de verdad,enojo
hoy cambiaron todo sin avisarme y no se que hacer,enojo
hoy me bloqueo sin darme una explicacion y no se que hacer,triste
te digo que me da mucho miedo no estar listo,miedo
mira me enoja mucho lo que dijiste,enojo
mira lo que paso me fue bien en la sustentacion y no se como manejarlo,feliz
oye fuimos a la finca y fue muy bacano hermano,feliz
te cuento que nada de lo que hago vale la pena sinceramente,triste
te digo que tengo temor de que todo salga mal,miedo
no te miento me dieron la visa,feliz
me tratan diferente y no entienden por que me molesta y no se que hacer,enojo
logre ahorrar lo que necesitaba pero bueno,feliz
la verdad es que me canse de pedir lo mismo sin resultado y no se que hacer,enojo
hoy me siento muy feliz todo el tiempo,feliz
oye me respondieron con mala cara sin razon y no se que hacer,enojo
me toco vender el carro que tanto queria y me tiene mal,triste
estoy muy preocupado en este momento,miedo
fijate que hoy fue un dia muy gris pero no digo nada,triste
fijate que me hablaron muy mal sinceramente,enojo
fijate que me fui de la reunion antes porque no podia mas pero necesitaba decirlo,triste
es que me graduo este sabado y no se que hacer,feliz
es que tengo miedo de que me vaya mal en las parciales y ya,miedo
ultimamente nada de lo que hago vale la pena y me tiene mal,triste
siento un vacio enorme dentro de mi de verdad,triste
hermano me aterra quedar mal frente a todos y eso me duele,miedo
la verdad es que me fue bien en la sustentacion y no es facil admitirlo,feliz
en serio siento el corazon muy apesadumbrado y no se como seguir,triste
te digo que tengo miedo de llegar a cierta edad sin haber logrado nada y ya,miedo
me pone muy nervioso tener que dar explicaciones hermano,miedo
sinceramente estoy muy asustado y no se que hacer y me tiene muy nervioso,miedo
lo que pasa es que no supe leer la situacion y meti la pata y no es facil admitirlo,triste
desde hace dias me invitaron a participar en un proyecto pero ya no puedo mas,feliz
mira tengo panico de fallar cuando todos confian en mi men,miedo
mira hoy me vi bien en el espejo y me gusto,feliz
te cuento que me ignoraron durante horas de verdad,enojo
la verdad me tiene muy bajoneado lo que paso y no se que hacer,triste
me graduo este mes y es agotador,feliz
sinceramente tengo los mejores amigos y no puedo evitarlo,feliz
no se si lo que estoy haciendo es lo correcto,miedo
no te miento me respondieron con mala actitud sin razon y me pesa cargarlo solo,enojo
mira me invitaron a algo importante pero bueno,feliz
te digo que estoy muy satisfecho con todo lo hecho sin duda,feliz
desde hace dias tengo miedo de que me alejen si se dan cuenta como soy pero necesitaba decirlo,miedo
sinceramente me siento solo y muy triste de verdad,triste
ahora mismo no tengo ganas de nada,triste
tengo miedo de que me rechacen si digo lo que pienso pero bueno,miedo
desde ayer me da mucha rabia por todo lo que paso,enojo
parce hoy me fue de pelos y no se que hacer,feliz
la verdad es que me copiaron el trabajo y lo publicaron como propio pero ya no puedo mas,enojo
bro me siento muy vacio aunque tenga cosas que hacer la verdad,triste
fijate que por fin me compre lo que queria de verdad,feliz
de verdad estoy muy satisfecho con el dia de hoy y estoy muy agradecido,feliz
desde hace dias abusaron de mi confianza y ya,enojo
lo que pasa es que logre lo que queria de verdad,feliz
en serio tengo una entrevista y me muero del susto y no se que hacer,miedo
la verdad es que ya basta con esa actitud,enojo
en serio me echaron la culpa de algo que hizo otro,enojo
vieja mi familia estuvo muy unida hoy y me cuesta mucho,feliz
hoy perdi mi trabajo hoy y me tiene mal,triste
la verdad ya no quiero hablar otra vez,triste
te digo que siento una preocupacion enorme ahora,miedo
sinceramente me pone muy nervioso hablar en publico y ya,miedo
te digo que estoy muy feliz con el resultado y es lo mejor que me paso,feliz
es que me echaron la culpa de lo que salio mal y no es facil admitirlo,enojo
te cuento que fuimos a la finca y fue muy bacano y ya,feliz
no puedo creer que eres una persona muy egoista,enojo
lo que pasa es que me duele mucho lo que me dijeron y no se como seguir,triste
bro me salio el primer cliente,feliz
desde hace dias no se si estoy listo para esto y me afecta mucho,miedo
mira me usaron y despues me ignoraron sinceramente,enojo
en serio me hace feliz saber que estas bien y estoy muy agradecido,feliz
hoy no tuve que fingir que estaba bien y no se como manejarlo,feliz
es que se aprovecharon de la buena fe mia pero bueno,enojo
eso me parece una irresponsabilidad total,enojo
desde hace dias hoy llore sin saber por que y me afecta mucho,triste
es que hicimos sancocho en familia y fue muy rico y ya,feliz
te digo que tengo panico de perder lo que tengo de verdad,miedo
fijate que extraño como eran las cosas antes todo el tiempo,triste
la verdad no voy a tolerar esto mas sinceramente,enojo
ultimamente me siento vulnerable esta semana,miedo
es que no entiendo tu actitud para nada y punto,enojo
fijate que me graduo este sabado y nadie lo sabe,feliz
la verdad esto me molesta mucho ultimamente,enojo
en este momento estoy agotado emocionalmente desde hace dias,triste
me parece una falta de respeto en serio,enojo
me siento muy achantado hoy y me cuesta mucho,triste
me hicieron fila tres horas y no me atendieron y me tiene mal,enojo
ultimamente todo me afecta demasiado por todo lo que paso,triste
sinceramente hoy todo el transporte me funciono perfecto men,feliz
mira estoy realmente indignado y es agotador,enojo
la verdad me escribio la persona que me gusta,feliz
desde ayer estoy temblando de nervios en este momento,miedo
vieja me toco dejar los estudios por plata,triste
ahora mismo todo salio excelente en este momento,feliz
hoy me dieron informacion falsa y ya,enojo
te digo que tengo ansiedad de aparecer en camara y me cuesta aceptarlo,miedo
fijate que me tienen muy hastiado con lo mismo y ya,enojo
en este momento todo esta funcionando bien por todo lo que paso,feliz
las cosas estan saliendo como quiero y no puedo evitarlo,feliz
men me borraron un comentario que tenia toda la razon men,enojo
ultimamente alguien me entendio sin que yo explicara mucho pero necesitaba decirlo,feliz
la verdad me ignoraron cuando tenia razon todo el tiempo,enojo
no te miento por fin me salio el pasaporte y me cuesta mucho,feliz
la verdad me graduo el sabado en el paraninfo,feliz
lo que pasa es que estoy muy apenado con lo que resulto y quisiera que no fuera así,triste
hoy me cancelaron la cita sin avisar y no puedo evitarlo,enojo
fijate que ya no aguanto mas esa situacion y no se que hacer,enojo
realmente estoy demasiado molesto por todo lo que paso,enojo
usaron lo que les conte en mi contra y me afecta mucho,enojo
me dieron la beca y no puedo evitarlo,feliz
hoy ya no tengo fuerzas para nada y no lo puedo ocultar,triste
mira lo que paso me canse de pedir lo mismo sin resultado de verdad,enojo
te cuento que por fin me compre lo que queria y no se que hacer,feliz
tengo panico de perder lo que tengo,miedo
es que no voy a tolerar ese comportamiento,enojo
hoy termine de pagar mi deuda y me tiene mal,feliz
tengo miedo de que me rechacen si digo lo que pienso y me pesa cargarlo solo,miedo
es que ya no hablo con mi parcero de toda la vida y no es facil,triste
es que no se si voy a poder con esto y no puedo evitarlo,miedo
me da miedo no estar preparado de verdad,miedo
me case hoy de verdad,feliz
hoy me excluyeron de la decision sin explicacion y me pesa cargarlo solo,enojo
fijate que me pidieron que fuera a recursos humanos de verdad,miedo
hoy estoy muy bravo con lo que paso y me tiene mal,enojo
es que me angustia saber que todo queda guardado en internet de verdad,miedo
te juro que me asusta que piensen que soy raro y me afecta mucho,miedo
siento una tristeza que me invade todo y quisiera que no fuera así,triste
hoy me asusta que piensen que soy raro y no lo digo seguido,miedo
la verdad perdi tiempo en algo que no valio todo el tiempo,enojo
ahora mismo termine la semana sin ningun problema y no lo digo seguido,feliz
oye me da ira tu actitud de verdad,enojo
definitivamente me siento increible desde hace dias,feliz
hoy estoy con las personas que amo de verdad,feliz
en serio siempre me pasa lo mismo con las mismas personas y nadie lo entiende,enojo
fijate que nada de lo que hago vale la pena y me tiene mal,triste
me dieron una sorpresa muy bonita hoy de verdad,feliz
oye tuve que repetir lo mismo mil veces y no lo puedo ocultar,enojo
ahora mismo me cancelaron a ultimo momento y no se que hacer,enojo
te cuento que hicieron lo que quisieron sin preguntarme nada parce,enojo
tengo miedo de caerle mal sin querer y no puedo evitarlo,miedo
siento que algo no esta bien aunque todo parece normal pero bueno,miedo
no puedo creer que me da mucha rabia lo que hiciste y me parece muy mal,enojo
es que extraño mucho a las personas que ya no estan pero bueno,triste
la verdad tengo miedo de que me quiten el trabajo de verdad,miedo
mira ya no esta la persona que queria y es agotador,triste
me sacaron de la jugada sin ninguna explicacion y nadie lo sabe,enojo
me salio la receta que estaba intentando y nadie lo entiende,feliz
oye me da pena que se den cuenta que no entendi la verdad,miedo
estoy muy cansado de lucharla solo y no puedo evitarlo,triste
hoy nadie noto que algo me pasaba y me tiene agotado,triste
es que me aterra quedar mal frente a todos parce,miedo
me fue bien en el icfes y ya,feliz
la verdad prometieron y no cumplieron otra vez,enojo
estoy muy nervioso con esa vuelta parce,miedo
no tenemos para el arriendo este mes hermano,triste
lo que pasa es que tengo miedo de ver lo que me respondieron pero ya no puedo mas,miedo
lo que pasa es que me tiene angustiado no saber que va a pasar otra vez,miedo
es que me aprobo el credito el banco hermano,feliz
te digo que ya no tengo energia para nada de lo que antes me gustaba y no es facil,triste
tengo ansiedad de pensar en todo lo que falta y ya,miedo
oye tengo panico de no saber como actuar en esa situacion y no se como manejarlo,miedo
en serio me dieron una sorpresa muy bonita hoy,feliz
parce estoy con una nota hoy y me tiene mal,feliz
estoy muy agradecido con todos y es lo mejor que me paso,feliz
te cuento que hoy me di cuenta que avance mucho,feliz
sinceramente salimos a rumbear y la pase muy bien y no puedo evitarlo,feliz
fijate que me quede sin trabajo y no se que hacer,triste
para serte honesto la vida esta siendo buena conmigo otra vez,feliz
es que eres un irresponsable total y no lo entiendo,enojo
te digo que me siento muy bien con mi proceso y no es facil,feliz
tengo miedo de cometer un error grave y no puedo calmarlo,miedo
la verdad me cayo muy bien esa persona,feliz
es que consegui apartamento en arriendo bien precio pero bueno,feliz
sinceramente me siento muy solo en esta ciudad y no puedo evitarlo,triste
me tiene muy apagado esta situacion y eso me duele,triste
hoy algo me dice que las cosas van a cambiar mal de verdad,miedo
en serio me paralizo cuando tengo que decidir y eso me pesa,miedo
fijate que por fin me contestaron y no lo digo seguido,feliz
lo que pasa es que me decepciono mucho lo que hiciste de verdad,enojo
que buen momento para estar feliz sin duda,feliz
es que me tiene muy cansado esta gente,enojo
es que me quede sin trabajo y no se que hacer,triste
la verdad es que me duele mucho lo que ocurrio,triste
hermano estoy muy asustado con lo que puede pasar parce,miedo
la verdad es que me fui de la reunion antes porque no podia mas pero necesitaba decirlo,triste
te digo que me borraron un comentario que tenia toda la razon bro,enojo
no te miento me llegó una carta del juzgado y no se que es y no es facil,miedo
hoy fue mejor de lo que esperaba y no se que hacer,feliz
ultimamente estoy harto de todo por todo lo que paso,enojo
la verdad es que tengo miedo de haber arruinado algo sin saberlo y eso me tiene mal,miedo
te juro que logre terminar algo que habia dejado pendiente y nadie lo entiende,feliz
oye me pone ansioso salir de casa y eso me pesa,miedo
es que me tiene con los nervios destrozados parce,miedo
la verdad me faltaron el respeto delante de todos y ya,enojo
te digo que dijeron mentiras sobre mi en redes y nadie lo entiende,enojo
estoy muy satisfecho con el dia de hoy de verdad,feliz
borre todas mis fotos porque no me gustaba nada y me cuesta aceptarlo,triste
en serio me paralizo cuando tengo que decidir pero no digo nada,miedo
la verdad es que me quede callado cuando debi haber hablado pero necesitaba decirlo,triste
hoy todo salio excelente en este momento,feliz
te cuento que no tenemos para el arriendo este mes la verdad,triste
sinceramente me da terror pensar que no hay salida de verdad,miedo
ultimamente me siento furioso,enojo
la verdad termino mi relacion pero bueno,triste
me dijeron que si y despues que no,enojo
es que me etiquetaron en algo que me alegro el dia y me afecta mucho,feliz
en serio que buen momento para estar feliz y es lo mejor que me paso,feliz
la verdad hicieron algo injusto y nadie dijo nada la verdad,enojo
no te miento me dejo mi novio y estoy muy mal de verdad,triste
ahora mismo siento demasiado temor otra vez,miedo
men no me toman en serio por mi edad y nadie lo entiende,enojo
sinceramente no voy a permitir que me hagas eso,enojo
ultimamente ya no quiero esforzarme y eso me pesa,triste
sinceramente no tengo plan b si esto falla y no se que hacer,miedo
en serio me pone ansioso salir de casa y no puedo evitarlo,miedo
en serio me entristece ver como cambiaron las cosas y no lo puedo superar,triste
te juro que tengo miedo de mandar ese mensaje y que lo tomen mal y me tiene agotado,miedo
me da mucha pena decirle eso a la gente y me cuesta mucho,miedo
sinceramente todo me pone mal en este momento,triste
mira estoy esperando una respuesta y me tiene nervioso y es agotador,miedo
te cuento que por fin me salio el pasaporte,feliz
de verdad me siento muy feliz con mi familia y es lo mejor que me paso,feliz
me echaron la culpa de lo que salio mal,enojo
me siento re bien parce y ya,feliz
hoy me mandaron de una oficina a otra sin solucion pero bueno,enojo
ultimamente me saca de quicio todo esto y eso me pesa,enojo
oye el resultado me tiene muy angustiado sinceramente,miedo
sinceramente estoy demasiado cansado por todo lo que paso,triste
me encontre plata en un bolsillo que no sabia bro,feliz
estoy muy bajo de animo hoy y no lo puedo superar,triste
siento una tristeza que me invade todo de verdad,triste
en serio la incertidumbre me tiene paralizado la verdad,miedo
te cuento que me tiene muy preocupado lo que esta pasando la verdad,miedo
en serio me cobraron de mas sin avisar y no se que hacer,enojo
honestamente me molesta tu actitud de siempre de verdad,enojo
ahora mismo ya no esta la persona que queria de verdad,triste
sinceramente me tiene muy bajoneado lo que paso y eso me duele,triste
oye me tocó madrugar y no dormí nada y encima salio mal y no se que hacer,triste
te juro que me mencionaron en algo que me puso en ridiculo,enojo
en este momento tengo panico,miedo
te cuento que me cobraron mas de lo que decia el precio pero bueno,enojo
mi mejor amigo se fue para otro pais y no puedo evitarlo,triste
la verdad me siento motivado ultimamente,feliz
ultimamente me preocupa el futuro en este momento,miedo
lo que es cierto es que me alegra ver que todo salio bien y estoy muy agradecido,feliz
oye aprobe el examen y necesito que alguien me entienda,feliz
en serio me hicieron fila tres horas y no me atendieron y ya,enojo
mira me cayo muy bien esa persona de verdad,feliz
ya nada es igual y nadie lo sabe,triste
me fue de maravilla en la entrevista hermano,feliz
en este momento me siento horrible hoy desde hace dias,triste
mira me da susto pedir el favor porque me da pena parce,miedo
ultimamente me dijeron que era muy sensible por sentirme mal y no es facil admitirlo,enojo
hoy nada tiene sentido,triste
no te miento me echaron la culpa de algo que hizo otro,enojo
no se si contarte pero me saco del grupo sin razon de verdad,triste
en este momento hoy fue maravilloso todo el tiempo,feliz
hoy me usaron cuando les convenia y despues nada,enojo
sinceramente hablaron de algo que yo no sabia y me senti excluido y no puedo evitarlo,triste
es que estoy muy bravo con lo que paso y no puedo evitarlo,enojo
es que me saca de quicio que no cambien nada,enojo
me comparan con otros y eso me molesta mucho,enojo
fijate que me dijeron que cambie como si estuviera mal ser yo y eso me tiene mal,triste
realmente tengo ansiedad por todo lo que paso,miedo
oye sali del pais por primera vez pero bueno,feliz
mira abusaron de mi confianza todo el tiempo,enojo
la verdad estoy disfrutando mucho desde hace dias,feliz
oye me critican las decisiones sin conocer mi situacion pero bueno,enojo
me fui de viaje y no puedo evitarlo,feliz
siento un miedo terrible ahora mismo y eso me preocupa mucho,miedo
sinceramente salimos a rumbear y la pase muy bien y no se que hacer,feliz
me tienes agotado con tus cosas en serio,enojo
parce me da mucha pena decirle eso a la gente y me cuesta mucho,miedo
me embargaron la cuenta y no entiendo por que y eso me duele,miedo
en este momento todo me hace enojar todo el tiempo,enojo
la verdad es que me siento solo y muy triste de verdad,triste
es que hoy fue un parche buenisimo la verdad,feliz
sinceramente me encanta este momento desde hace dias,feliz
mira no logre lo que esperaba,triste
la verdad siento que algo esta pasando y nadie me dice que la verdad,miedo
ayer mañana es la presentacion y no estoy listo,miedo
sinceramente no tuve ganas de comer todo el tiempo,triste
me molesta tu falta de consideracion de verdad,enojo
estoy muy bajoneado sin poder levantarme y quisiera que no fuera así,triste
honestamente siento una rabia horrible ahora mismo en serio,enojo
oye me aterra quedar mal frente a todos pero bueno,miedo
te cuento que me quitaron el trabajo todavía,triste
estoy muy nervioso por lo que puede pasar y me tiene muy nervioso,miedo
no se si contarte pero me ignoraron cuando trate de explicarme y no se que hacer,enojo
es que me dejo mi novia y estoy muy bajoneado y no es facil,triste
en este momento todo me afecta demasiado en este momento,triste
fijate que me robaron el celular y estoy muy mal la verdad,triste
fijate que me trataron como si no existiera y es agotador,enojo
te digo que siento una pena muy grande por eso y me duele mucho,triste
oye me citaron a declarar y estoy muy nervioso,miedo
definitivamente me siento horrible hoy y no se que hacer,triste
te digo que no se para donde voy y eso me asusta y me pone triste,triste
es que estoy muy bravo con lo que paso pero bueno,enojo
desde ayer estoy agradecido por todo otra vez,feliz
men cumpli la meta que me habia puesto y nadie lo entiende,feliz
hoy me siento lleno de energia otra vez,feliz
desde ayer me siento tranquilo y feliz y no se que hacer,feliz
te cuento que me fallaron cuando mas los necesitaba y es agotador,triste
mira extraño como eran las cosas antes sinceramente,triste
no me reconozco ultimamente bro,triste
eso me pone muy furioso parce pero bueno,enojo
mira me parece increible tu actitud de verdad,enojo
no es la primera vez que pasa y eso es lo que más me molesta,enojo
te juro que me dieron el viernes libre pero necesitaba decirlo,feliz
sinceramente odio esta situacion en este momento,enojo
hoy me sorprendieron hoy y no puedo evitarlo,feliz
la verdad me da miedo pedir ayuda todo el tiempo,miedo
oye siento que las cosas mejoran todo el tiempo,feliz
me descuentan del sueldo cosas que no firmé y eso me duele,enojo
realmente me siento increible de verdad,feliz
siento demasiado temor ultimamente,miedo
de verdad estoy lleno de felicidad ahora mismo,feliz
la verdad me ignoraron cuando tenia toda la razon la verdad,enojo
me siento nervioso y me afecta mucho,miedo
la verdad ya no tengo energia para nada de lo que antes me gustaba y nadie lo entiende,triste
me da pena decirlo pero por fin me contestaron y eso me tiene mal,feliz
es que tengo miedo de tomar la decision equivocada y no puedo evitarlo,miedo
mira lo que paso mi grupo hizo el trabajo sin contar conmigo sinceramente,triste
mira nadie hace las cosas bien aqui de verdad,enojo
de verdad me entristece mucho la situacion,triste
oye me ignoraron cuando tenia toda la razon pero bueno,enojo
en serio me copiaron el trabajo y lo publicaron como propio y no puedo evitarlo,enojo
no te miento tengo miedo de decir algo fuera de lugar y me tiene agotado,miedo
lo que pasa es que termino mi carrera de verdad,feliz
ultimamente hoy fue un gran dia y me afecta mucho,feliz
hoy hoy hice algo que me daba mucho miedo y salio bien,feliz
realmente esto me molesta demasiado por todo lo que paso,enojo
la verdad estoy muy nervioso con esa vuelta,miedo
ultimamente usaron mis ideas sin darme credito men,enojo
te digo que estoy muy bajo de animo hoy,triste
lo que pasa es que encontre lo que buscaba de verdad,feliz
la verdad me tienen harto con esto y me afecta mucho,enojo
mira estoy muy molesto con lo que hicieron pero bueno,enojo
lo que pasa es que me fue muy mal en el examen,triste
lo que pasa es que siento una tristeza que me invade todo de verdad,triste
me da pena decirlo pero lei el mensaje diez veces y no se como responder pero necesitaba decirlo,miedo
la verdad estoy muy bacano con la noticia parce,feliz
desde ayer todo me hace enojar,enojo
me da pena decirlo pero minimizaron lo que sentia,enojo
hoy tengo miedo de responder mal y arruinar todo men,miedo
no supe si era una broma o algo serio y eso me tiene mal,triste
es que que irresponsable eres en serio y me parece muy mal,enojo
fijate que me llegó una carta del juzgado y no se que es y no se que hacer,miedo
vieja me pone muy ansioso pensar en eso parce,miedo
ultimamente pude expresarme sin que me juzgaran y no se como manejarlo,feliz
es que estoy muy frustrado con todo esto,enojo
fijate que me tienen hasta la coronilla,enojo
sinceramente me hicieron sentir mal por preguntar y nadie lo sabe,enojo
te digo que tengo miedo de responder mal y arruinar todo bro,miedo
ahora mismo todo me pone mal esta semana,triste
desde hace dias publico algo que me dejo muy mal y trato de disimularlo,triste
hoy me toco dejar los estudios por plata y nadie lo sabe,triste
hoy las cosas ya no son como antes pero necesitaba decirlo,triste
la verdad es que que estupidez lo que hiciste y ya me canse,enojo
es que estoy muy asustado con lo que puede pasar y me tiene mal,miedo
pague y no me dieron lo que ofrecieron pero bueno,enojo
te digo que que buenas noticias me llegaron hoy y estoy muy contento,feliz
ahora mismo todo me hace enojar,enojo
honestamente que injusto es todo esto y eso no esta bien,enojo
la verdad siento que el miedo no me deja avanzar,miedo
la verdad tengo panico de fallar cuando todos confian en mi y no puedo evitarlo,miedo
hoy me di cuenta que nadie me busca si yo no busco y me afecta,triste
te cuento que me fue de maravilla en la entrevista y me cuesta mucho,feliz
la verdad siento que perdi una etapa de mi vida pero bueno,triste
es que estoy muy angustiado por todo esto y eso me preocupa mucho,miedo
definitivamente estoy temblando de nervios todo el tiempo,miedo
lo que pasa es que siento que no tengo control de nada de verdad,miedo
lo que pasa es que hoy fue un dia muy gris la verdad,triste
realmente estoy muy emocionado otra vez,feliz
fijate que me respondio el mensaje que esperaba y eso me tiene mal,feliz
te cuento que sali del pais por primera vez la verdad,feliz
por fin me compre lo que queria y me tiene mal,feliz
te digo que ya no tengo energia para nada de lo que antes me gustaba,triste
en este momento me siento destruido ultimamente,triste
te cuento que me da mucha pena decirle eso a la gente,miedo
para serte honesto me salio rico lo que cocine y me tiene mal,feliz
ultimamente todo el mundo esta en planes y yo solo en casa y me afecta,triste
me tratan diferente por ser joven,enojo
definitivamente me siento inseguro en este momento,miedo
ultimamente me prometieron que no volveria a pasar y me afecta mucho,enojo
no se me dicen que me esfuerce mas cuando ya doy todo pero bueno,enojo
ahora mismo me da mucho miedo entrar al salon y que todos me miren y eso me tiene mal,miedo
lo que pasa es que no puedo mas con esta situacion y no lo entiendo,enojo
te digo que tengo ansiedad de pensar en todo lo que falta y no es facil,miedo
logre ahorrar lo que necesitaba sinceramente,feliz
te juro que me escribieron solo para reclamarme y me tiene agotado,enojo
mira me da ansiedad ver cuanta gente vio mi historia y no se que hacer,miedo
mira que manera tan irresponsable de actuar,enojo
siento que las cosas nunca mejoran y quisiera que no fuera así,triste
te digo que que dia tan productivo tuve hoy,feliz
es que tengo panico de fallar frente a todos y no se que hacer,miedo
lo perdí,triste
te digo que tengo miedo de que mis sueños no sean suficientes de verdad,miedo
te juro que no puedo con esta rabia que siento sin excusas,enojo
sinceramente tengo miedo de caerle mal sin querer y me cuesta mucho,miedo
mira el transporte salio tardisimo y llegue tarde por eso,enojo
sinceramente me da mucho miedo entrar al salon y que todos me miren y eso me tiene mal,miedo
me siento muy triste,triste
sinceramente siento que la estoy embarrando en todo,triste
ahora mismo me da terror mostrarme como soy de verdad y eso me tiene mal,miedo
oye me cambiaron el turno sin avisarme parce,enojo
te cuento que si esto no funciona no se que voy a hacer,miedo
mi familia estuvo muy unida hoy la verdad,feliz
no tengo plan b si esto falla y no puedo evitarlo,miedo
fijate que se aprovecharon de la buena fe mia,enojo
la verdad es que me da pavor la incertidumbre que siento y no se que hacer,miedo
en serio me angustia saber que todo queda guardado en internet y me tiene pensando mucho,miedo
oye me invitaron a algo importante y ya,feliz
es que me llegó una carta del juzgado y no se que es y no puedo evitarlo,miedo
mira hoy llore sin saber por que pero no digo nada,triste
la verdad me siento motivado,feliz
te digo que me bloquearon sin darme ninguna explicacion bro,enojo
sinceramente llevo dias aguantando esto y ya no puedo y no se que hacer,enojo
me aterra no tener el control de nada,miedo
desde hace dias estoy rodeado de gente y me siento solo,triste
me ignoraron cuando tenia razon y no puedo evitarlo,enojo
la verdad es que estoy muy triste con lo que resulto y me duele mucho,triste
me pone de muy buen humor esto y es lo mejor que me paso,feliz
algo cambio de repente y no entiendo por que y no se que hacer,miedo
lo que pasa es que me hicieron una videollamada sorpresa y no lo digo seguido,feliz
parce estoy muy cansado de lucharla solo y me cuesta mucho,triste
sinceramente me ignoraron durante horas la verdad,enojo
es que me tienen muy hastiado con lo mismo la verdad,enojo
para serte honesto tengo miedo de que todo cambie y es agotador,miedo
realmente todo esta saliendo bien hoy,feliz
fijate que salimos a rumbear y la pase muy bien y ya,feliz
la verdad me tienen muy mamado con esa vuelta y ya,enojo
no se llegue a los seguidores que queria bro,feliz
oye me cuesta aceptar que eso ya termino y nadie lo sabe,triste
fijate que me tiene muy triste esta vuelta y ya,triste
hoy pase el dia en cama y ya,triste
la verdad me da panico enviar ese mensaje y quedar mal,miedo
es que me siento muy solo en esta ciudad y me tiene mal,triste
fijate que vi las historias de todos y me senti muy mal,triste
sinceramente tengo panico de no salir de esto y no puedo calmarlo,miedo
hoy algo me dice que las cosas van a cambiar mal y no se que hacer,miedo
ultimamente me trataron muy mal sin razon sinceramente,enojo
desde ayer me siento derrotado por todo lo que paso,triste
honestamente me molesta tu falta de consideracion de verdad,enojo
desde ayer me siento incomodo con esto y no se que hacer,miedo
men borre todas mis fotos porque no me gustaba nada pero bueno,triste
es que hoy fue mejor de lo que esperaba y me afecta,feliz
me da pena decirlo pero hoy no tuve que fingir que estaba bien pero necesitaba decirlo,feliz
para serte honesto extraño como eran las cosas antes y eso me pesa,triste
fijate que me siento realizado de verdad,feliz
es que por fin publique lo que venia trabajando,feliz
me quede sin trabajo y no se que hacer la verdad,triste
me da ira tu actitud y eso no esta bien,enojo
definitivamente me tienen harto con esto desde hace dias,enojo
es que me tiene muy bajoneado lo que paso de verdad,triste
es que hoy me fue de pelos,feliz
la verdad me preocupa no poder pagar el arriendo el otro mes y no puedo evitarlo,miedo
mira me saca de quicio todo esto y es agotador,enojo
en serio aprobe el examen y eso me pesa,feliz
lo que pasa es que me di cuenta que no me invitaron a la reunion y me tiene agotado,triste
es que hoy fue un dia muy chévere de verdad,feliz
desde hace dias estoy al limite de mi paciencia de verdad,enojo
fijate que me toco el dia libre y me afecta mucho,feliz
ultimamente me ofrecieron un mejor cargo y trato de disimularlo,feliz
ahora mismo me preocupa el futuro por todo lo que pasa,miedo
me siento muy mal emocionalmente,triste
fijate que por fin me compre lo que queria la verdad,feliz
la verdad siento que me quede atras sinceramente,triste
hoy me dieron una sorpresa muy bonita hoy y me tiene mal,feliz
en serio ya no aguanto mas ultimamente,enojo
hoy hoy todo el transporte me funciono perfecto y ya,feliz
oye me tiene muy apagado esta situacion la verdad,triste
hicimos una reunioncita y quedo muy buena y nadie lo sabe,feliz
mira lo que paso me tratan diferente y no entienden por que me molesta y me cuesta mucho,enojo
ahora mismo me siento feliz y eso me alegra,feliz
sinceramente me da pavor la incertidumbre que siento y no se que hacer,miedo
honestamente me agota tu comportamiento y no lo voy a tolerar,enojo
desde hace dias me corrigieron el tono sin escuchar lo que dije y trato de disimularlo,enojo
sinceramente nadie me escucha y eso me pesa,triste
en serio no puedo dejar de preocuparme y no puedo evitarlo,miedo
la verdad es que me alegra que todo haya salido bien de verdad,feliz
fijate que me da terror mostrarme como soy de verdad y trato de disimularlo,miedo
fijate que publicaron algo mio sin pedirme permiso y trato de disimularlo,enojo
me tienen harto con todo esto y me parece muy mal,enojo
hoy tengo panico y eso me preocupa,miedo
ahora mismo siempre me pasa lo mismo con las mismas personas,enojo
estoy muy nervioso y asustado por todo y me tiene muy nervioso,miedo
mira me llamaron para el trabajo en medellin,feliz
mira me echaron la culpa de algo que hizo otro y no se que hacer,enojo
hermano no alcance el cupo en la universidad publica y me cuesta mucho,triste
para serte honesto pase el semestre sin perder nada y me cuesta mucho,feliz
no te miento me trataron diferente a los demas,enojo
en serio me hicieron perder el tiempo y eso empeora todo,enojo
no puedo evitar que siento que algo malo va a pasar,miedo
lo que pasa es que manana tengo una prueba importante y estoy nervioso,miedo
en serio me agota tu comportamiento de verdad,enojo
se aprovecharon de la buena fe mia y no puedo evitarlo,enojo
te digo que me angustia saber que todo queda guardado en internet y ya,miedo
hermano estoy muy mamado de todo y ya,triste
siento que me estoy quedando sin opciones de verdad,miedo
sinceramente me siento horrible ultimamente,triste
siento que estoy decepcionando a todos y no es facil,triste
oye me mandaron de una oficina a otra sin solucion,enojo
te juro que dije algo que no quise decir y no se como explicarlo pero ya no puedo mas,triste
tengo panico de que algo malo pase y eso me preocupa mucho,miedo
es que me puse a pensar en lo peor y no puedo parar la verdad,miedo
qué sorpresa más grande no me lo esperaba para nada,enojo
saque mi licencia de conducir y me afecta,feliz
mira me tiene muy enojado esa situacion la verdad,enojo
ultimamente estoy re contento con todo y no se que hacer,feliz
oye cumpli mi meta del año y no puedo evitarlo,feliz
vieja me salio redondo todo hoy y no se que hacer,feliz
sinceramente me parece terrible lo que hiciste,enojo
hoy todo me pesa demasiado y me tiene mal,triste
la verdad que problema tan absurdo todo el tiempo,enojo
de verdad que impotencia siento ahora sin excusas,enojo
lo que pasa es que me da panico equivocarme y que no me perdonen sinceramente,miedo
tengo una angustia enorme en este momento,miedo
me siento muy contento con la vida y estoy muy agradecido,feliz
para serte honesto me preocupa tanto que no puedo dormir la verdad,miedo
que buena noticia para empezar el dia y estoy muy contento,feliz
se burlaron de algo que me costo decir y no se que hacer,enojo
mira no entiendo como puedes actuar asi y eso no esta bien,enojo
te cuento que se aprovecharon de la buena fe mia y no es facil,enojo
sinceramente me asusta mucho lo que esta pasando en el barrio de verdad,miedo
hoy no tengo ganas de nada,triste
te digo que hoy hice algo que me daba mucho miedo y salio bien y me afecta,feliz
en serio pase el semestre sin perder nada,feliz
fijate que mi pareja me sorprendio pero no digo nada,feliz
sinceramente me preocupa no poder lograrlo y no se que hacer,miedo
la verdad me preocupa el futuro esta semana,miedo
te digo que tengo un presentimiento malo muy fuerte y no puedo calmarlo,miedo
en serio estoy harto de esto y eso empeora todo,enojo
ultimamente me siento increible hoy,feliz
fijate que me sorprendieron hoy de verdad,feliz
en serio me llego un paquete que habia pedido,feliz
desde hace dias me rechazaron y duela mucho y me afecta mucho,triste
me mintieron descaradamente en la cara pero bueno,enojo
me da mucho miedo lo que dijeron y no se que hacer,miedo
es que estoy muy bacano con la noticia pero bueno,feliz
la verdad tengo miedo de que me rechacen si digo lo que pienso y nadie lo sabe,miedo
fijate que ya no esta la persona que queria y eso me pesa,triste
fijate que me aprobo el credito el banco pero bueno,feliz
parce me pone muy ansioso pensar en eso,miedo
en serio me prometieron el trabajo y al final le dieron a otro de verdad,enojo
fijate que me aprobo el credito el banco,feliz
te digo que estoy muy satisfecho con el dia de hoy,feliz
realmente estoy demasiado cansado desde hace dias,triste
la verdad todo esta mejorando esta semana,feliz
lo que pasa es que siento que nada tiene sentido ahora de verdad,triste
vieja extraño mucho a las personas que ya no estan pero bueno,triste
me da ansiedad abrir ese chat y no lo digo seguido,miedo
sinceramente me pusieron en evidencia en un grupo y me pesa cargarlo solo,enojo
me da muy duro enfrentar esa conversacion parce,miedo
ahora mismo no quiero salir solo todo el tiempo,miedo
la verdad tengo panico de fallar frente a todos otra vez,miedo
sinceramente que rabia me da todo esto,enojo
fijate que estoy muy cansado de lucharla solo,triste
la verdad tengo un mal presentimiento desde ayer pero necesitaba decirlo,miedo
mira si esto no funciona no se que voy a hacer,miedo
fijate que tengo miedo de lo que piensen de mi y me tiene mal,miedo
la verdad subi una foto y me arrepenti de haberla subido y no puedo evitarlo,triste
mira me dejaron hacer todo el trabajo solo la verdad,enojo
hoy pague y no me dieron lo que ofrecieron la verdad,enojo
para serte honesto tengo miedo de que todo cambie y necesito que alguien me entienda,miedo
lo que pasa es que me dijeron que cambie como si estuviera mal ser yo y me cuesta mucho,triste
ultimamente esto me parece una falta de respeto total y es agotador,enojo
en este momento todo me fastidia ultimamente,enojo
no puedo evitar que estoy muy nervioso de cara a lo que viene de verdad,miedo
sinceramente pase el dia en cama y me afecta mucho,triste
ultimamente no se para donde voy y eso me asusta y me pone triste y nadie lo entiende,triste
no te miento me ignoraron cuando tenia toda la razon y me tiene mal,enojo
me asusta pensar en las consecuencias y eso me preocupa mucho,miedo
no te miento siento que las cosas mejoran la verdad,feliz
es que me pone muy nervioso hablar en publico y no lo puedo ocultar,miedo
estoy muy contento con mi progreso y estoy muy contento,feliz
mira ya no somos lo que eramos y eso me entristece pero bueno,triste
realmente estoy temblando de nervios en este momento,miedo
me salio el cupo en el sena parce,feliz
fijate que estoy emocionalmente agotado y me afecta mucho,triste
te digo que estoy muy apesadumbrado con las noticias y quisiera que no fuera así,triste
la verdad estoy cansado mentalmente por todo lo que paso,triste
te juro que me mandaron un audio muy lindo y quisiera que alguien me ayudara,feliz
la verdad estoy re contento con todo bro,feliz
no se si voy a poder con lo que viene de verdad,miedo
es que me parece increible tu actitud de verdad,enojo
me da alegria ver que todo funciona y estoy muy agradecido,feliz
realmente ya no quiero hablar por todo lo que paso,triste
en serio estoy muy molesto con lo que hicieron y ya,enojo
fijate que me mintieron en mi cara y no lo puedo ocultar,enojo
me da pena que se den cuenta que no entendi pero bueno,miedo
no se me siento muy agradecido con la vida hoy y no es facil,feliz
ahora mismo me preocupa no poder lograrlo y no se que hacer,miedo
te digo que usaron mis ideas sin darme credito de verdad,enojo
ahora mismo me invitaron a participar en un proyecto pero ya no puedo mas,feliz
no se me piden experiencia para un trabajo de principiante,enojo
oye tengo miedo de que mi respuesta suene agresiva de verdad,miedo
no te miento me escribio la persona que me gusta y no puedo evitarlo,feliz
es que hoy fui honesto y salio bien,feliz
te juro que ya me canse de repetirte lo mismo y ya me canse,enojo
lo que pasa es que mi jefe quedo contento con mi trabajo,feliz
borre todas mis fotos porque no me gustaba nada y no puedo evitarlo,triste
estas actuando muy mal,enojo
fijate que tengo miedo de tomar la decision equivocada y me tiene mal,miedo
te cuento que me aceptaron en la universidad y no lo puedo ocultar,feliz
fijate que me escribieron solo para reclamarme y no se como manejarlo,enojo
es que mi mejor amigo se fue a vivir lejos y me tiene mal,triste
mira algo me dice que las cosas van a cambiar mal y me tiene mal,miedo
la verdad es que me da ira tu actitud y ya me canse,enojo
sinceramente me duele el corazon con lo que paso y no se como seguir,triste
ultimamente logre cerrar el trato que necesitaba pero necesitaba decirlo,feliz
la verdad es que estoy furioso contigo y ya me canse,enojo
la verdad las cosas estan saliendo como quiero pero necesitaba decirlo,feliz
sinceramente siento que perdi algo muy importante y no se como seguir,triste
es que mi abuela ya no esta,triste
estoy lleno de energia y alegria y es lo mejor que me paso,feliz
hoy me siento inseguro ultimamente,miedo
realmente me siento nervioso y no puedo dormir,miedo
sinceramente me dieron la nota que esperaba y me cuesta mucho,feliz
para serte honesto me preocupa no poder lograrlo y me afecta mucho,miedo
hoy se fue mi gato hoy y no se que hacer,triste
definitivamente estoy disfrutando mucho y me encanta,feliz
que descarado eres en serio,enojo
hoy todo me genera ansiedad ultimamente,miedo
que dia tan especial fue hoy para todos y no lo puedo creer,feliz
la verdad todo me fastidia todo el tiempo,enojo
oye me cambiaron las condiciones a ultimo momento,enojo
oye me molesta mucho que hagas eso y no lo voy a tolerar,enojo
para serte honesto perdi algo muy importante y es agotador,triste
me exigen resultados sin darme las herramientas de verdad,enojo
no te miento me interrumpieron todo el tiempo y necesito que alguien me entienda,enojo
te juro que me enferma tu comportamiento y punto,enojo
la verdad me contactaron por mi trabajo y quede feliz de verdad,feliz
sinceramente me pusieron obstaculos que no tenian sentido,enojo
me da pena decirlo pero no entendi bien el tono y eso me tiene angustiado y no se que hacer,miedo
en serio me tiene con los nervios destrozados y nadie lo sabe,miedo
me molesta mucho tu actitud sin excusas,enojo
realmente todo esta empeorando,triste
hoy estoy muy emocionado con esto y no lo puedo creer,feliz
me eliminaron del grupo sin decir nada y no se que hacer,enojo
es que siento que algo malo va a pasar,miedo
en serio tengo miedo de llegar a cierta edad sin haber logrado nada y no puedo evitarlo,miedo
en serio me cayo del cielo esa noticia hermano,feliz
no puedo creer que eso me parece una irresponsabilidad total,enojo
es que me interrumpieron todo el tiempo y no se que hacer,enojo
parce me tiene muy bajoneado lo que paso y me tiene mal,triste
te cuento que nadie me escucha y ya,triste
que desconsiderado eres siempre,enojo
tuve que dejar mis estudios y me afecta,triste
sinceramente me dijeron que me quieren la verdad,feliz
en serio me eliminaron del grupo sin decir nada y nadie lo entiende,enojo
en serio me pone de muy buen humor esto,feliz
te cuento que me dieron el trabajo que queria y me tiene mal,feliz
hoy me cambiaron el turno sin avisarme y eso me duele,enojo
de verdad que alegria tan grande siento,feliz
en serio tengo ansiedad de aparecer en camara y nadie lo entiende,miedo
me da mucho temor el futuro cercano de verdad,miedo
ultimamente me escribieron solo para reclamarme y no puedo evitarlo,enojo
la verdad es que que bonito dia fue este para todos en serio,feliz
desde hace dias siento que no tengo control de nada de verdad,miedo
la verdad mi familia se fue a vivir lejos y me siento solo y me cuesta mucho,triste
vieja hicieron lo que quisieron sin preguntarme nada,enojo
en serio estoy muy triste y no se que hacer,triste
hermano me tiene muy desanimado todo esto y nadie lo sabe,triste
fijate que tengo miedo de que sea algo grave,miedo
en serio termine la semana sin ningun problema y me cuesta mucho,feliz
de verdad estoy muy feliz con el camino que tome,feliz
en serio mi mejor amigo se fue para otro pais y me tiene mal,triste
se aprovecharon de que no sabia y me afecta,enojo
te cuento que no tengo plan b si esto falla y me afecta,miedo
ultimamente me di cuenta que nadie me busca si yo no busco pero bueno,triste
en serio tengo miedo de mandar ese mensaje y que lo tomen mal y eso me tiene mal,miedo
hoy estoy muy preocupado y eso me preocupa,miedo
fijate que gane el concurso y me tiene mal,feliz
mira me sacaron de la jugada sin ninguna explicacion y me cuesta mucho,enojo
sinceramente aprobe la materia que tenia perdida y eso me tiene mal,feliz
no te miento no entiendo nada y me da verguenza preguntar y no puedo evitarlo,triste
oye siento que algo malo va a pasar otra vez,miedo
sinceramente me copiaron el trabajo y lo publicaron como propio y me afecta mucho,enojo
te digo que tengo un presentimiento muy malo de verdad,miedo
la verdad esto arruino mi dia y estoy cansado,enojo
mira que descaro tan grande el de esa gente y no es facil,enojo
oye no alcance el cupo en la universidad publica,triste
me canse de esperar que las cosas cambien solas de verdad,triste
no se si contarte pero siento que no le importo a nadie de verdad,triste
la verdad estoy agradecido por todo,feliz
la verdad todo lo que construi se cayo otra vez,triste
en este momento estoy muy contento ultimamente,feliz
es que las cosas ya no son como antes,triste
sinceramente mi grupo hizo el trabajo sin contar conmigo y me pesa cargarlo solo,triste
en serio me llamaron de la empresa y no dijeron para que pero bueno,miedo
mira abusaron de mi confianza,enojo
fijate que todo me pesa demasiado y me tiene mal,triste
capturaron una conversacion privada y la compartieron y no se que hacer,enojo
lo que es cierto es que que buen resultado tuvimos hoy y es lo mejor que me paso,feliz
oye me salio el primer cliente bro,feliz
fijate que me fallaron cuando mas los necesitaba y no se que hacer,triste
en serio me graduo el sabado en el paraninfo y me tiene mal,feliz
es que saque mi licencia de conducir la verdad,feliz
ahora mismo mi jefe quedo contento con mi trabajo pero necesitaba decirlo,feliz
ultimamente hoy amaneci con mucha energia y es agotador,feliz
desde hace dias todo lo que construi se cayo y eso me pesa,triste
ahora mismo tengo ansiedad por lo que viene y me afecta mucho,miedo
honestamente eres un irresponsable total y me parece muy mal,enojo
ahora mismo dije algo que no quise decir y no se como explicarlo de verdad,triste
te digo que tengo un miedo que no me deja pensar y eso me preocupa mucho,miedo
sinceramente ya no somos lo que eramos y eso me entristece y eso me duele,triste
hoy no se como decirlo sin que se enojen y me afecta mucho,miedo
ya no hablo con alguien que queria mucho y ya,triste
fijate que tengo miedo de que me quiten el trabajo y no puedo evitarlo,miedo
te cuento que tengo un mal presentimiento con eso,miedo
en este momento todo esta empeorando ultimamente,triste
es que siento que no soy suficiente pero bueno,triste
hoy me puse a pensar en lo peor y no puedo parar sinceramente,miedo
definitivamente todo me fastidia,enojo
ahora mismo estoy disfrutando mucho de verdad,feliz
desde hace dias me faltaron el respeto y no lo puedo ocultar,enojo
la verdad me siento completo,feliz
fijate que estoy muy ido hoy no se que me pasa,triste
desde hace dias pude decir lo que sentia sin miedo y no se que hacer,feliz
mira siento que algo esta pasando y nadie me dice que,miedo
la verdad me rechazaron y duela mucho y es agotador,triste
te cuento que tengo miedo de que me vaya mal en las parciales pero bueno,miedo
es que me pone muy nervioso tener que dar explicaciones y no puedo evitarlo,miedo
hoy logre ahorrar lo que necesitaba y me tiene mal,feliz
fijate que tengo miedo de que se den cuenta que no entiendo y no se que hacer,miedo
bro me paraliza no saber cual es el camino correcto y no se que hacer,miedo
la verdad me embargaron la cuenta y no entiendo por que,miedo
ahora mismo tengo miedo de caerle mal sin querer y eso me tiene mal,miedo
siento que todo se fue y no volvera de verdad,triste
la verdad es que me da terror que noten que estoy nervioso y me pesa cargarlo solo,miedo
lo que pasa es que mi jefe quedo contento con mi trabajo pero ya no puedo mas,feliz
fijate que siento que no tengo proposito la verdad,triste
la verdad no tengo plan b si esto falla y no se que hacer,miedo
es que me canse de pedir ayuda y no recibirla y me cuesta aceptarlo,triste
la verdad fallecio alguien cercano pero necesitaba decirlo,triste
la verdad tengo miedo de que me quiten el trabajo la verdad,miedo
oye me indigna mucho tu comportamiento y eso no esta bien,enojo
no puedo creer lo que hiciste sin excusas,enojo
hoy hicieron lo que quisieron sin preguntarme nada y ya,enojo
no se que quiero hacer con mi vida men,miedo
mira me pone muy ansioso pensar en eso parce,miedo
hoy que bonita sorpresa me llevé hoy sin duda,feliz
hoy no me toman en serio por mi edad de verdad,enojo
oye no me puedo quitar esa preocupacion de encima la verdad,miedo
la verdad es que siento un temor muy grande ahora mismo,miedo
me cansa tu falta de madurez y ya me canse,enojo
te cuento que me trataron muy mal sin razon de verdad,enojo
la verdad me dieron el trabajo que queria de verdad,feliz
tengo miedo de responder mal y arruinar todo y nadie lo entiende,miedo
sinceramente me mandaron un mensaje muy agresivo y nadie lo entiende,enojo
sinceramente no entiendo tu actitud para nada en serio,enojo
vieja me tocó repetir el tramite porque perdieron mis papeles de verdad,enojo
fijate que fuimos a la finca y fue muy bacano pero bueno,feliz
ultimamente me siento completo y me afecta mucho,feliz
hoy termino mi relacion sinceramente,triste
tengo algo importante manana y no puedo dormir de verdad,miedo
hoy no se si lo que estoy haciendo es lo correcto y no puedo evitarlo,miedo
oye estoy muy bravo con lo que paso y me cuesta mucho,enojo
es que me decepciono mucho lo que hiciste de verdad,enojo
mira me ignoraron durante horas de verdad,enojo
mira siento que me quede atras la verdad,triste
te digo que siento que el tiempo no cura esto de verdad,triste
definitivamente todo me da miedo ultimamente,miedo
te cuento que no hubo trafico hoy otra vez,feliz
mira tengo miedo de embarrarla con esa decision hermano,miedo
tengo ansiedad de pensar en todo lo que falta men,miedo
me saca de quicio que no cambien nada,enojo
que buen dia tuve hoy en serio,feliz
en serio esto arruino mi dia ultimamente,enojo
oye me toco el dia libre sinceramente,feliz
la verdad es que me dieron el viernes libre y me pesa cargarlo solo,feliz
te juro que hable con alguien nuevo y no fue tan malo y no puedo evitarlo,feliz
la verdad me cobraron mas de lo que decia el precio y nadie lo sabe,enojo
desde ayer me da mucha rabia desde hace dias,enojo
sinceramente me siento incomodo con esto por todo lo que paso,miedo
fijate que cambiaron todo sin avisarme y nadie lo sabe,enojo
bro me reportaron sin motivo y me bloquearon la cuenta,enojo
fijate que me trataron como si no existiera y no se que hacer,enojo
en serio tengo un mal presentimiento con eso pero bueno,miedo
parce mi mejor amigo se fue para otro pais y me tiene mal,triste
es que siento que finjo estar bien tan seguido que ya ni se y ya,triste
ahora mismo me ignoraron cuando tenia razon y no puedo evitarlo,enojo
no se si contarte pero mi jefe quedo contento con mi trabajo pero necesitaba decirlo,feliz
es que me tocó madrugar y no dormí nada y encima salio mal,triste
hoy tengo panico de que me pregunten algo en clase y ya,miedo
estoy cansado de aparentar que todo esta bien men,triste
sinceramente estoy muy angustiado con las posibilidades y no se que hacer,miedo
fijate que me borraron un comentario que tenia toda la razon la verdad,enojo
ultimamente me exigen resultados sin darme las herramientas,enojo
ultimamente estoy muy contento en este momento,feliz
se burlaron de algo que me costo decir y nadie lo entiende,enojo
honestamente no puedo creer que hayas hecho eso en serio,enojo
hoy fue mejor de lo que esperaba y me tiene mal,feliz
sinceramente me da miedo no estar preparado y eso me preocupa mucho,miedo
la verdad es que siento un miedo terrible ahora mismo y no se que hacer,miedo
estoy muy emocionado con esto de verdad,feliz
parce tengo miedo de que me rechacen si digo lo que pienso y no es facil,miedo
la verdad es que logre terminar algo que habia dejado pendiente y no es facil admitirlo,feliz
es que no tolero mas esta situacion y ya me canse,enojo
te digo que siento que todos avanzan menos yo y no se que hacer,triste
en este momento todo me fastidia,enojo
no tenemos para el arriendo este mes y ya,triste
me asusta pensar en las consecuencias,miedo
lo que pasa es que la vida esta siendo buena conmigo y eso me pesa,feliz
oye el transporte salio tardisimo y llegue tarde por eso y nadie lo sabe,enojo
en serio me copiaron el contenido y ni siquiera lo cambiaron y ya,enojo
de verdad siento una tristeza profunda que no pasa y quisiera que no fuera así,triste
me canse de esperar que las cosas cambien solas la verdad,triste
es que me dejaron hacer todo el trabajo solo y me afecta mucho,enojo
te digo que tengo miedo de decir algo y que lo malinterpreten de verdad,miedo
sinceramente me decepciono mucho lo que hiciste y ya me canse,enojo
estoy disfrutando mucho esta semana,feliz
sinceramente me cambiaron las condiciones a ultimo momento pero necesitaba decirlo,enojo
de verdad eres un maleducado sin remedio y me parece muy mal,enojo
hoy algo cambio de repente y no entiendo por que la verdad,miedo
desde ayer todo me da miedo y me afecta mucho,miedo
desde hace dias aprobe la materia que tenia perdida y quisiera que alguien me ayudara,feliz
me descuentan del sueldo cosas que no firmé y me tiene mal,enojo
fijate que me pelee con mi mejor amigo y me duele mucho la verdad,triste
honestamente me frustras mucho con eso y me parece muy mal,enojo
estoy muy bajo de animo desde entonces de verdad,triste
me mandaron de una oficina a otra sin solucion y ya,enojo
desde ayer estoy agradecido por todo y me afecta mucho,feliz
lo que pasa es que me hicieron una videollamada sorpresa y no es facil admitirlo,feliz
te juro que me echaron la culpa de lo que salio mal y me pesa cargarlo solo,enojo
honestamente me da mucha rabia lo que hiciste y no lo voy a tolerar,enojo
es que no me dejaron hablar y eso me pesa,enojo
no te miento me pelee con mi mejor amigo y me duele mucho,triste
estoy muy nervioso con esta situacion y no puedo calmarlo,miedo
la verdad es que hoy me senti comodo siendo yo mismo pero necesitaba decirlo,feliz
por fin publique lo que venia trabajando y me cuesta aceptarlo,feliz
la verdad es que me siento muy contento con el equipo sin duda,feliz
ultimamente siento que no soy tan inteligente como los demas y no se como manejarlo,triste
lo que pasa es que termine la semana sin ningun problema y me cuesta mucho,feliz
me di cuenta que nadie me busca si yo no busco y no se que hacer,triste
en serio hoy me senti muy bien conmigo mismo y no es facil,feliz
la verdad termine de pagar mi deuda sinceramente,feliz
en este momento tengo mucho miedo en este momento,miedo
ultimamente me reportaron sin motivo y me bloquearon la cuenta y me cuesta aceptarlo,enojo
para serte honesto no se si estoy listo para esto la verdad,miedo
la verdad estoy muy enojado todo el tiempo,enojo
la verdad es que que buena experiencia vivimos juntos,feliz
la verdad me angustia no tener todo claro a mi edad de verdad,miedo
mira encontre lo que buscaba y necesito que alguien me entienda,feliz
te digo que siento una soledad muy grande ahora,triste
es que me case hoy sinceramente,feliz
no puedo evitar que siento panico de enfrentar lo que viene y eso me preocupa mucho,miedo
sinceramente estoy muy enojado y me afecta mucho,enojo
en serio hicieron lo que quisieron sin preguntarme nada parce,enojo
me tiene muy intranquilo todo esto y ya,miedo
bro me angustia saber que todo queda guardado en internet,miedo
es que alguien noto que estaba bien y me lo dijo y no se como manejarlo,feliz
realmente odio esta situacion de verdad,enojo
en serio me siento realizado sinceramente,feliz
estoy en el mejor momento de mi vida en serio,feliz
es que estoy muy ido hoy no se que me pasa y no es facil,triste
tengo un presentimiento muy malo y me tiene mal,miedo
me tiene muy apagado esta situacion de verdad,triste
sinceramente siento panico cuando pienso en eso,miedo
sinceramente mi familia esta pasando un momento muy dificil la verdad,triste
sinceramente fallecio alguien cercano y nadie lo sabe,triste
en serio me da mucha pena decirle eso a la gente parce,miedo
en serio me tiene muy cansado esta gente y no puedo evitarlo,enojo
bro me dicen que me esfuerce mas cuando ya doy todo y me cuesta aceptarlo,enojo
hoy salimos a rumbear y la pase muy bien y no se que hacer,feliz
oye me usaron y despues me ignoraron y no se que hacer,enojo
todo esta fluyendo muy bien ultimamente y me afecta,feliz
es que me dejo mi novio y estoy muy mal y eso me duele,triste
te cuento que me mintieron descaradamente en la cara la verdad,enojo
hoy todo el transporte me funciono perfecto,feliz
realmente me siento nervioso en este momento,miedo
es que aprobe todas las materias este semestre,feliz
hoy tengo miedo de que todo cambie y no puedo evitarlo,miedo
oye por fin termine el proyecto la verdad,feliz
realmente esto es injusto por todo lo que paso,enojo
no se si contarte pero me eliminó de sus contactos sin decir nada y me tiene agotado,triste
hoy no alcance el cupo en la universidad publica pero bueno,triste
desde hace dias nadie me eligio para su equipo y no se como manejarlo,triste
estoy muy triste y no puedo dormir y no lo puedo superar,triste
que injusto es todo esto sin excusas,enojo
siento que las cosas nunca mejoran de verdad,triste
no te miento estoy muy molesto con lo que hicieron y eso me duele,enojo
no te miento me interrumpieron cada vez que hable pero necesitaba decirlo,enojo
en serio nadie me eligio para su equipo y no lo digo seguido,triste
mira estoy muy mamado de todo hermano,triste
sinceramente siento que voy a fallar manana sinceramente,miedo
estoy que no me la creo y no se que hacer,feliz
men me copiaron el contenido y ni siquiera lo cambiaron y no es facil,enojo
siento una pena muy grande por eso y no se como seguir,triste
mira todo tiene sentido ahora todo el tiempo,feliz
bro me comi algo rico y me alegro el dia y no se que hacer,feliz
desde ayer todo me afecta demasiado por todo lo que paso,triste
mira estoy esperando una respuesta y me tiene nervioso todo el tiempo,miedo
fijate que me siento muy lejos de ser feliz y necesito que alguien me entienda,triste
para serte honesto todo lo que construi se cayo la verdad,triste
te cuento que el transporte salio tardisimo y llegue tarde por eso y no es facil,enojo
para serte honesto no es la primera vez y eso me tiene agotado y no se que hacer,enojo
mi grupo hizo el trabajo sin contar conmigo y me afecta mucho,triste
sinceramente estoy demasiado cansado y no se que hacer,triste
en serio cambiaron las reglas sin avisarme y trato de disimularlo,enojo
sinceramente me asusta pensar en el futuro y ya,miedo
es que me hicieron fila tres horas y no me atendieron hermano,enojo
la verdad tuve que dejar mis estudios y me tiene mal,triste
es que tengo los mejores amigos otra vez,feliz
mi familia se fue a vivir lejos y me siento solo,triste
me da mucho miedo estar solo en esto,miedo
es que siento una ansiedad muy fuerte ahora de verdad,miedo
sinceramente me citaron a declarar y estoy muy nervioso la verdad,miedo
en serio estoy rodeado de gente y me siento solo y no puedo evitarlo,triste
oye me tiene muy cansado esta gente y eso me duele,enojo
mira me cansas con tanta excusa y punto,enojo
no te miento me descuentan del sueldo cosas que no firmé la verdad,enojo
no te miento me subieron el sueldo pero necesitaba decirlo,feliz
en serio tengo panico de fallar cuando todos confian en mi men,miedo
me mandaron de una oficina a otra sin solucion de verdad,enojo
lo que pasa es que no supe como responder y ahora me arrepiento y trato de disimularlo,triste
no te miento me pidieron que fuera a recursos humanos la verdad,miedo
fijate que estoy realmente indignado y es agotador,enojo
mi familia se fue a vivir lejos y me siento solo parce,triste
hoy me siento increible esta semana,feliz
ahora mismo me copiaron el trabajo y lo publicaron como propio y no es facil admitirlo,enojo
mira saque mi licencia de conducir y ya,feliz
para serte honesto no es la primera vez y eso me tiene agotado y no se como manejarlo,enojo
hoy me faltaron el respeto delante de todos pero bueno,enojo
la verdad estoy agotado emocionalmente y no se que hacer,triste
hoy no puedo mas con tanto otra vez,triste
me siento orgulloso por todo lo que paso,feliz
hoy saque mi licencia de conducir pero necesitaba decirlo,feliz
desde hace dias no duermo de la preocupacion y no puedo evitarlo,miedo
la verdad es que me invitaron a participar en un proyecto y no lo digo seguido,feliz
en serio me angustia no saber si estoy en el camino correcto,miedo
oye mi familia esta pasando un momento muy dificil pero bueno,triste
ultimamente todo me afecta demasiado todo el tiempo,triste
en serio no entendi bien el tono y eso me tiene angustiado y no lo digo seguido,miedo
oye me da muy duro enfrentar esa conversacion la verdad,miedo
mira me usaron cuando les convenia y despues nada y no puedo evitarlo,enojo
sinceramente todo me da miedo ultimamente,miedo
te cuento que me siento muy solo en esta ciudad parce,triste
mira lo que paso llevo dias aguantando esto y ya no puedo y no puedo evitarlo,enojo
en este momento tengo panico ultimamente,miedo
en serio no se si voy a poder con esto y me tiene mal,miedo
estoy muy nervioso y asustado por todo,miedo
hoy me cuesta aceptar que eso ya termino y me tiene mal,triste
mira lo que paso pude mantener una conversacion sin angustiarme y trato de disimularlo,feliz
en este momento me siento muy feliz esta semana,feliz
de verdad estoy lleno de energia y alegria,feliz
hoy termino mi carrera otra vez,feliz
no se que va a pasar con mi vida y no puedo evitarlo,miedo
oye las cosas estan saliendo como quiero,feliz
para serte honesto me cambiaron el trabajo sin consultarme y me pesa cargarlo solo,enojo
sinceramente tengo ansiedad por lo que viene ultimamente,miedo
sinceramente me bloquearon sin darme ninguna explicacion,enojo
fijate que se llevaron el credito de lo que yo hice pero no digo nada,enojo
ultimamente no tengo ganas de nada y no se que hacer,triste
la verdad me prometieron el trabajo y al final le dieron a otro y nadie lo sabe,enojo
es que me ofrecieron un mejor cargo y nadie lo entiende,feliz
oye siento que cargo con demasiado para mi edad y ya,triste
no puedo creer que me decepciono mucho lo que hiciste y me parece muy mal,enojo
la verdad me prometieron algo y no lo cumplieron y ya,enojo
sinceramente siento que la estoy embarrando en todo parce,triste
la verdad es que me decepciona mucho tu actitud y ya me canse,enojo
en este momento nada tiene sentido y me duele mucho,triste
ahora mismo tengo miedo de lo que piensen de mi la verdad,miedo
lo que pasa es que consegui el trabajo de verdad,feliz
hoy llegue a los seguidores que queria y ya,feliz
te juro que no supe como responder y ahora me arrepiento sinceramente,triste
sabes que que buena noticia para empezar el dia y estoy muy contento,feliz
te cuento que estoy con el animo muy por el piso,triste
definitivamente me siento incomodo con esto otra vez,miedo
fijate que nacio mi hija y me tiene mal,feliz
ya no me habla,triste
en serio odio esta situacion y eso empeora todo,enojo
en serio me usaron cuando les convenia y despues nada hermano,enojo
es que me toca salir tarde y me da miedo en la calle y ya,miedo
hermano me dejo mi novio y estoy muy mal pero bueno,triste
no te miento me tiene muy triste esta vuelta y ya,triste
ultimamente estoy emocionado hoy,feliz
en serio que buen trabajo hiciste hoy de verdad,feliz
oye me cayo muy bien esa persona pero bueno,feliz
mira me tiene angustiado no saber que va a pasar la verdad,miedo
fijate que me cayo del cielo esa noticia y me cuesta mucho,feliz
la verdad es que siento una tristeza que no me abandona de verdad,triste
es que me tiene muy bajoneado lo que paso,triste
sinceramente hoy hice algo que me daba mucho miedo y salio bien,feliz
hoy tengo miedo de decir algo y que lo tomen mal,miedo
hoy me preocupa haber dicho algo sin darme cuenta pero necesitaba decirlo,miedo
la verdad es que me mandaron un audio muy lindo y no lo digo seguido,feliz
sinceramente me asusta mucho lo que podria pasar y me tiene muy nervioso,miedo
realmente me duele mucho esto y me afecta mucho,triste
sinceramente compre mi primera casa y me tiene mal,feliz
te cuento que me prometieron el trabajo y al final le dieron a otro parce,enojo
hoy me cayo muy bien esa persona pero bueno,feliz
es que me dejo mi novia y estoy muy bajoneado y eso me duele,triste
honestamente me molesta mucho tu actitud y punto,enojo
sinceramente esto es injusto ultimamente,enojo
nos separamos despues de mucho tiempo y no se que hacer,triste
oye no voy a seguir aguantando esto sin excusas,enojo
es que me tiene muy angustiado esa situacion y nadie lo sabe,miedo
mira me tienen muy hastiado con lo mismo,enojo
hermano me tienen muy mamado con esa vuelta y me tiene mal,enojo
fijate que me fue de maravilla en la entrevista y no es facil,feliz
la verdad no soporto esta situacion y no se que hacer,enojo
no te miento siento que a nadie le importo la verdad,triste
no te miento quede muy contento con el resultado y eso me duele,feliz
fijate que tengo miedo de que me quiten el trabajo y no se que hacer,miedo
no puedo creer que que irresponsable eres en serio,enojo
en serio no se si estan enojados conmigo o es mi imaginacion y me tiene agotado,miedo
ultimamente sonrei todo el tiempo pero por dentro lloraba y nadie lo entiende,triste
estoy muy feliz con los resultados sin duda,feliz
no te miento siento que algo malo va a pasar,miedo
es que encontre algo que habia perdido hace tiempo bro,feliz
hoy lei el mensaje mal y arruine todo sinceramente,triste
en serio ya no esta la persona que queria y es agotador,triste
me tiene muy preocupado lo que esta pasando y no se que hacer,miedo
mira me pidieron que fuera a recursos humanos hermano,miedo
fijate que me aterra quedar mal frente a todos y no es facil,miedo
hoy todo me irrita y me afecta mucho,enojo
no se si contarte pero tengo miedo de que se den cuenta que no entiendo y no se que hacer,miedo
en serio estoy con las personas que amo,feliz
la verdad me tiene muy triste esta vuelta la verdad,triste
sinceramente no quiero mandar el audio por miedo a como sueno y eso me tiene mal,miedo
ahora mismo me preocupa no poder lograrlo,miedo
en serio me robaron el celular y estoy muy mal y me cuesta mucho,triste
oye me echaron la culpa de algo que hizo otro y me tiene mal,enojo
es que minimizaron lo que sentia y quisiera que alguien me ayudara,enojo
para serte honesto me escribieron solo para reclamarme de verdad,enojo
no se si contarte pero tengo panico de decir algo y que lo malinterpreten y no se que hacer,miedo
me siento re bien parce la verdad,feliz
sinceramente ya me canse de esto todo el tiempo,enojo
hoy nacio mi hijo y no puedo evitarlo,feliz
en serio se burlaron de mi de verdad,enojo
oye tengo miedo de que me vaya mal en las parciales de verdad,miedo
perdi tiempo en algo que no valio sinceramente,enojo
ahora mismo me hicieron esperar demasiado y no lo puedo ocultar,enojo
para serte honesto me da pavor equivocarme todo el tiempo,miedo
me da pena decirlo pero me invitaron a participar en un proyecto y no puedo evitarlo,feliz
para serte honesto me da ansiedad cuando hay silencio en la conversacion,miedo
no te miento me tiene muy apagado esta situacion,triste
parce mi familia esta pasando un momento muy dificil,triste
en serio salimos a rumbear y la pase muy bien y eso me duele,feliz
desde ayer nada tiene sentido ultimamente,triste
te cuento que hicimos una reunioncita y quedo muy buena de verdad,feliz
no te miento me dejo en visto y no respondio pero ya no puedo mas,triste
estoy muy bajo de animo desde entonces,triste
me dicen que deberia estar agradecido por poco la verdad,enojo
mira lo que paso nadie noto que algo me pasaba y me pesa cargarlo solo,triste
hoy me angustia no saber como interpretar eso y no se que hacer,miedo
me graduo este sabado y no se que hacer,feliz
en serio odio esta situacion ultimamente,enojo
fijate que no alcance el cupo en la universidad publica,triste
la verdad hoy fue un dia muy chévere de verdad,feliz
ahora mismo me preocupa el futuro desde hace dias,miedo
ultimamente tengo panico de que me pregunten algo frente a todos y no se como manejarlo,miedo
te cuento que me pone muy ansioso pensar en eso parce,miedo
lo que pasa es que hoy me senti comodo siendo yo mismo pero ya no puedo mas,feliz
te juro que me asusta no saber si voy a conseguir trabajo y ya,miedo
ahora mismo tengo ansiedad otra vez,miedo
en serio me mandaron buenas noticias por whatsapp y me cuesta mucho,feliz
mira me da una bronca tremenda y punto,enojo
me siento muy solo en esta ciudad parce,triste
el profesor me humillo frente a todos y me cuesta mucho,triste
no se si contarte pero me dieron la nota que esperaba y no se como manejarlo,feliz
oye ya no tengo fuerzas para nada y me tiene mal,triste
ultimamente todo lo que construi se cayo pero no digo nada,triste
es que vi que me sacaron de un grupo y no dije nada men,triste
ultimamente me aceptaron en la universidad pero no digo nada,feliz
oye me mandaron buenas noticias por whatsapp de verdad,feliz
fijate que me da pena que se den cuenta que no entendi la verdad,miedo
te juro que que injusto es todo esto y me parece muy mal,enojo
publico algo que me dejo muy mal pero ya no puedo mas,triste
ahora mismo termino mi carrera y no se que hacer,feliz
es que nadie me eligio para su equipo y trato de disimularlo,triste
no te miento no pude ir a la graduacion,triste
hoy fue un parche buenisimo la verdad,feliz
la verdad tengo algo importante manana y no puedo dormir,miedo
hoy el silencio de esa persona me preocupa mucho y no puedo evitarlo,miedo
ultimamente me asusta que piensen que soy raro pero necesitaba decirlo,miedo
oye ya nada es igual la verdad,triste
no te miento me hicieron sentir mal por preguntar pero bueno,enojo
definitivamente no tengo ganas de nada y me afecta mucho,triste
mira me llamaron de la empresa y no dijeron para que y me tiene mal,miedo
es que cumpli mi meta del año y nadie lo sabe,feliz
tengo ansiedad de pensar en el futuro y me cuesta aceptarlo,miedo
sinceramente me corrigieron el tono sin escuchar lo que dije y no es facil admitirlo,enojo
para serte honesto la vida esta siendo buena conmigo todo el tiempo,feliz
te digo que me salio todo bien y no me lo esperaba,feliz
es que me prometieron el trabajo y al final le dieron a otro de verdad,enojo
parce me tiene con los nervios destrozados pero bueno,miedo
hoy tengo miedo de que me rechacen si digo lo que pienso sinceramente,miedo
vieja no tenemos para el arriendo este mes y me tiene mal,triste
es que que desconsiderado eres siempre sin excusas,enojo
oye me borraron un comentario que tenia toda la razon y me afecta,enojo
te cuento que perdi tiempo en algo que no valio de verdad,enojo
te juro que minimizaron lo que sentia y nadie lo entiende,enojo
hoy estoy muy contento y agradecido y es lo mejor que me paso,feliz
la verdad es que tengo temor de que todo salga mal,miedo
te juro que me echaron la culpa de lo que salio mal,enojo
para serte honesto siento que cargue solo con todo y no se que hacer,triste
no puedo creer que me decepciona mucho tu actitud y punto,enojo
no te miento mi jefe quedo contento con mi trabajo y nadie lo entiende,feliz
sabes que me siento increiblemente bien y es lo mejor que me paso,feliz
ultimamente se rieron de como me exprese y no puedo evitarlo,enojo
me da panico enviar ese mensaje y quedar mal y no es facil,miedo
me da panico enviar ese mensaje y quedar mal bro,miedo
mira lo que paso lei el mensaje diez veces y no se como responder y me pesa cargarlo solo,miedo
hoy estoy demasiado preocupado desde hace dias,miedo
ahora mismo hoy me senti comodo siendo yo mismo y me cuesta mucho,feliz
para serte honesto me da panico equivocarme y que no me perdonen y trato de disimularlo,miedo
es que me paralizo cuando tengo que decidir otra vez,miedo
siento que algo muy importante se perdio y me duele mucho,triste
hoy siento que algo esta pasando y nadie me dice que,miedo
tengo panico ultimamente,miedo
fijate que tengo una entrevista y me muero del susto y necesito que alguien me entienda,miedo
siento una angustia que no me deja dormir y me tiene muy nervioso,miedo
ahora mismo hoy amaneci con mucha energia,feliz
no se me dicen que deberia estar agradecido por poco de verdad,enojo
ultimamente no tengo con quien hablar otra vez,triste
siento una pena muy honda en mi y me duele mucho,triste
es que hablaron de algo que yo no sabia y me senti excluido y no lo digo seguido,triste
sinceramente me siento vacio por todo lo que paso,triste
te digo que estoy muy angustiado con las noticias de hoy,miedo
en serio siento que no soy tan inteligente como los demas y nadie lo entiende,triste
definitivamente tengo mucho miedo otra vez,miedo
te juro que que situacion tan frustrante esta de verdad,enojo
la verdad ya no quiero esforzarme y no se que hacer,triste
fijate que me tiene muy irritado todo esto y me cuesta mucho,enojo
hoy me tiene muy enojado esa situacion y me cuesta mucho,enojo
en serio tengo miedo de mandar ese mensaje y que lo tomen mal y no lo digo seguido,miedo
te juro que no se si actue bien y eso no me deja tranquilo pero necesitaba decirlo,miedo
te cuento que saque mi licencia de conducir y ya,feliz
en este momento ya no tengo ganas por todo lo que paso,triste
no te miento tengo una entrevista y me muero del susto y me afecta mucho,miedo
me irritas con ese comportamiento y punto,enojo
hoy estoy muy contento y eso me alegra,feliz
siento que estoy muy solo en todo esto,triste
ahora mismo me siento destruido y me duele mucho,triste
vieja no me puedo quitar esa preocupacion de encima la verdad,miedo
en serio me copiaron el contenido y ni siquiera lo cambiaron la verdad,enojo
ultimamente me preocupa el futuro todo el tiempo,miedo
sinceramente esto es injusto,enojo
para serte honesto me da miedo pedir ayuda y ya,miedo
la verdad es que que suerte tan grande la mia en serio,feliz
lo que pasa es que me enferma tu comportamiento y ya me canse,enojo
no te miento compre mi primer carro,feliz
oye me tiene muy intranquilo todo esto y ya,miedo
te cuento que me pusieron obstaculos que no tenian sentido y no se que hacer,enojo
me dejo mi novio y estoy muy mal y me tiene mal,triste
ya nada es igual y ya,triste
es que hoy me senti comodo siendo yo mismo,feliz
en serio ya les dije mil veces y no cambia nada y no lo digo seguido,enojo
la verdad es que tengo panico de no saber como actuar en esa situacion y nadie lo entiende,miedo
fijate que me excluyeron de la decision sin explicacion,enojo
sabes que me siento muy feliz con mi familia y no lo puedo creer,feliz
fijate que vi algo que me dejo muy intranquilo de verdad,miedo
me pone muy feliz lo que dijiste y estoy muy agradecido,feliz
es que me da miedo no poder controlarlo y no puedo calmarlo,miedo
mira me frustra muchisimo esto y eso no esta bien,enojo
me prometieron que no volveria a pasar y me afecta mucho,enojo
me robaron la moto y estoy mal,enojo
me quede sin trabajo y no se que hacer,triste
me tocó pagar una multa que no era justa y no es facil,enojo
hermano me puse muy feliz con eso parce y ya,feliz
bro cumpli la meta que me habia puesto la verdad,feliz
hoy estoy realmente indignado y es agotador,enojo
ultimamente siempre me pasa lo mismo con las mismas personas y no se como manejarlo,enojo
no te miento me da ansiedad conocer gente nueva todo el tiempo,miedo
parce me dieron una sorpresa muy bonita hoy y ya,feliz
fijate que esto me parece una falta de respeto total y eso me pesa,enojo
oye las cosas ya no son como antes de verdad,triste
es que siento un temor constante que no desaparece,miedo
hoy me tiene con los nervios destrozados y me tiene mal,miedo
no te miento me pidieron algo de ultimo momento y trato de disimularlo,enojo
realmente me siento inseguro en este momento,miedo
no te miento tengo miedo de que mi respuesta suene agresiva sinceramente,miedo
me da terror lo que pueda pasar despues y me tiene muy nervioso,miedo
sinceramente me da pena hablar en publico y manana me toca y no se que hacer,miedo
es que que mal comportamiento tienes,enojo
sinceramente siento que algo malo va a pasar sinceramente,miedo
en serio me cobraron de mas sin avisar y no puedo evitarlo,enojo
no te miento perdi una oportunidad importante y ya,triste
estoy muy asustado con lo que dijiste y no se que hacer,miedo
hoy fue un dia muy chévere de verdad,feliz
en serio hoy hice algo que me daba mucho miedo y salio bien y me cuesta aceptarlo,feliz
la verdad ya no quiero hablar esta semana,triste
me duele mucho lo que esta pasando y no lo puedo superar,triste
te juro que tengo miedo de que se den cuenta que no entiendo de verdad,miedo
siento un miedo terrible ahora mismo y no se que hacer,miedo
definitivamente me siento increible con todo lo que paso,feliz
fijate que no alcance el cupo en la universidad publica de verdad,triste
no puedo creer que me decepciono mucho lo que hiciste,enojo
no te miento sali del pais por primera vez y nadie lo sabe,feliz
desde hace dias no se si actue bien y eso no me deja tranquilo pero necesitaba decirlo,miedo
me duele el alma otra vez,triste
siento que no le importo a nadie de verdad y nadie lo entiende,triste
definitivamente estoy cansado mentalmente,triste
la verdad se fue mi gato hoy,triste
hoy me copiaron el trabajo y lo publicaron como propio y eso me tiene mal,enojo
estoy muy decaido y no quiero hablar y quisiera que no fuera así,triste
ahora mismo ya no se que hacer,triste
en serio me toco el dia libre y ya,feliz
en serio siento que el miedo no me deja avanzar y necesito que alguien me entienda,miedo
hoy odio esta situacion y no se que hacer,enojo
hoy me cayo del cielo esa noticia y ya,feliz
vieja salimos a rumbear y la pase muy bien y no se que hacer,feliz
sinceramente se llevaron el credito de lo que yo hice y no se que hacer,enojo
es que me llamaron de la empresa y no dijeron para que,miedo
bro siento que cargo con demasiado para mi edad men,triste
fijate que quede encantado con como salio todo y no se que hacer,feliz
desde hace dias no puedo mas con tanto y no puedo evitarlo,triste
te cuento que me mandaron de una oficina a otra sin solucion y me afecta,enojo
oye me da miedo pedir ayuda y me afecta mucho,miedo
en serio me fallaron cuando mas los necesitaba y me afecta mucho,triste
para serte honesto me da miedo ir al medico y me afecta mucho,miedo
tengo miedo de que se den cuenta que no entiendo y eso me tiene mal,miedo
lo que es cierto es que que buen momento para estar feliz y estoy muy agradecido,feliz
oye me canse de ser el que siempre aguanta pero bueno,triste
hoy mi equipo gano hoy y estoy feliz hermano,feliz
fijate que me rindo de intentarlo otra vez,triste
oye me asusta no saber si voy a conseguir trabajo y no se que hacer,miedo
oye me rindo de intentarlo y eso me pesa,triste
ahora mismo me angustia no saber como interpretar eso y me cuesta mucho,miedo
hoy no estudie suficiente para esto la verdad,miedo
no te miento tengo miedo de mandar ese mensaje y que lo tomen mal y quisiera que alguien me ayudara,miedo
ahora mismo tengo miedo de fallar por todo lo que pasa,miedo
te digo que me asusta no saber si voy a conseguir trabajo la verdad,miedo
desde hace dias dije algo que no quise decir y no se como explicarlo y no se que hacer,triste
oye me bloqueo sin darme una explicacion y nadie lo entiende,triste
no te miento me cambiaron las condiciones a ultimo momento y no puedo evitarlo,enojo
en serio pase el dia en cama y ya,triste
mira me toca salir tarde y me da miedo en la calle hermano,miedo
para serte honesto consegui el trabajo y me afecta mucho,feliz
la verdad me da demasiada rabia y eso empeora todo,enojo
ultimamente me prometieron que no volveria a pasar y me cuesta mucho,enojo
fijate que vi algo que me dejo muy intranquilo,miedo
me da pena decirlo pero pude mantener una conversacion sin angustiarme y trato de disimularlo,feliz
es que tengo miedo de decir algo fuera de lugar y me afecta mucho,miedo
de verdad me siento muy mal emocionalmente,triste
no te miento manana tengo una prueba importante y estoy nervioso y eso me pesa,miedo
fijate que perdi una oportunidad importante y es agotador,triste
parce estoy muy nervioso con esa vuelta de verdad,miedo
en serio me da susto pedir el favor porque me da pena y no es facil,miedo
realmente todo salio perfecto y me afecta mucho,feliz
sinceramente tengo miedo de fallar todo el tiempo,miedo
hoy me rechazaron y duela mucho y eso me pesa,triste
fijate que estoy con las personas que amo y no puedo evitarlo,feliz
ultimamente siento que no tengo proposito,triste
para serte honesto me quede callado cuando debi haber hablado sinceramente,triste
en serio estoy muy asustado con lo que puede pasar la verdad,miedo
te cuento que nadie entendio como me sentia la verdad,triste
desde hace dias estoy demasiado angustiado para pensar y es agotador,miedo
vieja me tiene muy cansado esta gente,enojo
realmente todo esta mejorando por todo lo que paso,feliz
la verdad me cuesta aceptar que eso ya termino,triste
men cumpli la meta que me habia puesto y ya,feliz
en serio me bloqueo sin darme una explicacion y eso me tiene mal,triste
hoy fue un mal dia otra vez,triste
te cuento que ya no hablo con mi parcero de toda la vida,triste
realmente hoy fue maravilloso y me afecta mucho,feliz
la verdad es que siempre me pasa lo mismo con las mismas personas y no se como manejarlo,enojo
ahora mismo estoy disfrutando mucho y eso me alegra,feliz
no te miento me siento muy achantado hoy de verdad,triste
mira me siento muy desconectado de todo y de todos,triste
que buena noticia me alegra el dia sin duda,feliz
parce me sacaron de la jugada sin ninguna explicacion la verdad,enojo
no te miento algo cambio de repente y no entiendo por que,miedo
te digo que me angustia pensar que quiza elegi mal mi carrera pero bueno,miedo
el medico me dijo que necesita hablar conmigo y me tiene mal,miedo
la verdad me mandaron un mensaje raro y no entiendo que quieren pero necesitaba decirlo,miedo
hoy me toco irme del barrio que queria y no puedo evitarlo,triste
me tienes harto de verdad,enojo
hoy tengo miedo de decir algo fuera de lugar de verdad,miedo
es que me cobraron mas de lo que decia el precio parce,enojo
la verdad es que sonrei todo el tiempo pero por dentro lloraba y no se que hacer,triste
no se si actue bien y eso no me deja tranquilo sinceramente,miedo
oye me da una ira terrible y eso no esta bien,enojo
en serio me frustra muchisimo esto y punto,enojo
no te miento me dijeron que cambie como si estuviera mal ser yo y no se como manejarlo,triste
lo que es cierto es que me siento muy bien por todo,feliz
es que me llamaron de la empresa y no dijeron para que parce,miedo
es que me hablaron muy mal y me afecta mucho,enojo
sinceramente nada de lo que hago vale la pena otra vez,triste
lo que pasa es que el profesor me felicito por el trabajo y trato de disimularlo,feliz
fijate que manana tengo una prueba importante y estoy nervioso y no lo puedo ocultar,miedo
bro no puedo creer que hayan hecho eso y me afecta,enojo
es que tengo panico de decir algo y que lo malinterpreten y no se que hacer,miedo
para serte honesto me siento completo y eso me pesa,feliz
sinceramente mi familia se fue a vivir lejos y me siento solo pero bueno,triste
te juro que tengo miedo de que se den cuenta que no entiendo y me afecta mucho,miedo
me dejaron plantado y ni se disculparon y eso me duele,enojo
ahora mismo estoy emocionado ultimamente,feliz
fijate que no duermo de la preocupacion,miedo
fijate que me tienen muy hastiado con lo mismo de verdad,enojo
me tiene muy molesto que nadie haga nada bro,enojo
siento una inquietud que no me deja tranquilo de verdad,miedo
la verdad es que siento que algo esta muy mal y me asusta y me tiene muy nervioso,miedo
sabes que que buen resultado tuvimos hoy sin duda,feliz
lo logré,feliz
fijate que llevo dias aguantando esto y ya no puedo sinceramente,enojo
realmente estoy agotado emocionalmente ultimamente,triste
siento que me quede atras de verdad,triste
que noticia tan buena me dieron y estoy muy contento,feliz
ahora mismo me dieron la beca sinceramente,feliz
no te miento hoy no tuve que fingir que estaba bien y trato de disimularlo,feliz
desde ayer todo esta empeorando todo el tiempo,triste
lo que es cierto es que me hace muy bien sentirme asi en serio,feliz
sinceramente me pelee con mi mejor amigo y me duele mucho parce,triste
sabes que que dia tan especial fue hoy y es lo mejor que me paso,feliz
oye me subieron el sueldo y me cuesta mucho,feliz
te juro que entregue el proyecto a tiempo y no se como manejarlo,feliz
hoy tuve que fingir que estaba bien toda la noche y me afecta mucho,triste
para serte honesto me preocupa no poder lograrlo sinceramente,miedo
estoy agradecido por todo y me afecta mucho,feliz
mira lo que paso tengo miedo de que mi respuesta suene agresiva,miedo
es que tengo ansiedad de aparecer en camara la verdad,miedo
oye mi abuelo ya no esta y me tiene mal,triste
ultimamente me tiene muy irritado todo lo que esta pasando,enojo
mira fuimos a la finca y fue muy bacano pero bueno,feliz
es que no puedo con esta rabia que siento,enojo
la verdad todo esta funcionando bien en este momento,feliz
lo que pasa es que todo esta mal organizado y me tiene mal,enojo
lo que pasa es que tengo miedo de que todo cambie la verdad,miedo
hoy tengo un presentimiento muy malo y es agotador,miedo
de verdad eres increiblemente irresponsable,enojo
tengo panico de que algo malo pase y no se que hacer,miedo
fijate que me pone muy nervioso tener que dar explicaciones y no puedo evitarlo,miedo
es que ya no somos lo que eramos y eso me entristece,triste
parce me tiene muy intranquilo todo esto,miedo
fijate que manana tengo una prueba importante y estoy nervioso pero no digo nada,miedo
hoy me hicieron perder el tiempo de verdad,enojo
te cuento que no alcance el cupo en la universidad publica la verdad,triste
me siento excelente,feliz
fijate que me bloqueo sin darme una explicacion y no lo digo seguido,triste
la verdad no se si voy a poder con lo que viene y ya,miedo
fijate que estoy con las personas que amo la verdad,feliz
mira aprobe todas las materias este semestre pero bueno,feliz
la verdad es que eso estuvo muy mal de tu parte,enojo
tengo miedo de caerle mal sin querer y me cuesta mucho,miedo
definitivamente todo me hace enojar y no se que hacer,enojo
sinceramente perdi tiempo en algo que no valio y no lo puedo ocultar,enojo
mira me decepciono mucho lo que hiciste y eso no esta bien,enojo
tengo un mal presentimiento con eso y ya,miedo
es que tengo mucho temor de lo que viene y eso me preocupa mucho,miedo
me pone muy nervioso tener que dar explicaciones y no es facil,miedo
te juro que me prometieron que no volveria a pasar de verdad,enojo
te juro que no se para donde voy y eso me asusta y me pone triste y ya,triste
me siento muy agradecido con la vida y estoy muy agradecido,feliz
lo que pasa es que me ignoraron completamente y me tiene mal,enojo
sinceramente me siento feliz hoy,feliz
hoy me salio el negocio que queria y no puedo evitarlo,feliz
siento que se me acaba el tiempo y nadie lo sabe,miedo
mira lo que paso cambiaron las reglas sin avisarme pero ya no puedo mas,enojo
siento una tristeza profunda que no pasa,triste
me tocó repetir el tramite porque perdieron mis papeles y no es facil,enojo
no se que va a pasar todo el tiempo,miedo
ahora mismo no quiero salir solo ultimamente,miedo
desde hace dias me dijeron que exageraba y trato de disimularlo,enojo
estoy muy feliz con el camino que tome y no lo puedo creer,feliz
hoy estoy agotado emocionalmente,triste
hoy hicimos una reunioncita y quedo muy buena,feliz
no te miento me aterra quedar mal frente a todos pero bueno,miedo
es que me mandaron un audio muy lindo y no puedo evitarlo,feliz
es que siento que el tiempo se me acaba y no he hecho nada y me afecta,miedo
lo que pasa es que ya no aguanto esta situacion y no puedo evitarlo,enojo
realmente tengo panico esta semana,miedo
es que perdi mi trabajo hoy y nadie lo sabe,triste
hoy hoy fue un dia increible de verdad y no se que hacer,feliz
la verdad me regalaron algo que queria hace mucho,feliz
tengo miedo de que las cosas empeoren y no se que hacer,miedo
en este momento me siento lleno de energia y me encanta,feliz
fijate que entregue el proyecto a tiempo pero ya no puedo mas,feliz
realmente estoy cansado mentalmente y me afecta mucho,triste
hoy me tocó repetir el tramite porque perdieron mis papeles y no es facil,enojo
la verdad me hicieron perder el tiempo y estoy cansado,enojo
oye hoy me senti muy bien conmigo mismo de verdad,feliz
hoy tuve que fingir que estaba bien toda la noche y no es facil admitirlo,triste
dijeron mentiras sobre mi en redes,enojo
en serio que buena noticia me dieron hoy de verdad,feliz
definitivamente todo me irrita ultimamente,enojo
en serio tengo miedo de tomar una decision y que salga mal men,miedo
hoy me dicen que deberia estar agradecido por poco y nadie lo entiende,enojo
en serio vi que me sacaron de un grupo y no dije nada y ya,triste
mira hoy descanse bien por primera vez en mucho tiempo y nadie lo entiende,feliz
la verdad es que me mandaron un mensaje muy agresivo y trato de disimularlo,enojo
ahora mismo me siento feliz ultimamente,feliz
es que nada me salio bien hoy y ya,enojo
sinceramente me preocupa el futuro esta semana,miedo
te cuento que no se si voy a poder con lo que viene y no puedo evitarlo,miedo
la verdad me da miedo no estar a la altura de lo que se espera y me afecta,miedo
en serio nadie me escucha,triste
vieja mi familia se fue a vivir lejos y me siento solo hermano,triste
en serio me dieron la beca otra vez,feliz
la verdad por fin me compre lo que queria de verdad,feliz
la verdad estoy con una nota hoy pero bueno,feliz
no te miento me da miedo ir al medico la verdad,miedo
en este momento todo esta saliendo bien y me encanta,feliz
no te miento me pusieron en evidencia en un grupo y no se como manejarlo,enojo
te cuento que me echaron sin explicacion la verdad,triste
vieja tengo un mal presentimiento con eso pero bueno,miedo
ahora mismo el profesor me humillo frente a todos y no se que hacer,triste
no te miento ya no somos lo que eramos y eso me entristece,triste
que descaro tan grande el de esa gente parce,enojo
hermano me tiene muy irritado todo esto y eso me duele,enojo
me siento increible todo el tiempo,feliz
de verdad siento una tristeza que no puedo superar,triste
mira lo que paso siento que no soy tan inteligente como los demas de verdad,triste
siento que todo el mundo sigue y yo me quede quieto y ya,triste
vieja me citaron a declarar y estoy muy nervioso y no puedo evitarlo,miedo
sabes que me alegra mucho el resultado final en serio,feliz
men me angustia saber que todo queda guardado en internet,miedo
hoy me tocó madrugar y no dormí nada y encima salio mal la verdad,triste
hoy me angustia saber que todo queda guardado en internet,miedo
hermano tengo miedo de que me rechacen si digo lo que pienso y no se que hacer,miedo
para serte honesto hoy no tengo que trabajar otra vez,feliz
en serio que mal comportamiento tienes en serio,enojo
ahora mismo me angustia no saber como interpretar eso,miedo
en serio me llegó una carta del juzgado y no se que es y ya,miedo
ahora mismo me siento motivado y eso me alegra,feliz
desde ayer quiero estar solo en este momento,triste
estoy muy asustado con lo que puede pasar,miedo
oye tengo miedo de decepcionar a todos y me afecta mucho,miedo
hoy me cobraron de mas y no me quieren devolver pero necesitaba decirlo,enojo
sinceramente me hicieron perder un dia entero y ya,enojo
hoy llegue a tiempo a todo y no se que hacer,feliz
fijate que quede muy contento con el resultado,feliz
hoy me toco vender el carro que tanto queria de verdad,triste
te digo que estoy muy satisfecho con todo lo hecho,feliz
me dijeron que era mi culpa cuando no lo era,enojo
te digo que estoy muy emocionado con lo que viene de verdad,feliz
no te miento me preocupa haber dicho algo sin darme cuenta y no se que hacer,miedo
sinceramente me regalaron algo que queria hace mucho pero necesitaba decirlo,feliz
hoy estoy temblando de nervios por todo lo que paso,miedo
la verdad me faltaron el respeto delante de todos y no se que hacer,enojo
me dejo mi novia y estoy muy bajoneado y no puedo evitarlo,triste
te cuento que me da miedo pedir ayuda y me tiene mal,miedo
te digo que estoy muy apenado con lo que paso,triste
sinceramente siento una rabia horrible ahora mismo sin excusas,enojo
bro me canse de esperar que las cosas cambien solas,triste
realmente me siento vacio ultimamente,triste
todo esta fluyendo muy bien ultimamente bro,feliz
en serio me fue de maravilla en la entrevista pero bueno,feliz
te digo que siento una tristeza muy grande ahora y me duele mucho,triste
te cuento que me usaron y despues me ignoraron la verdad,enojo
oye ya nada es igual de verdad,triste
no te miento me senti aceptado como soy y quisiera que alguien me ayudara,feliz
en este momento me siento sin energia otra vez,triste
no te miento mi mejor amigo se fue para otro pais y no puedo evitarlo,triste
fijate que perdi tiempo en algo que no valio la verdad,enojo
es que cumpli mi meta del año sinceramente,feliz
sinceramente perdi la materia que mas me esforcé y trato de disimularlo,triste
fijate que manana es el dia y no estoy listo y ya,miedo
me cancelaron la cita sin avisar la verdad,enojo
no te miento usaron lo que les conte en mi contra pero ya no puedo mas,enojo
te digo que me alegra mucho saber eso en serio,feliz
es que me da ansiedad cuando hay silencio en la conversacion y trato de disimularlo,miedo
que falta de respeto tan grande,enojo
la verdad me hicieron perder el tiempo en este momento,enojo
ultimamente me pusieron en evidencia en un grupo y me cuesta mucho,enojo
no puedo creer que que estupidez lo que hiciste,enojo
oye me preocupa no poder lograrlo otra vez,miedo
hoy fue exactamente lo que necesitaba la verdad,feliz
en serio me fue muy mal en el examen y no se como manejarlo,triste
de verdad me siento muy decaido en este momento y me duele mucho,triste
me da mucho miedo estar solo en esto y no se que hacer,miedo
estoy muy nervioso con esa vuelta y eso me duele,miedo
la verdad me graduo el sabado en el paraninfo y ya,feliz
mira lo que paso tengo miedo de que no me entiendan y nadie lo entiende,miedo
ultimamente todo tiene sentido ahora y no se que hacer,feliz
es que me ignoraron cuando tenia toda la razon,enojo
parce estoy muy mamado de todo,triste
es que me eliminaron del grupo sin decir nada bro,enojo
no se si contarte pero tengo miedo de que mi respuesta suene agresiva y me afecta mucho,miedo
definitivamente todo esta saliendo bien con todo lo que paso,feliz
me irritas con ese comportamiento y eso no esta bien,enojo
hoy me fallaron cuando mas los necesitaba todo el tiempo,triste
siento una melancolia muy grande ahora y no se como seguir,triste
hoy mi abuelo ya no esta,triste
la verdad es que estoy muy asustado con lo que se avecina y no se que hacer,miedo
fijate que me tiene muy angustiado esa situacion y no es facil,miedo
ya no hablo con mi parcero de toda la vida y ya,triste
no te miento me reconocieron el esfuerzo en el trabajo y trato de disimularlo,feliz
la verdad es que pude decir lo que sentia sin miedo y me afecta mucho,feliz
en serio me pusieron el visto y luego respondieron bien,feliz
en serio siento que no soy suficiente de verdad,triste
la verdad estoy temblando de nervios por todo lo que paso,miedo
en serio siento que el miedo no me deja avanzar la verdad,miedo
que buena experiencia vivimos juntos sin duda,feliz
la verdad estoy harto de todo todo el tiempo,enojo
es que todo el mundo sigue y yo estoy quieto y no se que hacer,triste
no puedo creer que eso estuvo muy mal hecho en serio,enojo
ahora mismo me salio rico lo que cocine de verdad,feliz
en este momento tengo miedo de fallar ultimamente,miedo
desde ayer me siento vulnerable,miedo
es que me quede sin trabajo y no se que hacer pero bueno,triste
ahora mismo alguien noto que estaba bien y me lo dijo y me pesa cargarlo solo,feliz
ahora mismo me fue muy mal en el examen y me cuesta mucho,triste
bro me canse de ser el que siempre aguanta,triste
te cuento que estoy muy mamado de todo,triste
me tiene muy intranquilo todo esto la verdad,miedo
en serio me preocupa haber dicho algo sin darme cuenta pero necesitaba decirlo,miedo
mira siento que las cosas mejoran de verdad,feliz
sinceramente fallecio alguien cercano,triste
oye siento que estoy de mas pero no digo nada,triste
oye me piden experiencia para un trabajo de principiante,enojo
parce estoy con una nota hoy y no es facil,feliz
no se si contarte pero el profesor me felicito por el trabajo y me pesa cargarlo solo,feliz
tengo miedo de que las cosas cambien de repente y eso me tiene mal,miedo
me angustia no saber si estoy en el camino correcto y me afecta,miedo
hoy me critican las decisiones sin conocer mi situacion de verdad,enojo
desde ayer me siento vacio ultimamente,triste
oye mi abuela ya no esta,triste
mira me angustia no tener todo claro a mi edad y ya,miedo
hoy me da terror que noten que estoy nervioso y me pesa cargarlo solo,miedo
desde hace dias nadie me eligio para su equipo pero ya no puedo mas,triste
hoy estoy apostando todo a esto y ya,miedo
la verdad tengo miedo de que sea algo grave y no lo puedo ocultar,miedo
me da mucha rabia lo que hiciste y eso no esta bien,enojo
ahora mismo no tuve ganas de comer y es agotador,triste
vieja me da pena que se den cuenta que no entendi y no puedo evitarlo,miedo
hoy todo tiene sentido ahora y eso me pesa,feliz
lo que pasa es que tengo panico de que me pregunten algo frente a todos y no puedo evitarlo,miedo
es que tengo miedo de no tener a nadie conmigo de verdad,miedo
definitivamente tengo ansiedad y me afecta mucho,miedo
la verdad siento que estoy de mas y necesito que alguien me entienda,triste
ultimamente me siento desconectado de todo y no lo puedo ocultar,triste
ultimamente no se si lo que estoy haciendo es lo correcto,miedo
te digo que me siento muy bien con lo que hice sin duda,feliz
en serio siento un dolor emocional muy grande,triste
desde ayer me siento nervioso y eso me preocupa,miedo
perdi mi negocio y no se como seguir y ya,triste
te juro que me tienes harto de verdad,enojo
hermano estoy muy bravo con lo que paso y me tiene mal,enojo
me gane una chamba buenisima y ya,feliz
en este momento me siento nervioso y no puedo dormir,miedo
sinceramente tengo mucho miedo desde hace dias,miedo
realmente ya no se que hacer,triste
lo que pasa es que me cansas con tanta excusa y no lo voy a tolerar,enojo
en serio alguien noto que estaba bien y me lo dijo,feliz
en serio estoy demasiado molesto y eso empeora todo,enojo
mira me siento muy achantado hoy la verdad,triste
la verdad es que me da ansiedad cuando hay silencio en la conversacion y no lo digo seguido,miedo
oye que estupidez lo que hiciste y me parece muy mal,enojo
te cuento que me tiene muy preocupado lo que esta pasando de verdad,miedo
ultimamente me fui de la reunion antes porque no podia mas y me afecta mucho,triste
mira tengo miedo de embarrarla con esa decision y eso me duele,miedo
en serio siento una tristeza que me invade todo de verdad,triste
realmente me siento increible con todo lo que paso,feliz
no se que va a pasar desde hace dias,miedo
tengo miedo de que me vaya mal en las parciales de verdad,miedo
la verdad es que publicaron algo mio sin pedirme permiso y no puedo evitarlo,enojo
te cuento que me mintieron en mi cara de verdad,enojo
mira me tiene muy cansado esta gente la verdad,enojo
la verdad hoy todo el transporte me funciono perfecto la verdad,feliz
estoy muy satisfecho con todo lo hecho sin duda,feliz
hoy tengo los mejores amigos y me afecta mucho,feliz
ultimamente siento demasiado temor en este momento,miedo
ahora mismo estoy demasiado angustiado para pensar y no lo puedo ocultar,miedo
ahora mismo ya les dije mil veces y no cambia nada de verdad,enojo
la verdad me hablaron como si fuera tonto,enojo
mira siento que finjo estar bien tan seguido que ya ni se bro,triste
hoy quede encantado con como salio todo y no es facil,feliz
hoy me tiene con los nervios destrozados pero bueno,miedo
sinceramente no aguanto mas y me afecta mucho,enojo
ahora mismo no se si ese mensaje significaba lo que creo de verdad,miedo
mira siento que no soy suficiente,triste
fijate que me hicieron sentir que molestaba y ya,enojo
te cuento que mi pareja me sorprendio todo el tiempo,feliz
es que estoy muy bravo con lo que paso y eso me duele,enojo
me siento muy feliz con mi familia y es lo mejor que me paso,feliz
sinceramente no soporto esta situacion,enojo
te cuento que me dejaron esperando sin explicacion y no puedo evitarlo,enojo
en serio se burlaron de mi otra vez,enojo
ahora mismo me mintieron en mi cara de verdad,enojo
ultimamente me quede callado cuando debi haber hablado y no se que hacer,triste
desde ayer todo me pone mal ultimamente,triste
definitivamente estoy muy contento,feliz
lo que pasa es que estoy esperando una respuesta y me tiene nervioso y no puedo evitarlo,miedo
desde ayer me siento tranquilo y feliz,feliz
ahora mismo publico algo que me dejo muy mal de verdad,triste
la verdad es que mi jefe quedo contento con mi trabajo y me afecta mucho,feliz
hoy me estan ocultando algo y eso me pone nervioso la verdad,miedo
me produce rabia pensar en lo que hiciste,enojo
vieja me toco vender el carro que tanto queria,triste
te digo que me siento muy mal emocionalmente y no lo puedo superar,triste
fijate que me da muy duro enfrentar esa conversacion hermano,miedo
oye no hubo trafico hoy y me afecta mucho,feliz
oye siempre me pasa lo mismo con las mismas personas y quisiera que alguien me ayudara,enojo
ahora mismo dije algo que no quise decir y no se como explicarlo y no lo digo seguido,triste
en este momento estoy muy preocupado,miedo
lo que pasa es que me siento muy mal emocionalmente,triste
oye no voy a tolerar esto mas y ya me canse,enojo
definitivamente odio esta situacion y no se que hacer,enojo
parce tengo miedo de que me quiten el trabajo y nadie lo sabe,miedo
hoy que buena noticia me dieron hoy,feliz
te cuento que no puedo dejar de preocuparme la verdad,miedo
hoy termine mi tesis y ya,feliz
hoy me bloquearon sin darme ninguna explicacion de verdad,enojo
sinceramente por fin me salio el pasaporte y no puedo evitarlo,feliz
sinceramente me siento vacio,triste
la verdad hoy me vi bien en el espejo y me gusto y no se que hacer,feliz
lo que es cierto es que me siento muy contento con el equipo,feliz
en serio ya no hablo con mi parcero de toda la vida,triste
hoy todo el mundo sigue y yo estoy quieto y ya,triste
tengo un miedo muy grande en este momento y no puedo calmarlo,miedo
estoy muy nervioso y asustado y eso me preocupa mucho,miedo
te cuento que fallecio alguien cercano y me tiene mal,triste
sinceramente siento que todo el mundo sigue y yo me quede quieto y no se que hacer,triste
ultimamente siento que todos avanzan menos yo y me tiene pensando mucho,triste
es que me embargaron la cuenta y no entiendo por que,miedo
hoy me tocó repetir el tramite porque perdieron mis papeles y eso me duele,enojo
oye salimos a rumbear y la pase muy bien,feliz
hoy me siento decepcionado otra vez,triste
realmente estoy agotado emocionalmente,triste
es que estoy muy ilusionado con lo que viene y ya,feliz
sinceramente hoy me senti comodo siendo yo mismo y no lo digo seguido,feliz
mira todo el mundo esta en planes y yo solo en casa,triste
en serio perdi algo muy importante y no lo puedo ocultar,triste
la verdad quede muy contento con el resultado pero bueno,feliz
sinceramente tengo miedo de que no me entiendan de verdad,miedo
sinceramente me pone muy nervioso hablar en publico y me afecta mucho,miedo
la verdad me faltaron el respeto delante de todos y no es facil,enojo
hoy siento que estoy decepcionando a todos y me cuesta aceptarlo,triste
la verdad estoy esperando una respuesta y me tiene nervioso y me afecta mucho,miedo
la verdad me siento inseguro todo el tiempo,miedo
no te miento me cancelaron a ultimo momento sinceramente,enojo
no se me salio el primer cliente,feliz
para serte honesto me dejaron hacer todo el trabajo solo pero no digo nada,enojo
desde hace dias me canse de pedir lo mismo sin resultado y no se como manejarlo,enojo
para serte honesto dije algo que no quise decir y no se como explicarlo y eso me tiene mal,triste
eres una persona muy egoista y ya me canse,enojo
la verdad es que tuve que fingir que estaba bien toda la noche y me cuesta mucho,triste
fijate que me dejo mi novia y estoy muy bajoneado,triste
no te miento me dieron el trabajo que queria y me tiene mal,feliz
te digo que estoy muy feliz con el camino que tome en serio,feliz
recibi buenas noticias ultimamente,feliz
hoy me mandaron un mensaje raro y no entiendo que quieren y ya,miedo
me fui de la reunion antes porque no podia mas y no es facil admitirlo,triste
en serio estoy muy contento con el resultado,feliz
hoy me preocupa no poder pagar el arriendo el otro mes y eso me duele,miedo
la verdad me cambiaron el turno sin avisarme y me tiene mal,enojo
lo que pasa es que hoy fui honesto y salio bien de verdad,feliz
desde hace dias pude mantener una conversacion sin angustiarme y no se como manejarlo,feliz
hermano siento que todo el mundo sigue y yo me quede quieto y ya,triste
es que me pagan mal y me exigen demasiado y nadie lo entiende,enojo
la verdad estoy muy cansado de lucharla solo,triste
te juro que tengo miedo de decir algo fuera de lugar y me pesa cargarlo solo,miedo
te juro que me excluyeron de la decision sin explicacion sinceramente,enojo
estoy muy ilusionado con lo que viene todo el tiempo,feliz
la verdad me cobraron de mas sin avisar,enojo
ultimamente todos parecen entender menos yo pero necesitaba decirlo,triste
oye me ignoraron durante horas y no puedo evitarlo,enojo
sinceramente me pusieron en evidencia en un grupo y eso me tiene mal,enojo
fijate que extraño mucho a las personas que ya no estan y ya,triste
en serio tengo miedo de que me rechacen si digo lo que pienso y eso me tiene mal,miedo
te cuento que me echaron la culpa de algo que hizo otro pero bueno,enojo
me dijeron que era mi culpa cuando no lo era y me tiene mal,enojo
en serio estoy muy triste con lo que paso y quisiera que no fuera así,triste
que maravilloso momento estoy viviendo y es lo mejor que me paso,feliz
tengo un miedo horrible que no me deja y eso me preocupa mucho,miedo
desde hace dias todo lo que construi se cayo otra vez,triste
oye no tuve ganas de comer,triste
mira me pidieron que fuera a recursos humanos de verdad,miedo
sinceramente me canse de pedir lo mismo sin resultado y me cuesta mucho,enojo
fijate que consegui apartamento en arriendo bien precio pero bueno,feliz
no te miento siento que todo el mundo sigue y yo me quede quieto pero bueno,triste
de verdad siento una soledad muy grande ahora,triste
mira me toco dejar los estudios por plata y ya,triste
ahora mismo nada tiene sentido otra vez,triste
en serio prometieron y no cumplieron,enojo
fijate que me tiene angustiado no saber que va a pasar,miedo
no te miento manana tengo una prueba importante y estoy nervioso y es agotador,miedo
fijate que me dijeron que cambie como si estuviera mal ser yo y trato de disimularlo,triste
hoy que dia tan exitoso fue hoy,feliz
te digo que me siento muy solo y sin apoyo y no se como seguir,triste
fijate que se aprovecharon de que no sabia y me tiene mal,enojo
sinceramente me embargaron la cuenta y no entiendo por que y me cuesta mucho,miedo
sinceramente todos parecen entender menos yo pero ya no puedo mas,triste
estoy muy contento con lo logrado de verdad,feliz
me da pena decirlo pero me mandaron un mensaje muy agresivo y me tiene agotado,enojo
mira hoy amaneci con mucha energia y me afecta mucho,feliz
tengo miedo de que me rechacen si digo lo que pienso la verdad,miedo
me siento inseguro y no se que hacer,miedo
parce me aterra quedar mal frente a todos y nadie lo sabe,miedo
te digo que tengo miedo de no poder manejar esto,miedo
la verdad me siento incomodo con esto otra vez,miedo
me da miedo no estar preparado,miedo
sinceramente no puedo creer que hayas hecho eso en serio,enojo
en serio me rindo de intentarlo pero no digo nada,triste
fijate que me trataron como si yo fuera el problema y me tiene mal,enojo
te digo que estoy muy triste con la situacion actual y no se como seguir,triste
desde hace dias me invitaron a participar en un proyecto,feliz
la verdad me enfurece que actuen asi otra vez,enojo
parce tengo panico de que me pregunten algo en clase y eso me duele,miedo
me cayo muy bien esa persona parce,feliz
ahora mismo hicieron como si yo no existiera en la reunion y quisiera que alguien me ayudara,enojo
desde hace dias hoy no tuve que fingir que estaba bien pero necesitaba decirlo,feliz
no se si contarte pero no es la primera vez y eso me tiene agotado,enojo
hoy me vi bien en el espejo y me gusto bro,feliz
parce tengo panico de que me pregunten algo en clase y no es facil,miedo
es que me siento muy perdido con mi vida de verdad,triste
ahora mismo no soporto esta situacion y no se que hacer,enojo
te digo que me respondieron que si al proyecto bro,feliz
perdi algo muy importante y me tiene mal,triste
me da pena decirlo pero nadie me eligio para su equipo y eso me tiene mal,triste
la verdad me trataron como si yo fuera el problema y no es facil,enojo
lo que pasa es que me tiene completamente harto y eso me pesa,enojo
te digo que me alegra que todo haya salido bien,feliz
hoy se llevaron el credito de lo que yo hice la verdad,enojo
no te miento tengo una entrevista y me muero del susto y no lo puedo ocultar,miedo
hoy saque mi licencia de conducir y ya,feliz
te cuento que defendi mi proyecto y quede bien y ya,feliz
sinceramente me toca salir tarde y me da miedo en la calle y nadie lo sabe,miedo
mira se aprovecharon de que no sabia de verdad,enojo
la verdad hoy fue maravilloso por todo lo que paso,feliz
la verdad me puse muy feliz con eso parce hermano,feliz
ultimamente me siento feliz hoy,feliz
oye me da ansiedad abrir ese chat y no lo digo seguido,miedo
realmente recibi buenas noticias todo el tiempo,feliz
la verdad es que me tiene harto tu falta de respeto y me parece muy mal,enojo
fijate que dije algo que no quise decir y no se como explicarlo y trato de disimularlo,triste
definitivamente todo esta funcionando bien esta semana,feliz
en serio me hablaron muy feo sin ninguna razon pero bueno,enojo
ultimamente ya no tengo ganas otra vez,triste
hoy todo me hace enojar todo el tiempo,enojo
en serio no se como va a terminar esto,miedo
no se si contarte pero quise decir algo pero no encontre las palabras y me tiene agotado,triste
oye tengo miedo de que las cosas cambien de repente y nadie lo entiende,miedo
ultimamente me siento horrible todo el tiempo,triste
oye me asusta mucho lo que esta pasando en el barrio y me tiene mal,miedo
sabes que me alegra mucho tu compania y no lo puedo creer,feliz
mira me embargaron la cuenta y no entiendo por que y me cuesta mucho,miedo
la verdad es que cambiaron las reglas sin avisarme de verdad,enojo
ahora mismo pude mantener una conversacion sin angustiarme y no es facil admitirlo,feliz
realmente estoy harto de esto desde hace dias,enojo
oye me cancelaron la cita sin avisar,enojo
sinceramente me da miedo no estar a la altura de lo que se espera la verdad,miedo
ultimamente esto me molesta mucho en este momento,enojo
te digo que que buen resultado tuvimos hoy y es lo mejor que me paso,feliz
te cuento que algo cambio de repente y no entiendo por que,miedo
fijate que las cosas estan saliendo como quiero de verdad,feliz
me da mucha pena decirle eso a la gente,miedo
sabes que que alegria tan grande la que siento sin duda,feliz
desde hace dias me preocupa no poder lograrlo y eso me pesa,miedo
me hicieron perder un dia entero y me tiene mal,enojo
en serio me siento completo todo el tiempo,feliz
parce me tiene muy triste esta vuelta y ya,triste
me aterra quedar mal frente a todos y me tiene mal,miedo
ahora mismo ya no quiero esforzarme y ya,triste
hoy siento que finjo estar bien tan seguido que ya ni se y no se que hacer,triste
te cuento que por fin lo logre,feliz
la verdad es que siento una ansiedad tremenda ahora y no se que hacer,miedo
me siento muy bien con lo que hice de verdad,feliz
te cuento que nos separamos despues de mucho tiempo y no puedo evitarlo,triste
estoy muy angustiado con las noticias de hoy y eso me preocupa mucho,miedo
sinceramente me siento destruido en este momento,triste
estoy muy triste con lo que me paso,triste
desde ayer todo me hace enojar y me afecta mucho,enojo
la verdad es que que felicidad tan grande siento ahora sin duda,feliz
desde hace dias tengo miedo de decepcionar a todos la verdad,miedo
estoy temblando de nervios todo el tiempo,miedo
no te miento me puse muy feliz con eso parce,feliz
honestamente no entiendo tu actitud para nada de verdad,enojo
me fui de la reunion antes porque no podia mas sinceramente,triste
ultimamente me siento completo de verdad,feliz
no te miento me fue de maravilla en la entrevista y ya,feliz
en serio me preocupa no poder pagar el arriendo el otro mes,miedo
no te miento me dijeron que exageraba y me afecta mucho,enojo
es que me tiene harto que siempre pase lo mismo,enojo
estoy muy asustado con lo que puede pasar y no puedo evitarlo,miedo
desde hace dias dije algo que no quise decir y no se como explicarlo y trato de disimularlo,triste
oye estas actuando muy mal,enojo
te cuento que me rechazaron y duela mucho y es agotador,triste
me tienen harto con esto todo el tiempo,enojo
fijate que que descaro tan grande el de esa gente,enojo
mira tengo miedo de tomar una decision y que salga mal y ya,miedo
es que me canse de esperar que las cosas cambien solas y me afecta,triste
te cuento que se fue mi perro hoy,triste
no puedo evitar que estoy muy preocupado y con miedo,miedo
realmente estoy demasiado molesto,enojo
ultimamente ya no quiero hablar de eso porque nadie entiende y me cuesta aceptarlo,triste
lo que pasa es que me interrumpieron todo el tiempo y me tiene mal,enojo
te digo que que buen trabajo hiciste hoy,feliz
no es la primera vez y eso me tiene agotado y me pesa cargarlo solo,enojo
ahora mismo hable con alguien nuevo y no fue tan malo pero ya no puedo mas,feliz
ahora mismo me siento excelente hoy y no se que hacer,feliz
ultimamente no logre lo que esperaba y es agotador,triste
mira me dejaron hacer todo el trabajo solo y necesito que alguien me entienda,enojo
hoy tuve que fingir que estaba bien toda la noche y nadie lo entiende,triste
estoy que no me la creo la verdad,feliz
hermano me asusta mucho lo que esta pasando en el barrio y nadie lo sabe,miedo
te digo que siento una inquietud constante ahora y me tiene muy nervioso,miedo
es que me dicen que exagero cuando digo como me siento y no es facil,enojo
ultimamente me preocupa haber dicho algo sin darme cuenta y no puedo evitarlo,miedo
fijate que quedamos de una con el plan,feliz
para serte honesto me trataron como si no existiera y ya,enojo
te cuento que me dieron la visa y me afecta,feliz
ultimamente me siento horrible por todo lo que paso,triste
me molesta tu actitud de siempre,enojo
mira me quede sin trabajo y no se que hacer y no puedo evitarlo,triste
hoy me siento re bien parce y no es facil,feliz
siento que el tiempo no cura esto y no se como seguir,triste
tengo miedo de responder mal y arruinar todo y me afecta,miedo
oye hicimos una reunioncita y quedo muy buena,feliz
hoy me cayo muy bien esa persona de verdad,feliz
fijate que estoy demasiado angustiado para pensar y no puedo evitarlo,miedo
en serio hablaron de algo que yo no sabia y me senti excluido y me tiene agotado,triste
realmente esto me molesta demasiado en este momento,enojo
en serio estoy muy apenado y no se que decir y quisiera que no fuera así,triste
te digo que no se si voy a poder sostenerme solo pero bueno,miedo
te cuento que tengo algo importante manana y no puedo dormir la verdad,miedo
es que siento panico de lo que puede ocurrir,miedo
siento que algo muy importante se perdio,triste
no te miento extraño como eran las cosas antes y es agotador,triste
mira siento que algo malo va a pasar y no se que hacer,miedo
en serio me hablaron muy feo sin ninguna razon y ya,enojo
sinceramente me decepciono mucho lo que hiciste y punto,enojo
me llamaron de la empresa y no dijeron para que de verdad,miedo
la verdad me siento muy lejos de todos y nadie lo sabe,triste
me descuentan del sueldo cosas que no firmé y no se que hacer,enojo
honestamente me hicieron perder el tiempo de verdad,enojo
me saca de quicio tu actitud de verdad,enojo
en serio tengo panico de que algo que dije llegue a las manos equivocadas y me tiene pensando mucho,miedo
hoy se burlaron de mi y me tiene mal,enojo
lo que pasa es que no supe leer la situacion y meti la pata y nadie lo entiende,triste
me tiene muy cansado esta gente y me cuesta mucho,enojo
no se si contarte pero me dijeron que era muy sensible por sentirme mal y me tiene agotado,enojo
hoy me corrigieron el tono sin escuchar lo que dije pero ya no puedo mas,enojo
hoy hicieron como si yo no existiera en la reunion de verdad,enojo
me siento muy achantado hoy y ya,triste
es que me case hoy,feliz
lo que pasa es que llegue a tiempo a todo y es agotador,feliz
hoy estoy con una nota hoy,feliz
te cuento que prometieron y no cumplieron,enojo
definitivamente esto me molesta mucho todo el tiempo,enojo
tengo miedo de que se den cuenta que no entiendo pero ya no puedo mas,miedo
ultimamente me siento muy perdido con mi vida y me cuesta aceptarlo,triste
oye pude decir lo que sentia sin miedo y me pesa cargarlo solo,feliz
te juro que lei el mensaje diez veces y no se como responder y no lo digo seguido,miedo
es que mi grupo hizo el trabajo sin contar conmigo y me pesa cargarlo solo,triste
hoy me da terror enfrentar esto solo todo el tiempo,miedo
ahora mismo no logre lo que esperaba y necesito que alguien me entienda,triste
mira me siento muy solo en esta ciudad de verdad,triste
no te miento abusaron de mi confianza todo el tiempo,enojo
sinceramente estoy muy nervioso y no puedo calmarme,miedo
te juro que no entiendo nada y me da verguenza preguntar y me cuesta mucho,triste
sinceramente el transporte salio tardisimo y llegue tarde por eso la verdad,enojo
es que logre cerrar el trato que necesitaba y me tiene agotado,feliz
ya no tengo energia para nada de lo que antes me gustaba pero bueno,triste
me cansa tu falta de madurez de verdad,enojo
la verdad nadie me dio una respuesta clara,enojo
no te miento no supe si era una broma o algo serio y no lo digo seguido,triste
fijate que me prometieron que no volveria a pasar y me pesa cargarlo solo,enojo
en serio me siento muy feliz con mi familia,feliz
ultimamente me hicieron una videollamada sorpresa y me afecta mucho,feliz
lo que pasa es que hoy fui honesto y salio bien,feliz
es que fallecio alguien cercano,triste
la verdad es que mi grupo de trabajo funciono muy bien y me tiene agotado,feliz
la verdad es que esto me pone de muy mal humor y eso no esta bien,enojo
en serio estoy muy satisfecho con mis decisiones y estoy muy agradecido,feliz
es que no me puedo sacar esta sensacion de encima la verdad,miedo
te digo que me duele mucho haberlo perdido y quisiera que no fuera así,triste
no se subi algo y nadie reacciono y me senti invisible men,triste
oye me paraliza no saber cual es el camino correcto y no puedo evitarlo,miedo
me da pena decirlo pero me subieron el sueldo pero necesitaba decirlo,feliz
lo que pasa es que estoy muy apenado con lo que resulto y no lo puedo superar,triste
no se si contarte pero me bloqueo sin darme una explicacion pero ya no puedo mas,triste
la verdad me pusieron a hacer el trabajo de todos y ya,enojo
para serte honesto logre terminar algo que habia dejado pendiente y me afecta mucho,feliz
oye me molesta mucho que hagas eso y no lo entiendo,enojo
no te miento aprobe la materia que tenia perdida sinceramente,feliz
no puedo evitar que estoy muy angustiado sin encontrar salida,miedo
fijate que me quitaron el like y eso me bajo el animo y ya,triste
te juro que me produce rabia pensar en lo que hiciste sin excusas,enojo
en serio tengo miedo de tomar la decision equivocada y eso me pesa,miedo
sinceramente estoy muy apenado por lo que paso de verdad,triste
la verdad estoy con el animo muy por el piso,triste
hoy me da pena hablar en publico y manana me toca la verdad,miedo
realmente quiero estar solo en este momento,triste
para serte honesto me preocupa haber dicho algo sin darme cuenta pero ya no puedo mas,miedo
la verdad es que siento tristeza cuando pienso en eso y no lo puedo superar,triste
sinceramente nacio mi hija y me tiene mal,feliz
ahora mismo nadie me escucha otra vez,triste
parce tengo miedo de embarrarla con esa decision,miedo
estoy muy apagado y sin energia y quisiera que no fuera así,triste
estoy muy agradecido con todos en serio,feliz
me da pena decirlo pero me fui de la reunion antes porque no podia mas pero ya no puedo mas,triste
me da muy duro enfrentar esa conversacion y no es facil,miedo
te digo que me siento muy orgulloso de lo logrado,feliz
hoy me excluyeron de la decision sin explicacion de verdad,enojo
fijate que me hicieron sentir especial sinceramente,feliz
hermano me tiene muy cansado esta gente parce,enojo
no es que tenga una razón concreta es solo una sensación que no me deja tranquilo,miedo
vi que estaba en linea pero no me respondio pero necesitaba decirlo,triste
no se me angustia no saber si estoy en el camino correcto,miedo
sinceramente todo tiene sentido ahora y es agotador,feliz
me da pena hablar en publico y manana me toca de verdad,miedo
siento una tristeza que no puedo superar y me duele mucho,triste
hoy estoy con una nota hoy y nadie lo sabe,feliz
siento que me quede atras,triste
sinceramente siento tristeza y desesperanza ahora y no lo puedo superar,triste
el partido de colombia salio bien la verdad,feliz
parce me cayo del cielo esa noticia y no se que hacer,feliz
ya no hablo con alguien que queria mucho,triste
te juro que tengo miedo de que mi respuesta suene agresiva pero necesitaba decirlo,miedo
es que me prometieron que no volveria a pasar y nadie lo entiende,enojo
me dieron el trabajo que queria y me tiene mal,feliz
definitivamente esto arruino mi dia y eso empeora todo,enojo
oye me dijeron que era muy sensible por sentirme mal y no puedo evitarlo,enojo
de verdad que dia tan especial fue hoy para mi y estoy muy contento,feliz
mira me dieron la beca y necesito que alguien me entienda,feliz
es que me mintieron en mi cara y me afecta mucho,enojo
hoy me mencionaron en algo que me puso en ridiculo la verdad,enojo
mira tengo miedo de que todo cambie y me tiene mal,miedo
ultimamente estoy muy enojado,enojo
lo que pasa es que me enoja mucho lo que dijiste,enojo
men me asusta no saber si voy a conseguir trabajo,miedo
en serio me cambiaron el turno sin avisarme,enojo
en este momento estoy demasiado preocupado y me afecta mucho,miedo
parce hoy me fue de pelos,feliz
sinceramente estoy muy ilusionado con lo que viene y no lo puedo ocultar,feliz
para serte honesto me siento muy bien conmigo mismo y no puedo evitarlo,feliz
te digo que hoy me vi bien en el espejo y me gusto y me cuesta aceptarlo,feliz
desde hace dias hoy fue un dia muy gris y eso me pesa,triste
fijate que nacio mi hija y me afecta,feliz
mira mi familia estuvo muy unida hoy y no es facil,feliz
la verdad es que tengo panico de que me pregunten algo frente a todos y trato de disimularlo,miedo
no puedo evitar que me asusta mucho la situacion actual y eso me preocupa mucho,miedo
me siento muy mal por todo lo vivido y no lo puedo superar,triste
ultimamente no se si estoy listo para esto pero no digo nada,miedo
te juro que me da terror decepcionar a alguien que confio en mi,miedo
ultimamente siento que fracase y me afecta mucho,triste
no te miento me siento muy lejos de todos,triste
para serte honesto cambio su estado y supe que era por mi y no puedo evitarlo,triste
me duele mucho lo que esta pasando,triste
en serio estoy muy asustado con lo que puede pasar y no se que hacer,miedo
que bonito dia fue este para todos y estoy muy agradecido,feliz
ultimamente no se que va a pasar por todo lo que paso,miedo
men me tiene muy molesto que nadie haga nada,enojo
es que tengo miedo de que me vaya mal en las parciales y no es facil,miedo
mira mi abuelo ya no esta de verdad,triste
desde hace dias no hubo trafico hoy y no lo puedo ocultar,feliz
hoy todo esta mal organizado y eso me pesa,enojo
sinceramente me da susto pedir el favor porque me da pena,miedo
en serio esto me parece una falta de respeto total de verdad,enojo
me siento muy dichoso en este momento y estoy muy agradecido,feliz
me hablaron como si fuera tonto pero bueno,enojo
estoy agotado de tener que explicar como me siento men,triste
realmente me encanta este momento y no se que hacer,feliz
estoy muy emocionado con esto,feliz
quede encantado con como salio todo,feliz
desde ayer me siento vacio todo el tiempo,triste
estoy muy angustiado sin encontrar salida de verdad,miedo
es que siento que el tiempo se me acaba y no he hecho nada,miedo
tengo panico de fallar cuando todos confian en mi y me cuesta aceptarlo,miedo
ya no hablo con mi parcero de toda la vida la verdad,triste
hoy por fin me compre lo que queria y no puedo evitarlo,feliz
la verdad me escribio la persona que me gusta y ya,feliz
siento un vacio muy grande en mi de verdad,triste
te juro que me angustia no saber como interpretar eso y me afecta mucho,miedo
ultimamente hicieron como si yo no existiera en la reunion y no puedo evitarlo,enojo
ahora mismo me siento tranquilo y feliz y me afecta mucho,feliz
ultimamente me dijeron que era muy sensible por sentirme mal de verdad,enojo
siempre lo mismo,enojo
para serte honesto me pone muy nervioso hablar en publico y necesito que alguien me entienda,miedo
realmente me siento nervioso y no se que hacer,miedo
desde hace dias nadie hace las cosas bien aqui y me tiene mal,enojo
hoy termine mi tesis pero necesitaba decirlo,feliz
definitivamente no se que va a pasar todo el tiempo,miedo
la verdad me canse de esperar que las cosas cambien solas,triste
fijate que mi familia esta pasando un momento muy dificil parce,triste
oye me mandaron un audio muy lindo pero ya no puedo mas,feliz
para serte honesto me siento muy bien conmigo mismo la verdad,feliz
por fin lo logre y me tiene mal,feliz
todo el mundo sigue y yo estoy quieto y nadie lo sabe,triste
sinceramente me siento inseguro y eso me preocupa,miedo
me sacaron la paciencia otra vez,enojo
sinceramente me hicieron una videollamada sorpresa y nadie lo entiende,feliz
definitivamente tengo panico y no se que hacer,miedo
en serio me interrumpieron cada vez que hable y me pesa cargarlo solo,enojo
ahora mismo me cancelaron a ultimo momento la verdad,enojo
en este momento me siento increible de verdad,feliz
fijate que me sorprendieron hoy y no se que hacer,feliz
en serio me dejo de seguir en redes sociales y no se como manejarlo,triste
la verdad logre ahorrar lo que necesitaba y ya,feliz
estoy muy contento con lo logrado y estoy muy contento,feliz
de verdad me pone feliz ver tu progreso,feliz
la verdad odio esta situacion todo el tiempo,enojo
hoy no me reconozco ultimamente de verdad,triste
hoy me pelee con mi mejor amigo y me duele mucho y nadie lo sabe,triste
ahora mismo todo me afecta demasiado otra vez,triste
fijate que aprobe todas las materias este semestre,feliz
fijate que me quitaron el like y eso me bajo el animo de verdad,triste
me di cuenta de que ya no soy parte de ese grupo,triste
me da mucha rabia,enojo
que alegria tan grande la que siento y estoy muy contento,feliz
en serio tengo miedo de ver lo que me respondieron y eso me tiene mal,miedo
ahora mismo me corrigieron el tono sin escuchar lo que dije y no se como manejarlo,enojo
fijate que por fin termine el proyecto y ya,feliz
que dia tan maravilloso fue hoy en serio,feliz
no te miento me siento invisible y ya,triste
la verdad me toco el dia libre y me afecta mucho,feliz
te juro que no entiendo tu actitud para nada de verdad,enojo
desde hace dias me pone ansioso salir de casa otra vez,miedo
desde hace dias estoy al limite de mi paciencia y me afecta mucho,enojo
fijate que logre cerrar el trato que necesitaba y quisiera que alguien me ayudara,feliz
la verdad me da susto pedir el favor porque me da pena,miedo
definitivamente esto me molesta demasiado esta semana,enojo
hoy me toco irme del barrio que queria pero bueno,triste
sinceramente tuve que repetir lo mismo mil veces otra vez,enojo
en serio tengo miedo de caerle mal sin querer sinceramente,miedo
oye no quise hablar con nadie hoy sinceramente,triste
la verdad nada tiene sentido en este momento,triste
hoy hoy no tuve que fingir que estaba bien y no se que hacer,feliz
fijate que me toco dejar los estudios por plata,triste
ahora mismo perdi una oportunidad importante de verdad,triste
no puedo creer que eres un desconsiderado y no lo voy a tolerar,enojo
hoy pase el dia en cama y me afecta mucho,triste
ultimamente me bloquearon sin darme ninguna explicacion de verdad,enojo
oye todo me pesa demasiado y es agotador,triste
hoy no se si voy a poder con lo que viene,miedo
ultimamente no se si estoy listo para esto y ya,miedo
en serio me embargaron la cuenta y no entiendo por que pero bueno,miedo
hoy me siento decepcionado desde hace dias,triste
realmente me siento horrible y no se que hacer,triste
sabes que estoy muy contento y agradecido y estoy muy contento,feliz
en serio tengo miedo de caerle mal sin querer y no se que hacer,miedo
hoy me hicieron repetir el tramite tres veces la verdad,enojo
estoy muy apenado por lo sucedido y quisiera que no fuera así,triste
la verdad estoy demasiado preocupado por todo lo que paso,miedo
definitivamente estoy harto de esto y estoy cansado,enojo
desde ayer esto arruino mi dia desde hace dias,enojo
me atracaron y me afectó mucho,enojo
mira lo que paso todos parecen entender menos yo de verdad,triste
definitivamente estoy emocionado desde hace dias,feliz
es que me usaron y despues me ignoraron y me afecta mucho,enojo
siento que me estoy quedando sin opciones y me afecta,miedo
hoy tengo ansiedad por lo que viene en este momento,miedo
es que se aprovecharon de que no sabia pero bueno,enojo
la verdad me prometieron el trabajo y al final le dieron a otro parce,enojo
hoy me cobraron de mas y no me quieren devolver de verdad,enojo
te cuento que me aceptaron en la universidad todo el tiempo,feliz
honestamente me saca de quicio esa actitud,enojo
la verdad hoy llore sin saber por que la verdad,triste
nacio mi hijo,feliz
sinceramente estoy agotado emocionalmente en este momento,triste
sinceramente estoy temblando de nervios,miedo
estoy muy frustrado con todo esto la verdad,enojo
oye me copiaron el trabajo y lo publicaron como propio y no se como manejarlo,enojo
oye tengo miedo de que mis sueños no sean suficientes pero bueno,miedo
hoy extraño mucho a las personas que ya no estan de verdad,triste
la verdad es que siento una ansiedad horrible en este momento y eso me preocupa mucho,miedo
ultimamente no logre lo que esperaba sinceramente,triste
ahora mismo siento que cargue solo con todo y necesito que alguien me entienda,triste
la verdad me da terror enfrentar esto solo y no lo puedo ocultar,miedo
hoy me hicieron una videollamada sorpresa y me cuesta mucho,feliz
te digo que tengo mucho temor de lo que viene de verdad,miedo
hermano estoy muy bacano con la noticia y eso me duele,feliz
nacio mi hija pero bueno,feliz
me asusta mucho lo que esta pasando en el barrio y eso me duele,miedo
oye mi mejor amigo se fue a vivir lejos de verdad,triste
me da pena decirlo pero me respondio el mensaje que esperaba y no es facil admitirlo,feliz
hoy estoy que no me la creo y nadie lo sabe,feliz
sinceramente ya basta con esa actitud,enojo
vieja me graduo el sabado en el paraninfo y no puedo evitarlo,feliz
mira lo que paso no quiero mandar el audio por miedo a como sueno sinceramente,miedo
hice algo que me daba miedo y salio bien pero necesitaba decirlo,feliz
sinceramente por fin me contestaron y no es facil admitirlo,feliz
ahora mismo me siento muy feliz ultimamente,feliz
es que me frustras mucho con eso y punto,enojo
fijate que tengo los mejores amigos y es agotador,feliz
para serte honesto dije algo que no quise decir y no se como explicarlo y no lo digo seguido,triste
sinceramente siento tristeza cuando pienso en eso y no lo puedo superar,triste
vieja me da pena que se den cuenta que no entendi pero bueno,miedo
es que me preocupa tanto que no puedo dormir de verdad,miedo
hoy la incertidumbre me tiene paralizado todo el tiempo,miedo
men me encontre plata en un bolsillo que no sabia,feliz
la verdad no quiero salir solo desde hace dias,miedo
en serio me tiene harto tu falta de respeto y no lo voy a tolerar,enojo
te cuento que me pidieron que fuera a recursos humanos y nadie lo sabe,miedo
la verdad me dejaron plantado y ni se disculparon,enojo
hoy quedamos de una con el plan la verdad,feliz
men me dicen que me esfuerce mas cuando ya doy todo,enojo
mi familia se fue a vivir lejos y me siento solo hermano,triste
desde hace dias me tratan diferente y no entienden por que me molesta y me afecta mucho,enojo
tengo panico de enfrentar esto solo,miedo
la verdad consegui el trabajo y eso me pesa,feliz
mira ya nada es igual pero necesitaba decirlo,triste
desde hace dias mi grupo de trabajo funciono muy bien y no puedo evitarlo,feliz
mira me cayo del cielo esa noticia,feliz
no entiendo como la gente puede ser asi,enojo
es que tengo miedo de haber arruinado algo sin saberlo pero ya no puedo mas,miedo
me da pena decirlo pero me dejo de seguir en redes sociales y me pesa cargarlo solo,triste
desde ayer estoy pasando un gran momento esta semana,feliz
en serio me ignoraron cuando tenia toda la razon parce,enojo
la verdad es que me subieron el sueldo sinceramente,feliz
mira me fue bien en el icfes de verdad,feliz
me tiene muy intranquilo todo esto y no puedo evitarlo,miedo
es que eso me pone muy furioso parce,enojo
men me reportaron sin motivo y me bloquearon la cuenta de verdad,enojo
ahora mismo estoy demasiado angustiado para pensar de verdad,miedo
estoy muy triste por la noticia y me duele mucho,triste
en serio publicaron algo mio sin pedirme permiso pero bueno,enojo
si esto no funciona no se que voy a hacer y me afecta,miedo
sabes que me hace muy bien sentirme asi y estoy muy agradecido,feliz
la verdad me salio la receta que estaba intentando y me afecta,feliz
hoy quedamos de una con el plan hermano,feliz
hoy estoy muy asustado con lo que puede pasar,miedo
la verdad no se que va a pasar con mi vida sinceramente,miedo
parce me siento re bien de verdad,feliz
en serio me hablaron muy feo sin ninguna razon y no puedo evitarlo,enojo
es que ya no aguanto esta situacion pero no digo nada,enojo
desde hace dias hoy no tengo que trabajar y no se que hacer,feliz
hoy me usaron cuando les convenia y despues nada y ya,enojo
sinceramente siento que no tengo proposito de verdad,triste
hoy me siento muy bien en este momento,feliz
de verdad que mal comportamiento tienes sin excusas,enojo
desde ayer tengo panico y no se que hacer,miedo
hoy borre todas mis fotos porque no me gustaba nada y no se que hacer,triste
la verdad tengo miedo de equivocarme y arrepentirme despues de verdad,miedo
mira lo que paso me paraliza la idea de tener que hablar en grupo y quisiera que alguien me ayudara,miedo
no te miento me da mucha pena decirle eso a la gente pero bueno,miedo
mira lo que paso me paraliza la idea de tener que hablar en grupo y no se como manejarlo,miedo
hoy me siento destruido y me duele mucho,triste
la verdad es que que dia tan especial fue hoy para mi y no lo puedo creer,feliz
la verdad es que mi jefe quedo contento con mi trabajo y no puedo evitarlo,feliz
lo que es cierto es que me siento muy contento con el equipo y estoy muy agradecido,feliz
la verdad estoy harto de esto y eso empeora todo,enojo
fijate que me tiene muy bajoneado lo que paso y ya,triste
ultimamente me siento destruido y no se que hacer,triste
fijate que estoy muy cansado de lucharla solo parce,triste
me echaron sin explicacion y me afecta,triste
no se si contarte pero hice algo que me daba miedo y salio bien y quisiera que alguien me ayudara,feliz
no entiendo nada y me da verguenza preguntar y no es facil admitirlo,triste
ultimamente me tienen harto con esto y me afecta mucho,enojo
hoy me llamaron de la empresa y no dijeron para que y no se que hacer,miedo
fijate que me mandaron un mensaje muy agresivo pero necesitaba decirlo,enojo
fijate que me hicieron sentir mal por preguntar y me tiene mal,enojo
realmente me siento furioso otra vez,enojo
te cuento que logre lo que queria otra vez,feliz
la verdad siento que fracase y necesito que alguien me entienda,triste
fijate que me pusieron el visto y luego respondieron bien y no lo digo seguido,feliz
hoy tengo miedo de que me vaya mal en las parciales y no puedo evitarlo,miedo
ultimamente siento mucha presion y me afecta mucho,miedo
desde hace dias tuve que repetir lo mismo mil veces y no puedo evitarlo,enojo
la verdad es que que dia tan maravilloso fue hoy,feliz
te digo que estoy muy nervioso por lo que puede pasar de verdad,miedo
la verdad no quiero salir solo esta semana,miedo
mira estoy muy bacano con la noticia de verdad,feliz
me da terror mostrarme como soy de verdad y eso me tiene mal,miedo
hoy me siento muy bien con mi proceso bro,feliz
desde hace dias dijeron cosas que no son verdad sobre mi y necesito que alguien me entienda,enojo
mi mejor amigo se fue a vivir lejos la verdad,triste
estoy furioso contigo de verdad,enojo
me siento motivado,feliz
la verdad me mintieron descaradamente en la cara y eso me duele,enojo
te cuento que me escribio la persona que me gusta y me tiene mal,feliz
estoy muy contento desde hace dias,feliz
vieja me tiene con los nervios destrozados,miedo
te digo que tengo temor de que todo cambie de golpe y me tiene muy nervioso,miedo
te juro que me da miedo que graben algo mio sin permiso,miedo
en este momento hoy fue un mal dia ultimamente,triste
hoy ya no hablo con mi parcero de toda la vida y no es facil,triste
ultimamente la incertidumbre me tiene paralizado otra vez,miedo
la verdad me puse muy feliz con eso parce,feliz
hoy me puse a pensar en lo peor y no puedo parar la verdad,miedo
eso estuvo muy mal hecho y me parece muy mal,enojo
fijate que sali del pais por primera vez y ya,feliz
oye no se puede confiar en ti en serio,enojo
siento un dolor emocional muy grande de verdad,triste
en serio no tenemos para el arriendo este mes y eso me duele,triste
lo que pasa es que me hablaron muy mal y eso me pesa,enojo
no se llegue a los seguidores que queria y no puedo evitarlo,feliz
es que hoy me fue de pelos parce,feliz
hermano tengo miedo de embarrarla con esa decision y me cuesta mucho,miedo
sinceramente todo salio mal y no se que hacer,triste
oye me tienen harto con todo esto y no lo entiendo,enojo
sinceramente que irresponsable eres en serio y no lo voy a tolerar,enojo
lo que pasa es que me aceptaron en la universidad y no lo puedo ocultar,feliz
lo que pasa es que dije algo que no quise decir y no se como explicarlo y eso me tiene mal,triste
no te miento aprobe la materia que tenia perdida y no puedo evitarlo,feliz
me cansas con tanta excusa de verdad,enojo
lo que pasa es que me parece terrible lo que hiciste y no lo entiendo,enojo
es que hicieron lo que quisieron sin preguntarme nada parce,enojo
es que tengo panico de que me pregunten algo en clase hermano,miedo
tengo miedo de fallar otra vez,miedo
la verdad es que me molesta tu falta de consideracion,enojo
es que me tiene muy bajoneado lo que paso parce,triste
te digo que estoy muy contento con los avances,feliz
la verdad es que estoy muy contento con los avances,feliz
mira me cuesta aceptar que eso ya termino y me afecta,triste
es que pase el dia en cama de verdad,triste
desde ayer me siento destruido en este momento,triste
me borraron un comentario que tenia toda la razon,enojo
hoy me robaron el celular y estoy muy mal y no puedo evitarlo,triste
hoy se fue mi gato hoy de verdad,triste
oye me cambiaron el turno sin avisarme y no puedo evitarlo,enojo
hoy me dicen que exagero cuando digo como me siento y no es facil,enojo
en este momento me preocupa demasiado esto,miedo
tengo un presentimiento muy malo y me tiene muy nervioso,miedo
hoy me da terror decepcionar a alguien que confio en mi y me afecta mucho,miedo
ahora mismo estoy muy preocupado en este momento,miedo
es que no entiendo nada y me da verguenza preguntar de verdad,triste
hoy me hace muy feliz lo que hiciste y estoy muy contento,feliz
oye el silencio de esa persona me preocupa mucho la verdad,miedo
ultimamente odio esta situacion,enojo
la verdad es que no se si actue bien y eso no me deja tranquilo y no lo digo seguido,miedo
hoy todo lo que construi se cayo y eso me pesa,triste
definitivamente estoy emocionado de verdad,feliz
hoy me da ansiedad conocer gente nueva pero no digo nada,miedo
sinceramente me tienen harto con tanta mentira y ya me canse,enojo
ultimamente me fallaron cuando mas los necesitaba y necesito que alguien me entienda,triste
oye tengo miedo de caerle mal sin querer y no es facil admitirlo,miedo
me cayo del cielo esa noticia y me cuesta mucho,feliz
fijate que me tiene muy angustiado esa situacion y me tiene mal,miedo
te juro que me corrigieron el tono sin escuchar lo que dije y nadie lo entiende,enojo
parce tengo miedo de que me quiten el trabajo de verdad,miedo
en serio tengo miedo de caerle mal sin querer,miedo
te cuento que quedamos de una con el plan hermano,feliz
la verdad me pusieron obstaculos que no tenian sentido y ya,enojo
la verdad es que que buena experiencia fue esa,feliz
es que mi grupo de trabajo funciono muy bien y no se que hacer,feliz
para serte honesto tengo miedo de que me rechacen si digo lo que pienso,miedo
realmente estoy agradecido por todo otra vez,feliz
es que me hicieron repetir el tramite tres veces,enojo
no se me borraron un comentario que tenia toda la razon pero bueno,enojo
hoy me di cuenta que nadie me busca si yo no busco y no es facil,triste
oye siento que no tengo proposito,triste
fijate que mi familia esta pasando un momento muy dificil de verdad,triste
hoy me tienen harto con esto ultimamente,enojo
no te miento lei el mensaje mal y arruine todo pero ya no puedo mas,triste
ahora mismo me duele el alma y necesito que alguien me entienda,triste
mira me faltaron el respeto delante de todos la verdad,enojo
llevo dias aguantando esto y ya no puedo y no es facil admitirlo,enojo
sinceramente me parece increible tu actitud y me parece muy mal,enojo
en serio tengo panico de que me pregunten algo en clase,miedo
sinceramente tengo miedo de que todo cambie la verdad,miedo
bro me salio el primer cliente y no es facil,feliz
fijate que me tiene muy enojado esa situacion,enojo
hoy mi grupo de trabajo funciono muy bien pero necesitaba decirlo,feliz
te digo que todo el mundo esta en planes y yo solo en casa y me tiene pensando mucho,triste
mira mi familia esta bien sinceramente,feliz
estoy muy nervioso de cara a lo que viene y no se que hacer,miedo
la verdad es que me aterra no saber como va a terminar,miedo
ahora mismo mi grupo de trabajo funciono muy bien y me afecta mucho,feliz
te cuento que no tenemos para el arriendo este mes y no puedo evitarlo,triste
que manera tan irresponsable de actuar y me parece muy mal,enojo
bro me bloquearon sin darme ninguna explicacion bro,enojo
en serio me dejaron plantado y ni se disculparon y nadie lo sabe,enojo
en serio me siento muy bien conmigo mismo y no puedo evitarlo,feliz
la verdad hoy fue un dia increible de verdad bro,feliz
me faltaron el respeto delante de todos y no puedo evitarlo,enojo
mi mejor amigo se fue a vivir lejos,triste
en serio me da susto pedir el favor porque me da pena la verdad,miedo
no me reconozco ultimamente men,triste
sinceramente hicimos sancocho en familia y fue muy rico y eso me duele,feliz
mira estoy muy bravo con lo que paso pero bueno,enojo
fijate que las cosas estan saliendo como quiero,feliz
hoy hoy todo fluyo bien y no lo puedo ocultar,feliz
ultimamente nada tiene sentido por todo lo que paso,triste
desde ayer todo me fastidia desde hace dias,enojo
me tiene muy enojado esa situacion,enojo
mira me mandaron un mensaje raro y no entiendo que quieren y me tiene mal,miedo
me cayo muy bien esa persona y me tiene mal,feliz
oye estoy rodeado de gente y me siento solo y me afecta mucho,triste
no puedo evitar que me da mucho miedo la situacion actual,miedo
en serio el transporte salio tardisimo y llegue tarde por eso de verdad,enojo
parce me cobraron mas de lo que decia el precio y no puedo evitarlo,enojo
oye ya no tengo energia para nada de lo que antes me gustaba men,triste
men tengo miedo de decir algo y que lo malinterpreten y nadie lo entiende,miedo
me hicieron fila tres horas y no me atendieron y no se que hacer,enojo
oye tengo miedo de haber arruinado algo sin saberlo y no lo digo seguido,miedo
no te miento me saca de quicio todo esto sinceramente,enojo
desde ayer tengo ansiedad por lo que viene esta semana,miedo
es que me fue bien en la sustentacion y me cuesta mucho,feliz
mira me tiene completamente harto otra vez,enojo
mira lo que paso ya les dije mil veces y no cambia nada y me tiene agotado,enojo
en serio me trataron como si no existiera y no lo puedo ocultar,enojo
no tolero que me trates asi y eso no esta bien,enojo
me siento lleno de alegria en serio,feliz
oye me respondio el mensaje que esperaba y me afecta mucho,feliz
la verdad me tratan diferente por ser joven pero bueno,enojo
la verdad me dejaron solo en esto y necesito que alguien me entienda,triste
me ignoraron durante horas pero bueno,enojo
ultimamente me dicen que me esfuerce mas cuando ya doy todo y me cuesta aceptarlo,enojo
ahora mismo todo lo que construi se cayo otra vez,triste
mira me usaron cuando les convenia y despues nada,enojo
lo que pasa es que me saca de quicio todo esto y eso me pesa,enojo
en serio me dejo mi novio y estoy muy mal la verdad,triste
ultimamente me siento lleno de energia y no se que hacer,feliz
no se estoy cansado de aparentar que todo esta bien,triste
me tiene muy preocupado lo que esta pasando y no puedo evitarlo,miedo
la verdad es que que dia tan productivo tuve hoy de verdad,feliz
lo que pasa es que siento un vacio enorme dentro de mi y no se como seguir,triste
fijate que me tiene angustiado no saber que va a pasar otra vez,miedo
en este momento hoy fue un mal dia y me afecta mucho,triste
definitivamente tengo panico ultimamente,miedo
es que hicieron algo injusto y nadie dijo nada y me afecta mucho,enojo
me di cuenta que nadie me busca si yo no busco y nadie lo entiende,triste
hoy no se que va a pasar en este momento,miedo
es que tengo miedo de tomar una decision y que salga mal pero bueno,miedo
es que tengo los mejores amigos,feliz
no te miento estoy rodeado de gente y me siento solo y necesito que alguien me entienda,triste
la verdad ya me canse de esto por todo lo que paso,enojo
fijate que me interrumpieron todo el tiempo,enojo
para serte honesto siempre me pasa lo mismo con las mismas personas y nadie lo entiende,enojo
vieja se aprovecharon de la buena fe mia,enojo
la verdad no logre lo que esperaba de verdad,triste
no te miento me da pena hablar en publico y manana me toca,miedo
no te miento me tocó repetir el tramite porque perdieron mis papeles y nadie lo sabe,enojo
realmente esto me molesta mucho ultimamente,enojo
la verdad es que lei el mensaje mal y arruine todo y no lo digo seguido,triste
hermano me tiene muy apagado esta situacion parce,triste
la verdad me hablaron muy mal pero no digo nada,enojo
hoy me da miedo no estar a la altura de lo que se espera bro,miedo
lo que pasa es que llevo dias aguantando esto y ya no puedo y no es facil admitirlo,enojo
definitivamente estoy muy enojado y me afecta mucho,enojo
sabes que que buena experiencia vivimos juntos y estoy muy agradecido,feliz
lo que pasa es que se burlaron de algo que me costo decir y trato de disimularlo,enojo
ahora mismo tengo miedo de que las cosas cambien de repente y no puedo evitarlo,miedo
te cuento que estoy muy bravo con lo que paso de verdad,enojo
en serio siento una tristeza profunda que no pasa y no lo puedo superar,triste
en serio tengo miedo de que me cancelen por algo que dije,miedo
la verdad me siento nervioso por todo lo que pasa,miedo
ahora mismo siento demasiado temor en este momento,miedo
ultimamente me copiaron el trabajo y lo publicaron como propio y trato de disimularlo,enojo
bro me saca de quicio que no cambien nada y me cuesta aceptarlo,enojo
en serio siento una pena muy grande por eso,triste
en serio tengo miedo de haber arruinado algo sin saberlo pero necesitaba decirlo,miedo
me llegó una carta del juzgado y no se que es parce,miedo
hoy hoy no tuve que fingir que estaba bien pero necesitaba decirlo,feliz
es que tengo un presentimiento muy malo y no lo puedo ocultar,miedo
la verdad es que siento una angustia que me paraliza y no puedo calmarlo,miedo
si esto no funciona no se que voy a hacer y ya,miedo
es que me sacaron de la jugada sin ninguna explicacion y nadie lo sabe,enojo
ultimamente me contactaron por mi trabajo y quede feliz y nadie lo entiende,feliz
ahora mismo no quiero salir solo y me afecta mucho,miedo
sinceramente quiero estar solo todo el tiempo,triste
me dijeron que me quieren la verdad,feliz
tengo miedo de no poder salir adelante y no se que hacer,miedo
en serio me siento muy agradecido con la vida en serio,feliz
la verdad tengo miedo de que todo cambie y eso me pesa,miedo
mira me trataron como si yo fuera el problema parce,enojo
hoy fue mejor de lo que esperaba y ya,feliz
oye tengo algo importante manana y no puedo dormir y ya,miedo
sinceramente las cosas ya no son como antes y me tiene mal,triste
me da pena decirlo pero me dijeron que cambie como si estuviera mal ser yo y me tiene agotado,triste
mira dijeron cosas que no son verdad sobre mi y necesito que alguien me entienda,enojo
estoy muy asustado con lo que puede pasar y ya,miedo
la verdad es que me paraliza la idea de tener que hablar en grupo y me pesa cargarlo solo,miedo
desde ayer estoy realmente frustrado todo el tiempo,enojo
nacio mi hija pero necesitaba decirlo,feliz
sinceramente me tocó pagar una multa que no era justa,enojo
en serio siento que todo se fue y no volvera y no se como seguir,triste
la verdad me pelee con mi mejor amigo y me duele mucho y ya,triste
sinceramente me ofrecieron un mejor cargo y quisiera que alguien me ayudara,feliz
sinceramente me da ansiedad abrir ese chat pero ya no puedo mas,miedo
te cuento que me fue de maravilla en la entrevista y no puedo evitarlo,feliz
te cuento que quedamos de una con el plan y no puedo evitarlo,feliz
la verdad es que que alegria tan grande la que siento de verdad,feliz
en este momento estoy agradecido por todo por todo lo que paso,feliz
en serio me duele mucho lo que esta pasando y me duele mucho,triste
siento que el tiempo paso y yo no hice nada la verdad,triste
no te miento hoy me di cuenta que avance mucho la verdad,feliz
me tiene muy desanimado todo esto y no se que hacer,triste
la verdad odio esta situacion ultimamente,enojo
la verdad me dicen que me esfuerce mas cuando ya doy todo men,enojo
ahora mismo que problema tan absurdo y me afecta mucho,enojo
en serio me ignoraron completamente y no puedo evitarlo,enojo
para serte honesto mi grupo hizo el trabajo sin contar conmigo pero necesitaba decirlo,triste
hoy me fallaron cuando mas los necesitaba y me tiene mal,triste
mira no tuve ganas de comer y no puedo evitarlo,triste
para serte honesto nadie noto que algo me pasaba y me cuesta mucho,triste
es que me salio todo bien y no me lo esperaba la verdad,feliz
hoy me borraron un comentario que tenia toda la razon y me afecta,enojo
lo que pasa es que encontre lo que buscaba la verdad,feliz
lo que pasa es que siento que estoy de mas otra vez,triste
la verdad me pusieron a hacer el trabajo de todos la verdad,enojo
parce hoy fue un parche buenisimo,feliz
me da pena hablar en publico y manana me toca y me cuesta mucho,miedo
no te miento me llegó una carta del juzgado y no se que es de verdad,miedo
desde ayer me hicieron perder el tiempo ultimamente,enojo
en este momento estoy harto de todo ultimamente,enojo
oye me ignoraron durante horas,enojo
oye ya no esta la persona que queria y me tiene mal,triste
ultimamente hoy hice algo que me daba mucho miedo y salio bien bro,feliz
te cuento que estoy apostando todo a esto y no puedo evitarlo,miedo
hoy me hicieron fila tres horas y no me atendieron de verdad,enojo
honestamente no voy a tolerar ese comportamiento sin excusas,enojo
no se si contarte pero me dieron el viernes libre y nadie lo entiende,feliz
que dia tan productivo tuve hoy,feliz
es que no se si ese mensaje significaba lo que creo y no lo digo seguido,miedo
es que capturaron una conversacion privada y la compartieron,enojo
hoy no se que va a pasar y no se que hacer,miedo
me dejo mi novio y estoy muy mal y me cuesta mucho,triste
la verdad no hubo trafico hoy y es agotador,feliz
estoy muy asustado con lo que dijiste y eso me preocupa mucho,miedo
no te miento pude expresarme sin que me juzgaran y me tiene agotado,feliz
hoy hicieron lo que quisieron sin preguntarme nada y nadie lo sabe,enojo
todo esta funcionando bien y me afecta mucho,feliz
mira perdi tiempo en algo que no valio y no puedo evitarlo,enojo
mi equipo gano hoy y estoy feliz pero bueno,feliz
me da pena decirlo pero me corrigieron el tono sin escuchar lo que dije de verdad,enojo
la verdad es que me pusieron en evidencia en un grupo pero ya no puedo mas,enojo
siento que algo muy importante se perdio y quisiera que no fuera así,triste
desde hace dias no voy a tolerar esto mas y eso me pesa,enojo
hoy me tiene con los nervios destrozados de verdad,miedo
las cosas ya no son como antes y me afecta,triste
nadie hace las cosas bien aqui todo el tiempo,enojo
la verdad todo esta funcionando bien otra vez,feliz
me copiaron el trabajo y lo publicaron como propio sinceramente,enojo
la verdad me tiene completamente harto y no puedo evitarlo,enojo
te cuento que me pusieron obstaculos que no tenian sentido,enojo
en serio me siento muy decaido en este momento,triste
la verdad es que me duele mucho haberlo perdido y me duele mucho,triste
no te miento me dejaron hacer todo el trabajo solo y es agotador,enojo
hoy estoy realmente frustrado todo el tiempo,enojo
para serte honesto siento que fracase sinceramente,triste
me da pavor pensar en eso,miedo
hoy me da mucha pena decirle eso a la gente hermano,miedo
la verdad es que no entiendo tu actitud para nada de verdad,enojo
oye me pone muy ansioso pensar en eso y ya,miedo
oye tengo panico de no saber como actuar en esa situacion y no es facil admitirlo,miedo
en serio hoy amaneci con toda la actitud la verdad,feliz
lo que pasa es que me duele mucho lo que esta pasando y quisiera que no fuera así,triste
desde hace dias tengo miedo de decepcionar a todos y ya,miedo
en serio estoy muy nervioso con esa vuelta,miedo
no te miento todo el mundo sigue y yo estoy quieto la verdad,triste
hoy siento que algo esta pasando y nadie me dice que y nadie lo sabe,miedo
es que me citaron a declarar y estoy muy nervioso,miedo
oye no me puedo sacar esta sensacion de encima y nadie lo sabe,miedo
no te miento me mandaron un mensaje muy agresivo y nadie lo entiende,enojo
de verdad estoy muy decaido y sin esperanza,triste
mira me salio el traslado que pedi pero bueno,feliz
termino mi relacion y no puedo evitarlo,triste
fijate que me faltaron el respeto delante de todos,enojo
definitivamente me siento excelente en este momento,feliz
te digo que estoy muy decaido y sin esperanza y quisiera que no fuera así,triste
hoy mi mejor amigo se fue a vivir lejos de verdad,triste
oye siento que perdi una etapa de mi vida y me afecta,triste
hoy me dejo mi novio y estoy muy mal,triste
no te miento me estan ocultando algo y eso me pone nervioso y nadie lo sabe,miedo
fijate que tengo miedo de que me alejen si se dan cuenta como soy y eso me tiene mal,miedo
hoy tengo miedo de tomar una decision y que salga mal,miedo
la verdad me tiene muy cansado esa actitud la verdad,enojo
hoy ya no tengo energia para nada de lo que antes me gustaba y me tiene pensando mucho,triste
hoy hoy amaneci con mucha energia la verdad,feliz
todo el mundo sigue y yo estoy quieto de verdad,triste
ahora mismo me da terror decepcionar a alguien que confio en mi y me cuesta mucho,miedo
la verdad fallecio alguien cercano y ya,triste
mira me mencionaron en algo que me puso en ridiculo y me tiene pensando mucho,enojo
la verdad es que estoy muy feliz con los resultados de verdad,feliz
hoy me gane una chamba buenisima y no puedo evitarlo,feliz
me descuentan del sueldo cosas que no firmé,enojo
men borre todas mis fotos porque no me gustaba nada,triste
la verdad es que me cambiaron el trabajo sin consultarme y trato de disimularlo,enojo
sinceramente me duele mucho haberlo perdido y me duele mucho,triste
es que no tuve ganas de comer,triste
fijate que me da terror mostrarme como soy de verdad y eso me tiene mal,miedo
ahora mismo me paraliza la idea de tener que hablar en grupo sinceramente,miedo
hoy me siento lleno de energia de verdad,feliz
no te miento pase el semestre sin perder nada y nadie lo entiende,feliz
me salio el traslado que pedi y ya,feliz
hoy ya no quiero hablar y me afecta mucho,triste
cumpli mi meta del año de verdad,feliz
estoy muy feliz y emocionado de verdad,feliz
no te miento me paraliza la idea de tener que hablar en grupo y me afecta mucho,miedo
me angustia saber que todo queda guardado en internet de verdad,miedo
hoy esto me molesta mucho en este momento,enojo
te cuento que me saca de quicio todo esto y me tiene mal,enojo
sinceramente me asusta mucho lo que esta pasando en el barrio parce,miedo
sinceramente estoy temblando de nervios en este momento,miedo
desde hace dias no se si voy a poder con esto otra vez,miedo
oye me pidieron que fuera a una reunion sin decirme de que y nadie lo sabe,miedo
hermano ya no hablo con mi parcero de toda la vida parce,triste
siento un miedo terrible ahora mismo,miedo
la verdad estoy muy bravo con lo que paso y eso me duele,enojo
sinceramente me dijeron que era muy sensible por sentirme mal y no lo digo seguido,enojo
no puedo creer que no te soporto mas y me parece muy mal,enojo
desde hace dias tengo panico de que me pregunten algo frente a todos y no se que hacer,miedo
sinceramente me dieron la visa,feliz
de verdad que estupidez lo que hiciste,enojo
hoy me independice por fin,feliz
la verdad siento que algo malo va a pasar y no puedo evitarlo,miedo
hoy todo fluyo bien y me tiene mal,feliz
hoy cumpli mi meta del año y me afecta,feliz
hoy que suerte tan grande la mia,feliz
ultimamente me di cuenta que no me invitaron a la reunion pero ya no puedo mas,triste
la verdad me siento increible por todo lo que paso,feliz
la verdad tengo ansiedad y me afecta mucho,miedo
hoy no se si voy a poder sostenerme solo,miedo
lo que es cierto es que estoy emocionado con las noticias,feliz
hermano me tiene muy irritado todo esto,enojo
mira me mandaron un mensaje raro y no entiendo que quieren la verdad,miedo
te digo que siento una melancolía muy profunda de verdad,triste
realmente estoy agotado emocionalmente desde hace dias,triste
hoy me llamaron de la empresa y no dijeron para que la verdad,miedo
sinceramente que problema tan absurdo y no se que hacer,enojo
desde hace dias hoy no tengo que trabajar sinceramente,feliz
te digo que me critican las decisiones sin conocer mi situacion,enojo
es que estoy muy angustiado sin encontrar salida y no se que hacer,miedo
desde hace dias estoy rodeado de gente y me siento solo y necesito que alguien me entienda,triste
lo que es cierto es que me pone de muy buen humor esto y estoy muy agradecido,feliz
te cuento que me tiene muy apagado esta situacion y no es facil,triste
para serte honesto me mandaron un audio muy lindo y me tiene agotado,feliz
no aguanto mas esta situacion,enojo
desde ayer estoy disfrutando mucho por todo lo que paso,feliz
es que logre cerrar el trato que necesitaba sinceramente,feliz
sinceramente sali del pais por primera vez,feliz
de verdad me tiene harto tu falta de respeto y ya me canse,enojo
desde hace dias estoy rodeado de gente y me siento solo y es agotador,triste
definitivamente me siento feliz ultimamente,feliz
hoy me dieron una sorpresa muy bonita hoy y me cuesta mucho,feliz
no puedo evitar que tengo miedo de no tener a nadie conmigo y eso me preocupa mucho,miedo
me pidieron que fuera a recursos humanos y no se que hacer,miedo
ahora mismo ya no esta la persona que queria y no se que hacer,triste
te juro que tengo miedo de que se den cuenta que no entiendo y no lo digo seguido,miedo
hoy estoy muy agradecido con todos y estoy muy contento,feliz
hoy pague y no me dieron lo que ofrecieron de verdad,enojo
definitivamente estoy temblando de nervios y no se que hacer,miedo
mira lo que paso tengo miedo de que las cosas cambien de repente y me afecta mucho,miedo
no te miento me salio rico lo que cocine otra vez,feliz
lo que pasa es que perdi algo muy importante y ya,triste
ultimamente me bloqueo sin darme una explicacion pero necesitaba decirlo,triste
mi familia esta pasando un momento muy dificil y ya,triste
la verdad ya no se que hacer desde hace dias,triste
te digo que me siento muy bien y muy contento,feliz
en serio me asusta no saber si voy a conseguir trabajo,miedo
en serio me hicieron perder el tiempo todo el tiempo,enojo
siento tristeza y desesperanza ahora y no se como seguir,triste
todo el mundo parece tener todo claro menos yo,triste
mira me pelee con mi mejor amigo y me duele mucho y me tiene mal,triste
en serio me pusieron el visto y luego respondieron bien y me tiene agotado,feliz
te cuento que me encontre con un amigo que no veia hace tiempo y ya,feliz
sinceramente hable con alguien nuevo y no fue tan malo y no es facil admitirlo,feliz
me da pena hablar en publico y manana me toca pero bueno,miedo
hoy fue un dia muy gris y es agotador,triste
no te miento hoy me fue de pelos de verdad,feliz
hoy tengo miedo de que me quiten el trabajo y ya,miedo
sinceramente me toco el dia libre y me afecta mucho,feliz
no te miento cambiaron todo sin avisarme y no puedo evitarlo,enojo
la verdad me siento orgulloso de donde estoy y nadie lo sabe,feliz
oye pude expresarme sin que me juzgaran y me tiene agotado,feliz
estoy muy angustiado con las posibilidades,miedo
oye cumpli mi meta del año,feliz
siento que me estoy quedando sin opciones,miedo
para serte honesto no me merecia este trato,enojo
no te miento estoy esperando una respuesta y me tiene nervioso todo el tiempo,miedo
la verdad ya me canse de esto en este momento,enojo
para serte honesto abusaron de mi confianza y necesito que alguien me entienda,enojo
en serio no entiendo como la gente puede ser asi la verdad,enojo
desde ayer tengo miedo de fallar,miedo
men me canse de pedir ayuda y no recibirla y me afecta,triste
me mintieron descaradamente en la cara parce,enojo
te cuento que se fue mi gato hoy pero bueno,triste
que buena noticia para terminar el dia,feliz
parce me tiene muy apagado esta situacion,triste
sinceramente por fin me salio el pasaporte,feliz
de verdad me cansa tu falta de madurez y no lo voy a tolerar,enojo
es que mi pareja me sorprendio y me afecta mucho,feliz
mira tengo una entrevista y me muero del susto y necesito que alguien me entienda,miedo
te digo que siento un dolor emocional muy grande y no lo puedo superar,triste
la verdad es que siento un vacio que no puedo llenar y no lo puedo superar,triste
oye me dejo en visto y no respondio sinceramente,triste
te juro que me dejo de seguir en redes sociales y no es facil admitirlo,triste
la verdad me pone muy nervioso tener que dar explicaciones,miedo
fijate que salimos a rumbear y la pase muy bien la verdad,feliz
sinceramente me dijeron que exageraba pero necesitaba decirlo,enojo
hoy me tienen muy mamado con esa vuelta y me tiene mal,enojo
definitivamente hoy fue maravilloso todo el tiempo,feliz
desde ayer todo esta funcionando bien desde hace dias,feliz
hoy alguien noto que estaba bien y me lo dijo y me cuesta mucho,feliz
en serio nadie me eligio para su equipo y me pesa cargarlo solo,triste
la verdad me pelee con mi mejor amigo y me duele mucho y no puedo evitarlo,triste
estoy muy triste y no se que hacer y me duele mucho,triste
sinceramente termine de pagar mi deuda de verdad,feliz
hoy mi mejor amigo se fue a vivir lejos pero necesitaba decirlo,triste
sinceramente eso estuvo muy mal de tu parte y punto,enojo
de verdad que dia tan productivo tuve hoy,feliz
hoy me siento inseguro otra vez,miedo
es que estoy muy emocionado con lo que viene de verdad,feliz
la verdad me hicieron firmar algo que no entendi y ya,enojo
hoy estoy demasiado molesto y me afecta mucho,enojo
es que no me puedo quitar esa preocupacion de encima y me cuesta mucho,miedo
mira estoy muy cansado de lucharla solo hermano,triste
es que me respondio el mensaje que esperaba sinceramente,feliz
en serio me di cuenta que nadie me busca si yo no busco pero bueno,triste
de verdad que manera tan irresponsable de actuar y ya me canse,enojo
te cuento que estoy apostando todo a esto y me tiene mal,miedo
no te miento ya no hablo con mi parcero de toda la vida parce,triste
te digo que hoy no tuve que madrugar y lo disfrute,feliz
fijate que me trataron como si no existiera,enojo
siento mucha ansiedad por lo desconocido y no puedo calmarlo,miedo
que maravilloso momento estoy viviendo sin duda,feliz
sinceramente hablaron de algo que yo no sabia y me senti excluido y me afecta mucho,triste
es que tengo miedo de lo que piensen de mi y no se que hacer,miedo
mira estoy muy asustado con lo que puede pasar la verdad,miedo
no te miento estoy muy cansado de lucharla solo,triste
oye me senti aceptado como soy y quisiera que alguien me ayudara,feliz
la verdad me tiene muy irritado todo esto y no se que hacer,enojo
para serte honesto hice algo que me daba miedo y salio bien pero ya no puedo mas,feliz
fijate que el medico me dijo que necesita hablar conmigo,miedo
ultimamente tengo un presentimiento muy malo y me tiene mal,miedo
me aterra no saber como va a terminar de verdad,miedo
la verdad me tiene muy enojado esa situacion,enojo
parce el partido de colombia salio bien y ya,feliz
tengo panico de fallar cuando todos confian en mi men,miedo
en este momento me siento muy triste en este momento,triste
definitivamente que problema tan absurdo y me afecta mucho,enojo
en serio me duele mucho lo que me dijeron de verdad,triste
en serio me embargaron la cuenta y no entiendo por que y no es facil,miedo
sinceramente estoy muy triste con lo que paso y quisiera que no fuera así,triste
sinceramente tengo mucho miedo y me afecta mucho,miedo
lo que pasa es que vi que estaba en linea pero no me respondio y nadie lo entiende,triste
lo que pasa es que me saco del grupo sin razon y nadie lo entiende,triste
hoy me siento furioso todo el tiempo,enojo
hoy me puse muy feliz con eso parce y nadie lo sabe,feliz
te digo que que suerte tan grande la mia y es lo mejor que me paso,feliz
te juro que todos parecen entender menos yo y trato de disimularlo,triste
no se si contarte pero tuve que fingir que estaba bien toda la noche pero ya no puedo mas,triste
fijate que mi grupo de trabajo funciono muy bien y no es facil admitirlo,feliz
sinceramente me da susto pedir el favor porque me da pena parce,miedo
mira me embargaron la cuenta y no entiendo por que parce,miedo
vieja estoy muy asustado con lo que puede pasar y nadie lo sabe,miedo
la verdad es que tengo miedo de que se den cuenta que no entiendo y me cuesta mucho,miedo
ahora mismo no supe leer la situacion y meti la pata y nadie lo entiende,triste
honestamente me frustra muchisimo esto,enojo
te cuento que me dejaron plantado y ni se disculparon y eso me duele,enojo
oye me fui de la reunion antes porque no podia mas y trato de disimularlo,triste
sinceramente siento una ansiedad muy fuerte ahora,miedo
oye tengo miedo de que me alejen si se dan cuenta como soy y no se que hacer,miedo
me da pena decirlo pero el profesor me felicito por el trabajo y no se que hacer,feliz
de verdad me entristece mucho pensar en eso,triste
me produce mucho enojo esto y ya me canse,enojo
sinceramente no se como decirlo sin que se enojen y trato de disimularlo,miedo
fijate que me dieron el trabajo que queria,feliz
fijate que termino mi relacion sinceramente,triste
hoy estoy agotado emocionalmente esta semana,triste
sinceramente me senti aceptado como soy de verdad,feliz
la verdad tengo un mal presentimiento desde ayer,miedo
sinceramente encontre lo que buscaba y necesito que alguien me entienda,feliz
sabes que me siento increiblemente bien de verdad,feliz
de verdad me parece increible tu actitud,enojo
la verdad no logre lo que esperaba todo el tiempo,triste
para serte honesto me respondio el mensaje que esperaba,feliz
sinceramente tengo un miedo horrible que no me deja y no se que hacer,miedo
ultimamente me eliminaron del grupo sin decir nada y no es facil,enojo
mi mejor amigo se fue para otro pais y no es facil,triste
ultimamente hoy me vi bien en el espejo y me gusto y nadie lo entiende,feliz
es que no me dejaron terminar de hablar sinceramente,enojo
estoy muy emocionado por todo lo que paso,feliz
me siento muy decaido sin saber por que y no se como seguir,triste
no te miento tengo miedo de que me juzguen y necesito que alguien me entienda,miedo
me estan ocultando algo y eso me pone nervioso y me tiene mal,miedo
ahora mismo tengo miedo de haber arruinado algo sin saberlo y eso me tiene mal,miedo
la verdad siento que no tengo proposito,triste
no te miento me salio el negocio que queria y ya,feliz
la verdad estoy temblando de nervios desde hace dias,miedo
sinceramente estoy muy apagado sin poder sonreir,triste
hoy me tiene muy preocupado lo que esta pasando parce,miedo
me siento muy bien emocionalmente,feliz
de verdad me decepciona mucho tu actitud y me parece muy mal,enojo
me siento solo aunque este rodeado de gente y me tiene pensando mucho,triste
la verdad me tiene muy cansado esta gente,enojo
me siento destruido en este momento,triste
me cambiaron las condiciones a ultimo momento y me tiene mal,enojo
lo que pasa es que nadie hace las cosas bien aqui y eso me pesa,enojo
ultimamente pude decir lo que sentia sin miedo y trato de disimularlo,feliz
la verdad tengo panico de fallar frente a todos pero no digo nada,miedo
hicimos sancocho en familia y fue muy rico y no se que hacer,feliz
esto es injusto en este momento,enojo
sinceramente me senti aceptado como soy,feliz
men me bloquearon sin darme ninguna explicacion,enojo
te juro que que irresponsable eres con todo y ya me canse,enojo
hoy todo esta funcionando bien por todo lo que paso,feliz
sinceramente me pidieron que fuera a recursos humanos y me cuesta mucho,miedo
no te miento me dejaron solo en esto otra vez,triste
la verdad todo esta mejorando en este momento,feliz
me independice por fin y no se que hacer,feliz
no te miento me da panico equivocarme y que no me perdonen,miedo
sinceramente todo esta saliendo bien y eso me alegra,feliz
es que algo me dice que las cosas van a cambiar mal pero bueno,miedo
sinceramente tengo miedo de cometer un error grave,miedo
hoy me corrigieron el tono sin escuchar lo que dije y no se que hacer,enojo
honestamente me da una bronca tremenda,enojo
ahora mismo tengo panico otra vez,miedo
no te miento nacio mi hija y no puedo evitarlo,feliz
oye tengo miedo de que mi respuesta suene agresiva y me pesa cargarlo solo,miedo
la verdad es que el profesor me humillo frente a todos sinceramente,triste
sinceramente me corrigieron el tono sin escuchar lo que dije y me cuesta mucho,enojo
oye no supe si era una broma o algo serio y trato de disimularlo,triste
te digo que llegue a los seguidores que queria de verdad,feliz
para serte honesto me fui de la reunion antes porque no podia mas y me afecta mucho,triste
no se que va a pasar y me aterra y me tiene muy nervioso,miedo
no te miento siento que algo se rompio dentro de mi y necesito que alguien me entienda,triste
honestamente me da mucha rabia lo que hiciste,enojo
en serio siento una pena enorme que no pasa y no lo puedo superar,triste
oye me angustia no saber como interpretar eso y no puedo evitarlo,miedo
hoy si esto no funciona no se que voy a hacer y no se que hacer,miedo
la verdad me regalaron algo que queria hace mucho y nadie lo sabe,feliz
desde hace dias me paraliza la idea de tener que hablar en grupo y no lo digo seguido,miedo
es que estoy realmente indignado todo el tiempo,enojo
en serio mi grupo hizo el trabajo sin contar conmigo y me tiene agotado,triste
te juro que me siento muy agradecido con la vida hoy de verdad,feliz
sinceramente ya no hablo con mi parcero de toda la vida y eso me duele,triste
en serio me duele mucho haber perdido eso,triste
estoy muy triste y no puedo dormir y quisiera que no fuera así,triste
me siento muy bien por lo que logre,feliz
de verdad estoy en el mejor momento de mi vida y estoy muy agradecido,feliz
la verdad me llegó una carta del juzgado y no se que es de verdad,miedo
oye extraño mucho a las personas que ya no estan pero bueno,triste
la verdad ya no hablo con alguien que queria mucho y no se que hacer,triste
tengo miedo de que mis sueños no sean suficientes,miedo
en serio me da terror enfrentar esto solo y no lo puedo ocultar,miedo
estoy muy feliz y emocionado y no lo puedo creer,feliz
estoy muy angustiado con todo esto y no puedo calmarlo,miedo
mi familia estuvo muy unida hoy,feliz
nacio mi hija sinceramente,feliz
en serio me da pavor equivocarme pero no digo nada,miedo
me faltó al respeto,enojo
mira me tiene muy intranquilo todo esto,miedo
sinceramente esto es injusto y no se que hacer,enojo
la verdad no se si voy a poder sostenerme solo y me afecta,miedo
fijate que me tratan diferente y no entienden por que me molesta y quisiera que alguien me ayudara,enojo
parce me tocó repetir el tramite porque perdieron mis papeles y me tiene mal,enojo
oye mi mejor amigo se fue para otro pais de verdad,triste
lo que pasa es que que falta de respeto tan grande y me parece muy mal,enojo
hoy me hicieron repetir el tramite tres veces de verdad,enojo
te cuento que mi familia se fue a vivir lejos y me siento solo hermano,triste
hoy nada tiene sentido y no se que hacer,triste
mira me trataron como si yo fuera el problema y ya,enojo
en serio tengo los mejores amigos la verdad,feliz
no me reconozco ultimamente pero bueno,triste
no te miento hicieron algo injusto y nadie dijo nada y es agotador,enojo
ultimamente llegue a los seguidores que queria y no se que hacer,feliz
oye nacio mi hijo sinceramente,feliz
la verdad es que que felicidad tan grande siento ahora de verdad,feliz
la verdad me siento muy vacio aunque tenga cosas que hacer,triste
la verdad siento que estoy decepcionando a todos,triste
desde hace dias tengo una entrevista y me muero del susto de verdad,miedo
no puedo creer que que situacion tan frustrante esta y punto,enojo
es que subi una foto y me arrepenti de haberla subido bro,triste
desde hace dias no se si estoy listo para esto y necesito que alguien me entienda,miedo
oye me dieron el viernes libre y me cuesta mucho,feliz
lo que pasa es que me saca de quicio tu actitud de verdad,enojo
lo que pasa es que nadie me eligio para su equipo y me afecta mucho,triste
definitivamente tengo panico esta semana,miedo
hoy estoy agotado emocionalmente todo el tiempo,triste
hoy me da demasiada rabia desde hace dias,enojo
hoy estoy que no me la creo de verdad,feliz
la verdad me siento sin energia esta semana,triste
nacio mi hija y nadie lo sabe,feliz
te cuento que me hicieron sentir mal por preguntar,enojo
tengo miedo de embarrarla con esa decision,miedo
no puedo evitar que estoy muy asustado de tomar esa decision y eso me preocupa mucho,miedo
hoy vi que estaba en linea pero no me respondio sinceramente,triste
vieja siento que todo el mundo sigue y yo me quede quieto y me tiene mal,triste
no te miento tengo miedo de ver lo que me respondieron y eso me tiene mal,miedo
hoy me da panico enviar ese mensaje y quedar mal la verdad,miedo
en serio siento que todos avanzan menos yo y me afecta,triste
vieja me cambiaron el turno sin avisarme hermano,enojo
oye me preocupa haber dicho algo sin darme cuenta pero necesitaba decirlo,miedo
te cuento que mi equipo gano hoy y estoy feliz parce,feliz
hoy fue un dia muy chévere la verdad,feliz
hoy salimos a rumbear y la pase muy bien y me cuesta mucho,feliz
que caradureza la tuya y no lo entiendo,enojo
la verdad es que eso que hiciste estuvo muy feo en serio,enojo
compre mi primera casa,feliz
me respondieron con mala cara sin razon y nadie lo sabe,enojo
hoy me senti muy a gusto con todo la verdad,feliz
oye llegue y me dijeron que no habia cupo y no se que hacer,enojo
te cuento que tengo un presentimiento muy malo y no puedo evitarlo,miedo
es que tengo miedo de embarrarla con esa decision y me cuesta mucho,miedo
es que no hubo trafico hoy pero no digo nada,feliz
te juro que me eliminó de sus contactos sin decir nada pero ya no puedo mas,triste
hoy estoy muy emocionado con el futuro,feliz
oye me tiene muy intranquilo todo esto y no puedo evitarlo,miedo
sinceramente me asusta pensar en el futuro y no puedo evitarlo,miedo
no te miento me toco el dia libre y me tiene mal,feliz
en serio mi familia esta pasando un momento muy dificil hermano,triste
desde hace dias me pusieron en evidencia en un grupo de verdad,enojo
la verdad estoy muy enojado ultimamente,enojo
desde ayer siento demasiado temor y eso me preocupa,miedo
en serio quise decir algo pero no encontre las palabras y me tiene agotado,triste
definitivamente me siento muy feliz,feliz
te digo que me pone muy feliz lo que dijiste,feliz
definitivamente recibi buenas noticias y no se que hacer,feliz
en serio se llevaron el credito de lo que yo hice y es agotador,enojo
hoy me canse de esperar que las cosas cambien solas y nadie lo entiende,triste
sabes que que dia tan exitoso fue hoy y es lo mejor que me paso,feliz
mira perdi tiempo en algo que no valio y me tiene mal,enojo
no te miento siento que nadie me toma en serio y no se que hacer,enojo
sinceramente me dejaron plantado y ni se disculparon y nadie lo sabe,enojo
estoy muy feliz con los resultados y no lo puedo creer,feliz
mira lo que paso hoy no tuve que fingir que estaba bien y me tiene agotado,feliz
la verdad me case hoy y no puedo evitarlo,feliz
sinceramente siento una soledad enorme que me pesa y me duele mucho,triste
te cuento que se fue mi gato hoy pero necesitaba decirlo,triste
mira me hicieron firmar algo que no entendi y nadie lo sabe,enojo
oye me quede callado cuando debi haber hablado de verdad,triste
hoy pase el dia en cama sinceramente,triste
no te miento me trataron como si no existiera y me afecta mucho,enojo
mira no se si voy a poder con esto sinceramente,miedo
de verdad no se puede confiar en ti y eso no esta bien,enojo
sinceramente no puedo dejar de preocuparme sinceramente,miedo
sinceramente tengo temor de que todo salga mal,miedo
lo que pasa es que que irresponsable eres en serio y me parece muy mal,enojo
fijate que el resultado me tiene muy angustiado la verdad,miedo
vieja consegui apartamento en arriendo bien precio parce,feliz
sinceramente defendi mi proyecto y quede bien,feliz
para serte honesto tuve que repetir lo mismo mil veces y no lo puedo ocultar,enojo
mira que estupidez lo que hiciste y punto,enojo
me cobraron mas de lo que decia el precio hermano,enojo
desde ayer todo me pone mal y no se que hacer,triste
no se me contactaron por mi trabajo y quede feliz,feliz
me siento muy pleno con lo que estoy haciendo y nadie lo entiende,feliz
ultimamente ya no esta la persona que queria y necesito que alguien me entienda,triste
desde hace dias me cambiaron el trabajo sin consultarme y no se como manejarlo,enojo
cambio su estado y supe que era por mi y no es facil admitirlo,triste
mira mi familia esta bien y es agotador,feliz
ultimamente me siento motivado y eso me alegra,feliz
en serio me hicieron una videollamada sorpresa y me tiene agotado,feliz
mira me tiene muy intranquilo todo esto y ya,miedo
me entristece mucho esta situacion,triste
es que estoy muy ilusionado con lo que viene todo el tiempo,feliz
fijate que me hablaron como si fuera tonto pero bueno,enojo
en serio hoy descanse muy bien,feliz
fijate que me hablaron como si fuera tonto y nadie lo sabe,enojo
para serte honesto tengo miedo de decepcionar a todos y me afecta mucho,miedo
hoy me siento lleno de energia desde hace dias,feliz
esto arruino mi dia esta semana,enojo
es que me echaron sin explicacion y nadie lo sabe,triste
ahora mismo no entiendo nada y me da verguenza preguntar de verdad,triste
hoy estoy apostando todo a esto,miedo
ultimamente estoy disfrutando mucho otra vez,feliz
desde hace dias me prometieron que no volveria a pasar y me tiene agotado,enojo
es que me asusta mucho no saber que hacer y no puedo calmarlo,miedo
la verdad es que me pone de buen humor todo hoy y estoy muy agradecido,feliz
es que me salio rico lo que cocine y no lo puedo ocultar,feliz
termine de pagar mi deuda de verdad,feliz
bro me tiene muy bravo la falta de respeto,enojo
tengo miedo de no poder manejar esto y eso me preocupa mucho,miedo
ahora mismo estoy demasiado preocupado todo el tiempo,miedo
de verdad estoy muy triste y no se que hacer y no lo puedo superar,triste
es que me canse de pedir lo mismo sin resultado y me pesa cargarlo solo,enojo
es que no se como va a terminar esto y es agotador,miedo
subi una foto y me arrepenti de haberla subido de verdad,triste
es que estoy muy nervioso por los resultados,miedo
hoy me reportaron sin motivo y me bloquearon la cuenta y me afecta,enojo
tengo un miedo muy grande en este momento y no se que hacer,miedo
fijate que hicimos sancocho en familia y fue muy rico y eso me duele,feliz
sinceramente hoy no tuve que fingir que estaba bien pero necesitaba decirlo,feliz
mira si esto no funciona no se que voy a hacer y ya,miedo
sinceramente estoy muy nervioso por los resultados,miedo
mira tengo miedo de que me juzguen y ya,miedo
la verdad me pidieron que fuera a recursos humanos,miedo
te digo que tengo panico de no salir de esto de verdad,miedo
hoy me prometieron algo y no lo cumplieron la verdad,enojo
para serte honesto me etiquetaron en algo que me alegro el dia y eso me tiene mal,feliz
la verdad me pusieron a hacer el trabajo de todos y nadie lo sabe,enojo
hoy tengo miedo de que me quiten el trabajo y no se que hacer,miedo
todo el mundo sigue y yo estoy quieto la verdad,triste
la verdad es que me fui de la reunion antes porque no podia mas y quisiera que alguien me ayudara,triste
en serio no tuve ganas de comer y eso me pesa,triste
hoy me da pena hablar en publico y manana me toca y ya,miedo
te digo que me tiene muy irritado todo lo que esta pasando y me tiene pensando mucho,enojo
para serte honesto llevo dias aguantando esto y ya no puedo y no es facil admitirlo,enojo
tengo panico de no saber como actuar en esa situacion pero necesitaba decirlo,miedo
me da pena que se den cuenta que no entendi y me cuesta mucho,miedo
en serio me interrumpieron cada vez que hable,enojo
para serte honesto me asusta que piensen que soy raro y no es facil admitirlo,miedo
ahora mismo estoy emocionalmente agotado y me afecta mucho,triste
en este momento me siento vacio otra vez,triste
hoy me trataron muy mal sin razon otra vez,enojo
no tuve ganas de comer,triste
ultimamente me da panico enviar ese mensaje y quedar mal bro,miedo
estoy muy feliz con mis logros y es lo mejor que me paso,feliz
me tiene muy irritado todo esto y nadie lo sabe,enojo
de verdad que dia tan bueno fue este sin duda,feliz
de verdad siento que estoy muy solo en todo esto y me duele mucho,triste
en serio entregue el proyecto a tiempo y me pesa cargarlo solo,feliz
no puedo evitar que estoy muy preocupado por lo que puede venir,miedo
hay que hablar de algo serio,miedo
lo que pasa es que me escribio la persona que me gusta la verdad,feliz
me citaron para hablar y no se de que pero bueno,miedo
lo que pasa es que siento que estoy muy solo en todo esto,triste
fijate que perdi una oportunidad importante de verdad,triste
siento que algo esta pasando y nadie me dice que,miedo
mira lo que paso me paraliza la idea de tener que hablar en grupo y no lo digo seguido,miedo
sinceramente siento una tristeza que me invade todo y quisiera que no fuera así,triste
hermano me tiene muy desanimado todo esto pero bueno,triste
es que me siento muy pleno con lo que estoy haciendo men,feliz
la verdad me siento vacio,triste
no te miento estoy realmente indignado y no lo puedo ocultar,enojo
hoy me bloquearon sin darme ninguna explicacion la verdad,enojo
no se me siento muy pleno con lo que estoy haciendo bro,feliz
siento que no soy tan inteligente como los demas pero ya no puedo mas,triste
la verdad hoy descanse bien por primera vez en mucho tiempo,feliz
definitivamente me preocupa el futuro desde hace dias,miedo
tengo miedo de que me cancelen por algo que dije pero bueno,miedo
lo que pasa es que tengo panico de no saber como actuar en esa situacion y trato de disimularlo,miedo
la verdad me da pena hablar en publico y manana me toca de verdad,miedo
en serio termine todo lo que tenia pendiente y no es facil admitirlo,feliz
ahora mismo no se que va a pasar ultimamente,miedo
estoy muy apenado y no puedo superarlo,triste
me ignoraron cuando tenia toda la razon la verdad,enojo
de verdad eso me parece una irresponsabilidad total y me parece muy mal,enojo
bro me comi algo rico y me alegro el dia,feliz
mira estoy muy cansado de lucharla solo pero bueno,triste
me salió la receta perfecta hoy,feliz
desde hace dias llegue a tiempo a todo y me afecta mucho,feliz
hoy me alegra mucho el resultado final de verdad,feliz
lo que es cierto es que me alegra que todo haya salido bien y estoy muy contento,feliz
te juro que me da ansiedad abrir ese chat y trato de disimularlo,miedo
no te miento siento que estoy de mas y necesito que alguien me entienda,triste
hoy me cambiaron las condiciones a ultimo momento y no se que hacer,enojo
es que me paraliza no saber cual es el camino correcto y no se que hacer,miedo
mira me tiene muy bajoneado lo que paso y nadie lo sabe,triste
desde ayer hoy fue un mal dia esta semana,triste
no supe como responder y ahora me arrepiento y quisiera que alguien me ayudara,triste
no puedo evitar que estoy muy nervioso y asustado por todo,miedo
no se por fin publique lo que venia trabajando y no es facil,feliz
es que que descaro tan grande el de esa gente de verdad,enojo
estoy muy emocionado con esto y estoy muy contento,feliz
no se me canse de esperar que las cosas cambien solas y no se que hacer,triste
te juro que borre todas mis fotos porque no me gustaba nada,triste
hoy siento que se me acaba el tiempo,miedo
es que me enfurece que actuen asi y es agotador,enojo
oye siento que algo no esta bien aunque todo parece normal y ya,miedo
desde ayer me siento nervioso por todo lo que pasa,miedo
ultimamente me dieron la nota que esperaba y no se como manejarlo,feliz
para serte honesto me cambiaron el trabajo sin consultarme y quisiera que alguien me ayudara,enojo
sinceramente tengo panico desde hace dias,miedo
mira lo que paso me senti aceptado como soy,feliz
la verdad me dejaron plantado y ni se disculparon la verdad,enojo
mira me costo mucho levantarme hoy todo el tiempo,triste
me toco vender el carro que tanto queria la verdad,triste
honestamente siento una rabia horrible ahora mismo y no lo voy a tolerar,enojo
te cuento que quede encantado con como salio todo y no se que hacer,feliz
no te miento nacio mi hija la verdad,feliz
la verdad hoy me senti muy a gusto con todo,feliz
ultimamente me siento vacio todo el tiempo,triste
en este momento estoy temblando de nervios otra vez,miedo
sinceramente me enoja mucho lo que dijiste sin excusas,enojo
realmente estoy muy enojado de verdad,enojo
es que estoy muy ido hoy no se que me pasa de verdad,triste
la verdad es que hablaron de algo que yo no sabia y me senti excluido y no se como manejarlo,triste
realmente me siento lleno de energia con todo lo que paso,feliz
me cancelaron la cita sin avisar de verdad,enojo
tengo miedo de que me rechacen si digo lo que pienso y me cuesta mucho,miedo
te juro que que manera tan irresponsable de actuar,enojo
en serio consegui el trabajo y no lo puedo ocultar,feliz
hermano me tiene con los nervios destrozados,miedo
no se si contarte pero vi que estaba en linea pero no me respondio pero ya no puedo mas,triste
te cuento que logre ahorrar lo que necesitaba,feliz
no se termine el curso que venia haciendo men,feliz
sinceramente estoy muy asustado de tomar esa decision,miedo
bro me siento solo aunque este rodeado de gente,triste
desde ayer me siento sin energia esta semana,triste
sinceramente me prometieron el trabajo y al final le dieron a otro hermano,enojo
ahora mismo el resultado me tiene muy angustiado y me tiene mal,miedo
bro hoy hice algo que me daba mucho miedo y salio bien,feliz
mira no voy a seguir tolerando esto y ya me canse,enojo
en serio estoy muy decaido y no quiero hablar de verdad,triste
me siento muy agradecido con la vida hoy la verdad,feliz
la verdad me asusta mucho lo que esta pasando en el barrio y no se que hacer,miedo
para serte honesto me siento desconectado de todo y eso me pesa,triste
estoy muy triste con lo que me conto de verdad,triste
lo que pasa es que me copiaron el trabajo y lo publicaron como propio y me cuesta mucho,enojo
la verdad me tienen muy mamado con esa vuelta,enojo
la verdad me da pena que se den cuenta que no entendi,miedo
sinceramente me salio la receta que estaba intentando,feliz
tengo un miedo horrible que no me deja y no puedo calmarlo,miedo
la verdad mi mejor amigo se fue para otro pais y eso me duele,triste
desde hace dias me mandaron un audio muy lindo pero necesitaba decirlo,feliz
hoy hoy me di cuenta que avance mucho la verdad,feliz
de verdad que dia tan bueno fue este en serio,feliz
oye me siento muy bien conmigo mismo pero no digo nada,feliz
me siento muy motivado y feliz y es lo mejor que me paso,feliz
es que me encontre con un amigo que no veia hace tiempo pero bueno,feliz
te juro que mi grupo hizo el trabajo sin contar conmigo y me pesa cargarlo solo,triste
fijate que quedamos de una con el plan y ya,feliz
ahora mismo todo tiene sentido ahora sinceramente,feliz
para serte honesto me da pavor equivocarme y me tiene mal,miedo
es que me saca de quicio todo esto la verdad,enojo
te digo que dijeron mentiras sobre mi en redes y no se que hacer,enojo
realmente estoy demasiado molesto todo el tiempo,enojo
me llamaron de la empresa y no dijeron para que y no se que hacer,miedo
lo que pasa es que tengo un presentimiento muy malo y me afecta mucho,miedo
no te miento hoy todo fluyo bien todo el tiempo,feliz
ahora mismo estoy agotado emocionalmente y no se que hacer,triste
te cuento que se aprovecharon de la buena fe mia,enojo
lo que pasa es que estoy al limite de mi paciencia y necesito que alguien me entienda,enojo
hoy tengo miedo de que mi respuesta suene agresiva pero ya no puedo mas,miedo
lo que es cierto es que estoy muy feliz con el camino que tome y estoy muy agradecido,feliz
de verdad siento una pena muy honda en mi,triste
ahora mismo me hicieron perder el tiempo,enojo
me cambiaron el turno sin avisarme parce,enojo
la verdad tengo algo importante manana y no puedo dormir y me tiene mal,miedo
te juro que me agota tu comportamiento en serio,enojo
realmente ya no quiero hablar,triste
termino mi carrera la verdad,feliz
la verdad siento que cargue solo con todo y no puedo evitarlo,triste
ultimamente sonrei todo el tiempo pero por dentro lloraba,triste
me siento muy bien en este momento y estoy muy agradecido,feliz
que buen momento para estar feliz y es lo mejor que me paso,feliz
de verdad que buena experiencia fue esa y no lo puedo creer,feliz
en serio siento que la estoy embarrando en todo parce,triste
la verdad nos separamos despues de mucho tiempo sinceramente,triste
te juro que no se si actue bien y eso no me deja tranquilo y no puedo evitarlo,miedo
la verdad es que alguien noto que estaba bien y me lo dijo y no lo digo seguido,feliz
ahora mismo gane el concurso y me afecta mucho,feliz
es que me fui de viaje pero necesitaba decirlo,feliz
la verdad es que me bloqueo sin darme una explicacion y no lo digo seguido,triste
en este momento estoy agotado emocionalmente en este momento,triste
parce hicimos sancocho en familia y fue muy rico,feliz
en este momento no se que va a pasar por todo lo que paso,miedo
es que me salio el negocio que queria parce,feliz
sinceramente hoy me fue de pelos y ya,feliz
ultimamente nada tiene sentido otra vez,triste
definitivamente no quiero salir solo otra vez,miedo
definitivamente me siento increible otra vez,feliz
ultimamente me tiene muy bravo la falta de respeto y nadie lo entiende,enojo
hoy siento que algo se rompio dentro de mi y eso me pesa,triste
sinceramente nada de lo que hago vale la pena y me tiene mal,triste
hoy me siento excelente de verdad,feliz
en serio siento que estoy decepcionando a todos la verdad,triste
oye me enferma tu comportamiento y no lo voy a tolerar,enojo
no te miento nadie me dio una respuesta clara y no puedo evitarlo,enojo
estoy muy emocionado con el futuro y es lo mejor que me paso,feliz
oye no se puede confiar en ti y eso no esta bien,enojo
ultimamente estoy muy emocionado en este momento,feliz
te cuento que me tiene muy cansado esta gente,enojo
hermano estoy muy mamado de todo,triste
mira compre mi primer carro y no se que hacer,feliz
ahora mismo pude mantener una conversacion sin angustiarme y me pesa cargarlo solo,feliz
te cuento que me hicieron perder un dia entero y no puedo evitarlo,enojo
en serio tengo miedo de decepcionar a todos todo el tiempo,miedo
ahora mismo me duele mucho esto desde hace dias,triste
ultimamente me siento lleno de energia desde hace dias,feliz
estoy muy angustiado por todo esto y me tiene muy nervioso,miedo
hermano me cobraron mas de lo que decia el precio,enojo
lo que pasa es que tengo miedo de que me juzguen la verdad,miedo
fijate que me comparo mucho con los demas y me hace mal,triste
en serio no se que quiero hacer con mi vida,miedo
es que tengo miedo de que mi respuesta suene agresiva y trato de disimularlo,miedo
hoy no pude ir a la graduacion y no puedo evitarlo,triste
me da pena decirlo pero llevo dias aguantando esto y ya no puedo y no puedo evitarlo,enojo
hoy estoy cansado mentalmente en este momento,triste
te digo que me da miedo decepcionarme a mi mismo de verdad,miedo
oye me tocó repetir el tramite porque perdieron mis papeles,enojo
sinceramente estoy muy apagado sin poder sonreir y me duele mucho,triste
de verdad me hace muy feliz lo que hiciste y estoy muy agradecido,feliz
hoy me tiene harto que siempre pase lo mismo y ya,enojo
fijate que el resultado me tiene muy angustiado y no puedo evitarlo,miedo
no puedo creer que me tienes cansado con eso en serio,enojo
me toco dejar los estudios por plata la verdad,triste
la verdad me trataron como si yo fuera el problema de verdad,enojo
ahora mismo todo me afecta demasiado y no se que hacer,triste
siento un peso en el pecho que no se me quita,miedo
mira me comparan con otros y eso me molesta mucho y me afecta,enojo
la verdad es que no se si ese mensaje significaba lo que creo sinceramente,miedo
fijate que me siento re bien parce y me tiene mal,feliz
me echaron sin explicacion pero necesitaba decirlo,triste
la verdad me preocupa demasiado esto,miedo
sinceramente todo esta fluyendo muy bien ultimamente de verdad,feliz
oye me hablaron como si fuera tonto sinceramente,enojo
es que me mandaron de una oficina a otra sin solucion y nadie lo sabe,enojo
oye me pone muy nervioso hablar en publico todo el tiempo,miedo
la verdad todo esta empeorando en este momento,triste
en serio que falta de respeto tan grande y no lo voy a tolerar,enojo
la verdad es que siento una soledad enorme que me pesa de verdad,triste
me dejo mi novio y estoy muy mal y ya,triste
desde hace dias me pone ansioso salir de casa la verdad,miedo
fijate que me echaron sin explicacion,triste
la verdad siento que algo no esta bien aunque todo parece normal sinceramente,miedo
te cuento que perdi mi negocio y no se como seguir y me tiene mal,triste
no se me comparan con otros y eso me molesta mucho y me cuesta aceptarlo,enojo
oye que manera tan irresponsable de actuar y no lo entiendo,enojo
siento que si me equivoco no hay vuelta atras y no se que hacer,miedo
te digo que estoy muy apesadumbrado con las noticias de verdad,triste
fijate que me dejaron plantado y ni se disculparon,enojo
siento que finjo estar bien tan seguido que ya ni se de verdad,triste
en serio por fin termine el proyecto y me afecta mucho,feliz
ultimamente me siento solo aunque este rodeado de gente,triste
la verdad me pidieron que fuera a recursos humanos de verdad,miedo
sinceramente me da pavor equivocarme sinceramente,miedo
estoy muy nervioso por lo que puede pasar y no se que hacer,miedo
me descuentan del sueldo cosas que no firmé y me cuesta mucho,enojo
todo me pone mal esta semana,triste
sinceramente ya nada es igual,triste
hoy siento demasiado temor desde hace dias,miedo
que dia tan productivo tuve hoy y estoy muy contento,feliz
te cuento que me tiene muy angustiado esa situacion y no se que hacer,miedo
hoy vi que me sacaron de un grupo y no dije nada y me tiene pensando mucho,triste
sinceramente siento que cargue solo con todo y ya,triste
hoy vi que estaba en linea pero no me respondio,triste
no puedo creer que me parece increible tu actitud,enojo
en este momento todo esta mejorando,feliz
lo que es cierto es que hoy fue un dia increible sin duda,feliz
sinceramente me dieron informacion falsa,enojo
parce se aprovecharon de la buena fe mia y no se que hacer,enojo
la verdad es que estoy lleno de felicidad ahora mismo,feliz
no puedo evitar que siento mucho miedo en este momento y me tiene muy nervioso,miedo
me da ira tu actitud,enojo
me duele mucho haber fallado en eso y no lo puedo superar,triste
en serio todo esta mal organizado,enojo
no te miento me da mucho miedo entrar al salon y que todos me miren y no puedo evitarlo,miedo
la verdad tengo miedo de que me quiten el trabajo y no puedo evitarlo,miedo
fijate que por fin termine el proyecto y no se que hacer,feliz
te cuento que me asusta mucho lo que esta pasando en el barrio y nadie lo sabe,miedo
me siento horrible hoy ultimamente,triste
en serio me tiene muy enojado esa situacion y me cuesta mucho,enojo
desde ayer todo me da miedo por todo lo que paso,miedo
en este momento me siento vacio y no se que hacer,triste
es que siento que voy por buen camino y ya,feliz
realmente odio esta situacion todo el tiempo,enojo
oye me cuesta aceptar que eso ya termino,triste
en serio mi mejor amigo se fue para otro pais parce,triste
mira me parece terrible lo que hiciste y eso no esta bien,enojo
hoy no alcance el cupo en la universidad publica,triste
mi abuela ya no esta y no puedo evitarlo,triste
hoy publicaron algo mio sin pedirme permiso y me pesa cargarlo solo,enojo
en serio hoy amaneci con toda la actitud,feliz
te cuento que me dejo mi novio y estoy muy mal y ya,triste
me duele mucho saber que ya no esta de verdad,triste
la verdad me contactaron por mi trabajo y quede feliz,feliz
siento un vacio muy grande en mi y no se como seguir,triste
oye estoy apostando todo a esto pero bueno,miedo
sinceramente compre mi primera casa pero necesitaba decirlo,feliz
fijate que nacio mi hijo y ya,feliz
no te miento perdi algo muy importante pero no digo nada,triste
no me toman en serio por mi edad y no se que hacer,enojo
ultimamente me mandaron un mensaje muy agresivo y quisiera que alguien me ayudara,enojo
no te miento pude decir lo que sentia sin miedo y me tiene agotado,feliz
no voy a seguir tolerando esto y eso no esta bien,enojo
tengo panico de enfrentar esto solo y no puedo calmarlo,miedo
me exigen resultados sin darme las herramientas,enojo
la verdad es que me siento muy agradecido con la vida,feliz
no te miento me fue de maravilla en la entrevista,feliz
ahora mismo todo esta mejorando esta semana,feliz
ultimamente no se que va a pasar desde hace dias,miedo
ultimamente no puedo dejar de preocuparme la verdad,miedo
realmente me siento motivado en este momento,feliz
fijate que siento que todo el mundo sigue y yo me quede quieto hermano,triste
la verdad tengo ansiedad todo el tiempo,miedo
es que eso estuvo muy mal de tu parte y no lo voy a tolerar,enojo
la verdad es que nadie noto que algo me pasaba y me tiene agotado,triste
se aprovecharon de la buena fe mia pero bueno,enojo
hoy estoy muy bravo con lo que paso hermano,enojo
oye me aterra quedar mal frente a todos parce,miedo
hoy nadie hace las cosas bien aqui y ya,enojo
mira me da mucha pena decirle eso a la gente y me tiene mal,miedo
mira lo que paso nadie reconocio lo que aporte y eso me tiene mal,enojo
me da pena decirlo pero tengo miedo de haber arruinado algo sin saberlo y eso me tiene mal,miedo
te digo que me siento muy contento con la vida en serio,feliz
no te miento no supe si era una broma o algo serio y no se como manejarlo,triste
sinceramente consegui el trabajo todo el tiempo,feliz
la verdad me dejo mi novia y estoy muy bajoneado y ya,triste
ya no aguanto mas esa situacion la verdad,enojo
perdi mi negocio y no se como seguir y no es facil,triste
ahora mismo no puedo dejar de preocuparme y no se que hacer,miedo
es que no entiendo como puedes actuar asi en serio,enojo
mi abuela ya no esta la verdad,triste
en serio manana tengo una prueba importante y estoy nervioso,miedo
te cuento que dijeron cosas que no son verdad sobre mi y es agotador,enojo
oye me cansas con tanta excusa,enojo
el partido de colombia salio bien y no es facil,feliz
desde ayer me siento horrible y no se que hacer,triste
mira estoy muy ido hoy no se que me pasa y no puedo evitarlo,triste
en serio hoy descanse bien por primera vez en mucho tiempo y me afecta,feliz
bro tengo miedo de tomar una decision y que salga mal pero bueno,miedo
te cuento que me prometieron algo y no lo cumplieron pero necesitaba decirlo,enojo
me salio el traslado que pedi pero bueno,feliz
fijate que me da pena hablar en publico y manana me toca pero bueno,miedo
me trataron como si yo fuera el problema la verdad,enojo
todo tiene sentido ahora y necesito que alguien me entienda,feliz
desde ayer estoy demasiado molesto esta semana,enojo
desde hace dias perdi algo muy importante otra vez,triste
en serio me dieron el viernes libre y me cuesta mucho,feliz
hoy me respondieron con mala cara sin razon y no puedo evitarlo,enojo
hoy me tiene harto que siempre pase lo mismo,enojo
no te lo voy a perdonar tan facil y no lo voy a tolerar,enojo
fijate que el transporte salio tardisimo y llegue tarde por eso la verdad,enojo
me siento solo y muy triste y no lo puedo superar,triste
en serio estoy muy apenado por lo que paso,triste
te cuento que mi abuela ya no esta de verdad,triste
no te miento hablaron de algo que yo no sabia y me senti excluido,triste
es que mi mejor amigo se fue a vivir lejos y no se que hacer,triste
mira me escribio la persona que me gusta y ya,feliz
en serio que bonita sorpresa me llevé hoy y estoy muy agradecido,feliz
es que sali del pais por primera vez pero necesitaba decirlo,feliz
ultimamente odio esta situacion y me afecta mucho,enojo
tengo algo importante manana y no puedo dormir la verdad,miedo
te juro que subi una foto y me arrepenti de haberla subido,triste
sabes que me da alegria ver que todo funciona y no lo puedo creer,feliz
oye me dejo en visto y no respondio y no lo digo seguido,triste
ahora mismo me siento inseguro,miedo
te juro que me canse de aguantarte y no lo voy a tolerar,enojo
que fastidio eres en serio y punto,enojo
ahora mismo me dijeron que cambie como si estuviera mal ser yo y no se como manejarlo,triste
mira el transporte salio tardisimo y llegue tarde por eso pero bueno,enojo
definitivamente no se que va a pasar esta semana,miedo
te digo que me siento muy bien con todo,feliz
tengo miedo de decir algo y que lo malinterpreten la verdad,miedo
ahora mismo me siento muy triste y no se que hacer,triste
no puedo creer que que fastidio eres en serio,enojo
hoy me usaron cuando les convenia y despues nada parce,enojo
hoy el transporte salio tardisimo y llegue tarde por eso,enojo
la verdad es que tengo miedo de mandar ese mensaje y que lo tomen mal y quisiera que alguien me ayudara,miedo
te cuento que termine mi tesis y me tiene mal,feliz
fijate que hicimos sancocho en familia y fue muy rico de verdad,feliz
ahora mismo termine todo lo que tenia pendiente y no se como manejarlo,feliz
en este momento hoy fue maravilloso,feliz
me dieron el trabajo que queria la verdad,feliz
desde hace dias no se si actue bien y eso no me deja tranquilo de verdad,miedo
lo que pasa es que me tiene indignado lo que paso en serio,enojo
la verdad me cayo muy bien esa persona parce,feliz
ahora mismo tengo miedo de mandar ese mensaje y que lo tomen mal pero necesitaba decirlo,miedo
definitivamente todo salio excelente y no se que hacer,feliz
me dijeron que era mi culpa cuando no lo era la verdad,enojo
la verdad es que no entiendo nada y me da verguenza preguntar y eso me tiene mal,triste
en este momento que problema tan absurdo y no se que hacer,enojo
vieja me pelee con mi mejor amigo y me duele mucho la verdad,triste
hoy estoy muy asustado con lo que puede pasar parce,miedo
desde hace dias me preocupa no poder lograrlo sinceramente,miedo
estoy muy emocionado con el futuro en serio,feliz
es que me pelee con mi mejor amigo y me duele mucho y me tiene mal,triste
te cuento que todo esta mal organizado la verdad,enojo
hoy que dia tan bueno fue este,feliz
te digo que estoy muy apagado y sin energia,triste
compre mi primera casa sinceramente,feliz
en serio me siento muy lejos de ser feliz y es agotador,triste
siento un miedo enorme que no puedo controlar y me tiene muy nervioso,miedo
ahora mismo me siento vacio desde hace dias,triste
ultimamente no me merecia este trato de verdad,enojo
fijate que no tengo con quien hablar y es agotador,triste
fijate que llegue y me dijeron que no habia cupo,enojo
te juro que me siento muy vacio aunque tenga cosas que hacer pero bueno,triste
te cuento que estoy muy nervioso con esa vuelta de verdad,miedo
es que me quitaron el like y eso me bajo el animo y ya,triste
la verdad me hicieron perder el tiempo esta semana,enojo
sinceramente me mandaron un mensaje muy agresivo pero ya no puedo mas,enojo
es que siento que perdi una etapa de mi vida sinceramente,triste
la verdad es que hablaron de algo que yo no sabia y me senti excluido y no lo digo seguido,triste
no te miento me excluyeron de la decision sin explicacion y me cuesta mucho,enojo
hermano me cayo del cielo esa noticia y no es facil,feliz
te digo que estoy muy feliz con el camino que tome sin duda,feliz
te cuento que me cuesta aceptar que eso ya termino y me afecta,triste
no puedo creer que que mal comportamiento tienes y punto,enojo
hoy estoy harto de todo por todo lo que paso,enojo
honestamente me hicieron perder el tiempo y estoy cansado,enojo
me asusta no saber si voy a conseguir trabajo,miedo
no te miento me aceptaron en la universidad y necesito que alguien me entienda,feliz
sinceramente siento mucha angustia en este momento y no se que hacer,miedo
hoy siento que algo no esta bien aunque todo parece normal sinceramente,miedo
sinceramente tuve que fingir que estaba bien toda la noche y no es facil admitirlo,triste
en serio me excluyeron de la decision sin explicacion y eso me tiene mal,enojo
de verdad me siento muy motivado y feliz,feliz
ahora mismo hoy descanse muy bien pero no digo nada,feliz
mira extraño como era todo antes,triste
ahora mismo tengo miedo de haber arruinado algo sin saberlo pero ya no puedo mas,miedo
desde hace dias no es la primera vez y eso me tiene agotado y no se como manejarlo,enojo
la verdad siento que fracase y es agotador,triste
para serte honesto me siento muy lejos de ser feliz y no lo puedo ocultar,triste
sabes que que bonita sorpresa me llevé hoy sin duda,feliz
hoy me preocupa el futuro y no se que hacer,miedo
desde hace dias no se si actue bien y eso no me deja tranquilo y no se que hacer,miedo
en serio estoy muy contento con mi progreso de verdad,feliz
fijate que me estan ocultando algo y eso me pone nervioso,miedo
te cuento que me regalaron algo que queria hace mucho,feliz
desde hace dias me saco del grupo sin razon y me pesa cargarlo solo,triste
sinceramente me da mucho miedo lo que dijeron y me tiene muy nervioso,miedo
hoy tengo panico de no saber como actuar en esa situacion y nadie lo entiende,miedo
sinceramente mi pareja me sorprendio y no lo puedo ocultar,feliz
hoy estoy harto de todo y no se que hacer,enojo
tengo miedo de que las cosas empeoren,miedo
la verdad es que me cambiaron el trabajo sin consultarme y no se que hacer,enojo
definitivamente me hicieron perder el tiempo y no se que hacer,enojo
hoy ya no esta la persona que queria todo el tiempo,triste
es que me encontre con un amigo que no veia hace tiempo y nadie lo sabe,feliz
hoy mi familia estuvo muy unida hoy,feliz
es que me dicen que me esfuerce mas cuando ya doy todo de verdad,enojo
sinceramente me salio el negocio que queria la verdad,feliz
ultimamente estoy muy emocionado y no se que hacer,feliz
hoy me siento muy achantado hoy,triste
hoy borre todas mis fotos porque no me gustaba nada bro,triste
la verdad es que siento que todo se fue y no volvera,triste
es que me salio rico lo que cocine y no se que hacer,feliz
la verdad eso me pone muy furioso parce de verdad,enojo
me irritas con ese comportamiento y no lo voy a tolerar,enojo
definitivamente me preocupa demasiado esto y me afecta mucho,miedo
la verdad todo salio perfecto todo el tiempo,feliz
fijate que me citaron para hablar y no se de que la verdad,miedo
lo que pasa es que todo me genera ansiedad ultimamente y no lo puedo ocultar,miedo
hoy que buena experiencia fue esa y no lo puedo creer,feliz
me hicieron perder un dia entero de verdad,enojo
ultimamente tengo panico de que algo que dije llegue a las manos equivocadas,miedo
la verdad compre mi primer carro,feliz
oye tengo miedo de que me quiten el trabajo y me cuesta mucho,miedo
en este momento me preocupa el futuro desde hace dias,miedo
en serio nada de lo que hago vale la pena y me afecta mucho,triste
la verdad me puse a pensar en lo peor y no puedo parar,miedo
fijate que me mandaron buenas noticias por whatsapp y no puedo evitarlo,feliz
ultimamente me pagan mal y me exigen demasiado y no es facil,enojo
sinceramente estoy muy nervioso y asustado por todo,miedo
desde hace dias nadie hace las cosas bien aqui sinceramente,enojo
de verdad estoy muy apenado y no puedo superarlo y no se como seguir,triste
sinceramente me dijeron que era muy sensible por sentirme mal pero necesitaba decirlo,enojo
hoy estoy realmente frustrado desde hace dias,enojo
llegue y me dijeron que no habia cupo sinceramente,enojo
eres un irresponsable total,enojo
fijate que publico algo que me dejo muy mal y nadie lo entiende,triste
hoy estoy muy enojado en este momento,enojo
lo que pasa es que sonrei todo el tiempo pero por dentro lloraba pero ya no puedo mas,triste
hoy que suerte tan grande la mia y estoy muy agradecido,feliz
tengo miedo de que me rechacen si digo lo que pienso y no lo digo seguido,miedo
la verdad todo me genera ansiedad ultimamente y no puedo evitarlo,miedo
lo que pasa es que perdi algo muy importante y necesito que alguien me entienda,triste
oye termino mi relacion,triste
mira lo que paso tengo miedo de que se den cuenta que no entiendo y trato de disimularlo,miedo
me siento re bien parce y me cuesta mucho,feliz
oye me da ansiedad abrir ese chat y no se como manejarlo,miedo
lo que es cierto es que que buen momento para estar feliz de verdad,feliz
no se si contarte pero cargue con toda la responsabilidad del grupo y me cuesta mucho,enojo
men me reportaron sin motivo y me bloquearon la cuenta y no se que hacer,enojo
te cuento que me aceptaron en la universidad pero no digo nada,feliz
definitivamente nada tiene sentido,triste
te digo que tengo miedo de que las cosas empeoren y no puedo calmarlo,miedo
ahora mismo siento que algo se rompio dentro de mi y es agotador,triste
mira no me merecia este trato y me afecta mucho,enojo
no te miento me toco irme del barrio que queria parce,triste
es que me prometieron el trabajo y al final le dieron a otro pero bueno,enojo
me duele mucho todo lo que ocurrio,triste
sinceramente tengo miedo de fallar esta semana,miedo
te cuento que me fue de maravilla en la entrevista y eso me duele,feliz
es que tengo una entrevista y me muero del susto y ya,miedo
me encontre con un amigo que no veia hace tiempo y no puedo evitarlo,feliz
la verdad tengo miedo de responder mal y arruinar todo,miedo
hoy odio esta situacion todo el tiempo,enojo
es que tengo miedo de que me vaya mal en las parciales y no puedo evitarlo,miedo
me gane una chamba buenisima pero bueno,feliz
hoy hoy me fue de pelos hermano,feliz
mira me aterra quedar mal frente a todos,miedo
sinceramente hoy fue un gran dia y no se que hacer,feliz
oye no se si ese mensaje significaba lo que creo y quisiera que alguien me ayudara,miedo
hoy hice algo que me daba mucho miedo y salio bien de verdad,feliz
la verdad no soporto esta situacion todo el tiempo,enojo
en serio me cambiaron el turno sin avisarme la verdad,enojo
sinceramente me siento muy decaido sin saber por que y me duele mucho,triste
en serio me cancelaron a ultimo momento y no puedo evitarlo,enojo
mira me tiene muy enojado esa situacion,enojo
para serte honesto me dejo en visto y no respondio pero necesitaba decirlo,triste
sinceramente no me toman en serio por mi edad y ya,enojo
te cuento que tengo miedo de embarrarla con esa decision y no puedo evitarlo,miedo
en serio dije algo que no quise decir y no se como explicarlo pero necesitaba decirlo,triste
hoy tengo miedo de hablar,miedo
mira no me dejaron terminar de hablar la verdad,enojo
es que no se para donde voy y eso me asusta y me pone triste la verdad,triste
hoy usaron mis ideas sin darme credito y no puedo evitarlo,enojo
sinceramente me siento muy triste y me afecta mucho,triste
la verdad es que me tienes harto de verdad,enojo
la verdad me fallaron cuando mas los necesitaba y no puedo evitarlo,triste
te cuento que no tenemos para el arriendo este mes y eso me duele,triste
no te miento me angustia no saber como interpretar eso y no es facil admitirlo,miedo
la verdad todo esta mejorando por todo lo que paso,feliz
mira no voy a tolerar esto mas y eso me pesa,enojo
hoy me independice por fin pero necesitaba decirlo,feliz
no te miento perdi una oportunidad importante pero no digo nada,triste
me da miedo no estar a la altura de lo que se espera la verdad,miedo
es que siento que el tiempo se me acaba y no he hecho nada y no puedo evitarlo,miedo
hoy me pone muy nervioso tener que dar explicaciones hermano,miedo
no puedo creer tanta irresponsabilidad en serio,enojo
es que me cambiaron las condiciones a ultimo momento de verdad,enojo
es que hoy fue un dia increible de verdad y me tiene pensando mucho,feliz
en serio hable con alguien nuevo y no fue tan malo y me tiene agotado,feliz
siento que se me acaba el tiempo de verdad,miedo
la verdad es que me asusta mucho la situacion actual y no puedo calmarlo,miedo
te cuento que por fin lo logre y no puedo evitarlo,feliz
te digo que tengo ansiedad de pensar en el futuro,miedo
sinceramente perdi mi negocio y no se como seguir y nadie lo sabe,triste
oye me dijeron que cambie como si estuviera mal ser yo y me cuesta mucho,triste
te digo que tengo panico de no salir de esto,miedo
te cuento que mi familia estuvo muy unida hoy y nadie lo sabe,feliz
sinceramente prometieron y no cumplieron y eso me pesa,enojo
la verdad me graduo este sabado y me afecta,feliz
la verdad es que siento una tristeza que no puedo explicar y quisiera que no fuera así,triste
es que logre lo que queria y no se que hacer,feliz
me tienen hasta la coronilla de verdad,enojo
en serio siento que el tiempo se me acaba y no he hecho nada,miedo
de verdad me da alegria ver que todo funciona en serio,feliz
fijate que me da terror decepcionar a alguien que confio en mi y no se que hacer,miedo
te digo que estoy muy satisfecho con el dia de hoy y estoy muy agradecido,feliz
bro siento que finjo estar bien tan seguido que ya ni se,triste
hoy hicimos sancocho en familia y fue muy rico,feliz
tengo miedo de decir algo fuera de lugar y me cuesta mucho,miedo
sinceramente tengo miedo de que no me entiendan y no puedo evitarlo,miedo
te juro que siento que no soy tan inteligente como los demas de verdad,triste
ahora mismo pude mantener una conversacion sin angustiarme sinceramente,feliz
sinceramente me dejo mi novia y estoy muy bajoneado y no puedo evitarlo,triste
mira tengo un mal presentimiento desde ayer y ya,miedo
es que tengo miedo de mandar ese mensaje y que lo tomen mal y no se que hacer,miedo
tengo panico de que algo que dije llegue a las manos equivocadas bro,miedo
hoy me cobraron de mas y no me quieren devolver sinceramente,enojo
hoy nacio mi hijo y nadie lo sabe,feliz
sabes que que buena experiencia fue esa en serio,feliz
hoy llevo dias aguantando esto y ya no puedo y no lo digo seguido,enojo
me citaron para hablar y no se de que y nadie lo sabe,miedo
desde hace dias ya no quiero esforzarme,triste
la verdad me trataron diferente a los demas de verdad,enojo
parce me dieron una sorpresa muy bonita hoy,feliz
me tiene muy irritado todo lo que esta pasando de verdad,enojo
sinceramente dijeron cosas que no son verdad sobre mi y me afecta mucho,enojo
para serte honesto no es la primera vez y eso me tiene agotado y me afecta mucho,enojo
desde hace dias tengo miedo de mandar ese mensaje y que lo tomen mal y me cuesta mucho,miedo
es que me irritas con ese comportamiento y no lo entiendo,enojo
es que eso estuvo muy mal hecho en serio,enojo
ultimamente me fue muy mal en el examen y me cuesta mucho,triste
te cuento que me hablaron muy mal y no lo puedo ocultar,enojo
mira lo que paso me paraliza la idea de tener que hablar en grupo y eso me tiene mal,miedo
para serte honesto tengo miedo de que mi respuesta suene agresiva,miedo
ahora mismo me tiene angustiado no saber que va a pasar y necesito que alguien me entienda,miedo
en este momento nada tiene sentido desde hace dias,triste
sinceramente pude decir lo que sentia sin miedo y quisiera que alguien me ayudara,feliz
en este momento estoy muy enojado otra vez,enojo
sinceramente me trataron como si no existiera otra vez,enojo
fijate que me siento muy achantado hoy,triste
desde hace dias perdi algo muy importante y no se que hacer,triste
fijate que tengo miedo de que mi respuesta suene agresiva y no lo digo seguido,miedo
fijate que no quiero mandar el audio por miedo a como sueno y no se que hacer,miedo
sinceramente tengo los mejores amigos y necesito que alguien me entienda,feliz
en serio no puedo mas con tanto otra vez,triste
te cuento que me tiene muy desanimado todo esto,triste
hoy me fue de maravilla en la entrevista y me tiene mal,feliz
nacio mi hija y no puedo evitarlo,feliz
me dijeron que era muy sensible por sentirme mal y no se que hacer,enojo
es que me tiene muy apagado esta situacion y ya,triste
bro me siento muy vacio aunque tenga cosas que hacer,triste
vieja mi familia estuvo muy unida hoy,feliz
hoy estrene mi apartamento,feliz
para serte honesto me excluyeron de la decision sin explicacion y no es facil admitirlo,enojo
fijate que no supe como responder y ahora me arrepiento y eso me tiene mal,triste
la verdad es que me alegra mucho el resultado final y no lo puedo creer,feliz
me pelee con mi mejor amigo y me duele mucho parce,triste
sinceramente me duele mucho lo que ocurrio de verdad,triste
la verdad estoy muy bravo con lo que paso,enojo
la verdad es que me respondieron con mala actitud sin razon y trato de disimularlo,enojo
me prometieron el trabajo y al final le dieron a otro y no puedo evitarlo,enojo
en serio siento que las cosas mejoran y eso me pesa,feliz
me siento destruido ultimamente,triste
ultimamente me da ansiedad abrir ese chat y me tiene agotado,miedo
en serio hicimos una reunioncita y quedo muy buena la verdad,feliz
la verdad me da mucha rabia en este momento,enojo
que rabia me da todo esto y no lo entiendo,enojo
en este momento todo esta saliendo bien hoy,feliz
de verdad me tiene harto esta situacion,enojo
no te miento perdi una oportunidad importante y no puedo evitarlo,triste
mira tuve que dejar mis estudios y me afecta,triste
realmente todo salio excelente desde hace dias,feliz
me asusta no saber si voy a conseguir trabajo y nadie lo entiende,miedo
te digo que estoy re contento con todo,feliz
te juro que hoy fui honesto y salio bien pero ya no puedo mas,feliz
es que no me dejaron terminar de hablar y no se que hacer,enojo
me trataron diferente a los demas sinceramente,enojo
en serio pase el semestre sin perder nada y me afecta mucho,feliz
siento una rabia horrible ahora mismo de verdad,enojo
es que quede muy contento con el resultado y me cuesta mucho,feliz
en serio me canse de ser el que siempre aguanta,triste
hoy me tiene muy angustiado esa situacion la verdad,miedo
lo que pasa es que no se que va a pasar con mi vida,miedo
en serio me llamaron para el trabajo en medellin la verdad,feliz
la verdad me dicen que me esfuerce mas cuando ya doy todo,enojo
todo me da miedo y me afecta mucho,miedo
hoy todo esta empeorando otra vez,triste
sabes que que dia tan especial fue hoy en serio,feliz
te cuento que termine mi tesis,feliz
en serio estoy con el animo muy por el piso la verdad,triste
te cuento que me da pena hablar en publico y manana me toca,miedo
la verdad me respondieron con mala cara sin razon,enojo
estoy muy agradecido por todo,feliz
la verdad es que no supe si era una broma o algo serio y no es facil admitirlo,triste
sinceramente recibi buenas noticias todo el tiempo,feliz
fijate que me pidieron algo de ultimo momento y no puedo evitarlo,enojo
hoy me siento derrotado otra vez,triste
es que me independice por fin pero bueno,feliz
no puedo evitar que tengo panico de que algo me pase,miedo
ultimamente me paralizo cuando tengo que decidir y no lo puedo ocultar,miedo
compre mi primer carro la verdad,feliz
hoy nadie noto que algo me pasaba,triste
mira me mencionaron en algo que me puso en ridiculo,enojo
la verdad estoy demasiado angustiado para pensar pero no digo nada,miedo
fijate que me independice por fin y me afecta,feliz
ahora mismo termine todo lo que tenia pendiente pero necesitaba decirlo,feliz
sinceramente siento que fracase y eso me pesa,triste
hoy aprobe la materia que tenia perdida y nadie lo entiende,feliz
fijate que me duele el alma,triste
me da pena decirlo pero me escribieron solo para reclamarme y eso me tiene mal,enojo
no te miento me echaron la culpa de algo que no hice y no se que hacer,enojo
estoy esperando una respuesta y me tiene nervioso de verdad,miedo
que experiencia tan maravillosa fue en serio,feliz
hoy tengo una entrevista y me muero del susto otra vez,miedo
ahora mismo estoy muy enojado de verdad,enojo
la verdad las cosas ya no son como antes de verdad,triste
sinceramente me da mucho miedo lo que dijeron,miedo
mira hoy me senti muy bien conmigo mismo de verdad,feliz
de verdad que dia tan especial fue hoy,feliz
hermano me tienen hasta la coronilla de verdad,enojo
no se si contarte pero me pusieron en evidencia en un grupo y no lo digo seguido,enojo
es que aprobe todas las materias este semestre de verdad,feliz
te cuento que me pelee con mi mejor amigo y me duele mucho de verdad,triste
la verdad es que siento panico cada vez que pienso en eso,miedo
me dejo mi novia y estoy muy bajoneado y eso me duele,triste
sinceramente estoy muy asustado con lo que dijiste y eso me preocupa mucho,miedo
es que hoy todo el transporte me funciono perfecto,feliz
en serio extraño mucho a las personas que ya no estan,triste
ultimamente capturaron una conversacion privada y la compartieron,enojo
siento panico cada vez que pienso en eso y me tiene muy nervioso,miedo
en serio me siento muy desconectado de todo y de todos,triste
hermano me da pena que se den cuenta que no entendi pero bueno,miedo
es que tuve que fingir que estaba bien toda la noche y no lo digo seguido,triste
hoy tengo miedo de mandar ese mensaje y que lo tomen mal y no puedo evitarlo,miedo
la verdad es que hable con alguien nuevo y no fue tan malo pero ya no puedo mas,feliz
no puedo dejar de sentir miedo de verdad,miedo
mira me invitaron a participar en algo importante y me tiene pensando mucho,feliz
me da miedo no poder controlarlo y me tiene muy nervioso,miedo
oye tengo miedo de que me vaya mal en las parciales y no puedo evitarlo,miedo
sinceramente siento una pena muy grande ahora y no se como seguir,triste
la verdad me dejaron esperando sin explicacion y nadie lo sabe,enojo
sinceramente todo salio perfecto,feliz
vieja me faltaron el respeto delante de todos la verdad,enojo
que dia tan especial fue hoy y es lo mejor que me paso,feliz
es que siento un miedo enorme que no puedo controlar y no se que hacer,miedo
hoy me salio el negocio que queria,feliz
oye tengo una entrevista y me muero del susto y eso me pesa,miedo
hoy estoy muy bravo con lo que paso y no puedo evitarlo,enojo
entregue el proyecto a tiempo y no lo digo seguido,feliz
ultimamente no se si voy a poder con esto pero no digo nada,miedo
compre mi primera casa y me tiene mal,feliz
en serio me da terror decepcionar a alguien que confio en mi pero ya no puedo mas,miedo
es que no quise hablar con nadie hoy sinceramente,triste
desde hace dias tengo panico de decir algo y que lo malinterpreten y me pesa cargarlo solo,miedo
te juro que quise decir algo pero no encontre las palabras y trato de disimularlo,triste
en serio me enfurece que actuen asi todo el tiempo,enojo
lo que pasa es que me excluyeron de la decision sin explicacion y me pesa cargarlo solo,enojo
hoy estoy muy asustado con lo que puede pasar y me cuesta mucho,miedo
te digo que usaron mis ideas sin darme credito,enojo
siento una tristeza profunda que no pasa y no se como seguir,triste
sinceramente me siento tranquilo y feliz ultimamente,feliz
es que tengo miedo de equivocarme y arrepentirme despues la verdad,miedo
desde hace dias me bloqueo sin darme una explicacion y me cuesta mucho,triste
la verdad me respondieron con mala cara sin razon pero necesitaba decirlo,enojo
lo que pasa es que mi grupo de trabajo funciono muy bien y no puedo evitarlo,feliz
ultimamente desactive mis redes porque me hacian sentir mal de verdad,triste
hoy me angustia no tener todo claro a mi edad y me afecta,miedo
en serio todo el mundo esta en planes y yo solo en casa y no puedo evitarlo,triste
sinceramente perdi mi trabajo hoy pero bueno,triste
hoy tengo panico de que me pregunten algo en clase,miedo
es que me graduo este sabado,feliz
te digo que subi algo y nadie reacciono y me senti invisible y me afecta,triste
no te miento me da pena que se den cuenta que no entendi,miedo
me embargaron la cuenta y no entiendo por que pero bueno,miedo
oye me hablaron como si fuera tonto y no puedo evitarlo,enojo
es que me siento muy vacio aunque tenga cosas que hacer,triste
sinceramente cumpli la meta que me habia puesto y me afecta,feliz
para serte honesto sonrei todo el tiempo pero por dentro lloraba y no es facil admitirlo,triste
hoy me asusta mucho lo que esta pasando en el barrio parce,miedo
me siento muy agradecido con la vida hoy de verdad,feliz
hoy tengo miedo de que me rechacen si digo lo que pienso la verdad,miedo
te cuento que termine mi tesis y ya,feliz
me echaron la culpa de lo que salio mal sinceramente,enojo
la verdad borre todas mis fotos porque no me gustaba nada y ya,triste
lo que pasa es que minimizaron lo que sentia de verdad,enojo
mira lo que paso siento que no soy tan inteligente como los demas y nadie lo entiende,triste
en este momento me siento derrotado desde hace dias,triste
sinceramente no tengo ganas de nada,triste
vieja me pusieron a hacer el trabajo de todos y no es facil,enojo
lo que pasa es que me reconocieron el esfuerzo en el trabajo pero ya no puedo mas,feliz
es que tengo panico de que me pregunten algo en clase y eso me duele,miedo
consegui el trabajo la verdad,feliz
sinceramente estoy muy preocupado y eso me preocupa,miedo
sinceramente la incertidumbre me tiene paralizado pero no digo nada,miedo
te juro que alguien noto que estaba bien y me lo dijo y quisiera que alguien me ayudara,feliz
no te miento tengo miedo de lo que piensen de mi sinceramente,miedo
no te miento tengo miedo de que las cosas cambien de repente y eso me tiene mal,miedo
no te miento siento que me estoy quedando sin opciones de verdad,miedo
desde hace dias cambio su estado y supe que era por mi y trato de disimularlo,triste
te cuento que estoy demasiado angustiado para pensar otra vez,miedo
para serte honesto no se como va a terminar esto y no se que hacer,miedo
mira extraño mucho a las personas que ya no estan y ya,triste
mira lo que paso me pusieron en evidencia en un grupo,enojo
la verdad ya nada es igual y me tiene mal,triste
ultimamente estoy disfrutando mucho con todo lo que paso,feliz
hoy hoy me di cuenta que avance mucho y ya,feliz
es que estoy muy mamado de todo pero bueno,triste
desde hace dias abusaron de mi confianza sinceramente,enojo
desde hace dias me fue muy mal en el examen pero necesitaba decirlo,triste
fijate que me descuentan del sueldo cosas que no firmé hermano,enojo
la verdad ya no tengo ganas otra vez,triste
hoy estoy al limite de mi paciencia y me afecta mucho,enojo
hoy el clima estuvo increíble todo el día,feliz
oye si esto no funciona no se que voy a hacer sinceramente,miedo
no puedo evitar que estoy muy angustiado con las posibilidades de verdad,miedo
te cuento que me embargaron la cuenta y no entiendo por que,miedo
sinceramente no se si voy a poder sostenerme solo y no puedo evitarlo,miedo
honestamente que irresponsable eres en serio y punto,enojo
ultimamente esto arruino mi dia esta semana,enojo
vieja me cobraron mas de lo que decia el precio y no es facil,enojo
sinceramente ya les dije mil veces y no cambia nada y trato de disimularlo,enojo
honestamente no puedo creer que hayas hecho eso,enojo
no te miento aprobe el examen y me tiene mal,feliz
la verdad ya no somos lo que eramos y eso me entristece y me cuesta mucho,triste
en serio me senti aceptado como soy pero ya no puedo mas,feliz
no se si contarte pero el profesor me felicito por el trabajo y me afecta mucho,feliz
borre todas mis fotos porque no me gustaba nada y me tiene pensando mucho,triste
para serte honesto me dejaron solo en esto y eso me pesa,triste
bro me angustia no tener todo claro a mi edad pero bueno,miedo
hoy abusaron de mi confianza y no lo puedo ocultar,enojo
hoy me angustia pensar que quiza elegi mal mi carrera y ya,miedo
que buena racha estoy teniendo y estoy muy agradecido,feliz
la verdad me da miedo que graben algo mio sin permiso y ya,miedo
realmente estoy muy preocupado y no puedo dormir,miedo
mira no te soporto mas,enojo
es que siento que me estoy quedando sin opciones,miedo
no se si contarte pero termine la semana sin ningun problema y no puedo evitarlo,feliz
hoy me tocó madrugar y no dormí nada y encima salio mal parce,triste
te cuento que me cayo muy bien esa persona,feliz
te cuento que pase el dia en cama y eso me pesa,triste
definitivamente nada tiene sentido otra vez,triste
es que me siento muy vacio aunque tenga cosas que hacer la verdad,triste
hoy siempre me pasa lo mismo con las mismas personas y me cuesta mucho,enojo
ultimamente me rechazaron y duela mucho sinceramente,triste
no te miento hoy fue un dia muy chévere y eso me duele,feliz
me siento muy triste ultimamente,triste
ultimamente ya me canse de esto,enojo
ahora mismo tengo miedo de lo que piensen de mi pero no digo nada,miedo
ultimamente tengo miedo de hablar desde hace dias,miedo
estoy muy triste por la noticia y no lo puedo superar,triste
desde hace dias tengo miedo de que se den cuenta que no entiendo pero ya no puedo mas,miedo
para serte honesto tengo panico de fallar frente a todos y me afecta mucho,miedo
hoy me pusieron a hacer el trabajo de todos pero bueno,enojo
hoy me faltaron el respeto todo el tiempo,enojo
me siento muy bien por todo sin duda,feliz
la verdad estoy cansado mentalmente ultimamente,triste
me aterra no tener el control de nada y me tiene muy nervioso,miedo
no se si contarte pero logre terminar algo que habia dejado pendiente y no se como manejarlo,feliz
hoy subi algo y nadie reacciono y me senti invisible,triste
estoy muy agradecido por todo y estoy muy contento,feliz
la verdad algo cambio de repente y no entiendo por que y no se que hacer,miedo
lo que pasa es que estoy emocionalmente agotado y no se que hacer,triste
ahora mismo ya no aguanto esta situacion otra vez,enojo
hoy me siento muy triste desde hace dias,triste
en serio que dia tan especial fue hoy para mi,feliz
te juro que que desconsiderado eres siempre de verdad,enojo
oye no quise hablar con nadie hoy y eso me pesa,triste
es que tengo miedo de que me rechacen si digo lo que pienso hermano,miedo
siento que algo muy importante se perdio y no lo puedo superar,triste
ultimamente estoy rodeado de gente y me siento solo sinceramente,triste
no se si lo que estoy haciendo es lo correcto y me afecta,miedo
ultimamente no supe como responder y ahora me arrepiento y me afecta mucho,triste
lo que pasa es que me mintieron en mi cara sinceramente,enojo
oye me mandaron audio de voz gritando y quisiera que alguien me ayudara,enojo
no puedo evitar que tengo panico de enfrentar esto solo,miedo
no sé si estoy exagerando pero siento que las cosas ya no son como antes,triste
de verdad me parece terrible lo que hiciste,enojo
me pusieron obstaculos que no tenian sentido sinceramente,enojo
hoy nacio mi hija y nadie lo sabe,feliz
en este momento no tengo ganas de nada otra vez,triste
ultimamente todo esta empeorando en este momento,triste
para serte honesto estoy rodeado de gente y me siento solo sinceramente,triste
hoy el medico me dijo que necesita hablar conmigo y nadie lo sabe,miedo
sinceramente me siento excelente hoy en este momento,feliz
definitivamente estoy muy contento con todo lo que paso,feliz
mira me da pena que se den cuenta que no entendi pero bueno,miedo
en serio me alegra mucho el resultado final,feliz
te cuento que logre lo que queria y me tiene mal,feliz
te juro que me da mucho miedo entrar al salon y que todos me miren y nadie lo entiende,miedo
no te miento no quise hablar con nadie hoy y me afecta mucho,triste
que buena experiencia fue esa,feliz
hoy me quede sin trabajo y no se que hacer la verdad,triste
me cambiaron las condiciones a ultimo momento pero necesitaba decirlo,enojo
hoy perdi mi negocio y no se como seguir y ya,triste
te cuento que me llamaron de un numero desconocido y me tiene mal,miedo
te cuento que mi mejor amigo se fue a vivir lejos y no puedo evitarlo,triste
desde hace dias me duele el alma de verdad,triste
oye el profesor me humillo frente a todos y me pesa cargarlo solo,triste
desde ayer todo salio mal otra vez,triste
hoy me siento muy desconectado de todo y de todos y me tiene pensando mucho,triste
es que me toco vender el carro que tanto queria hermano,triste
lo que pasa es que me da ansiedad conocer gente nueva todo el tiempo,miedo
mira lo que paso tengo miedo de que me rechacen si digo lo que pienso y eso me tiene mal,miedo
me asusta que piensen que soy raro y me tiene agotado,miedo
la verdad no aguanto mas en este momento,enojo
es que me tratan diferente y no entienden por que me molesta pero ya no puedo mas,enojo
me da mucho miedo lo que puede pasar y me tiene muy nervioso,miedo
te juro que me canse de pedir ayuda y no recibirla,triste
es que cambio su estado y supe que era por mi y me tiene agotado,triste
oye todo me pesa demasiado de verdad,triste
ultimamente no se si voy a poder con esto todo el tiempo,miedo
para serte honesto todo me genera ansiedad ultimamente y necesito que alguien me entienda,miedo
en serio me echaron la culpa de algo que hizo otro y me cuesta mucho,enojo
ahora mismo tengo miedo de hablar por todo lo que paso,miedo
en este momento tengo ansiedad todo el tiempo,miedo
mira me dejo mi novio y estoy muy mal y eso me duele,triste
hoy hoy fue un mal dia desde hace dias,triste
me hicieron fila tres horas y no me atendieron la verdad,enojo
no te miento hoy no tengo que trabajar la verdad,feliz
sinceramente me da ansiedad abrir ese chat y no se que hacer,miedo
tuve que repetir lo mismo mil veces y necesito que alguien me entienda,enojo
ultimamente me da terror que noten que estoy nervioso y me cuesta mucho,miedo
eres la persona mas egoista que conozco y ya me canse,enojo
estoy muy satisfecho con el dia de hoy en serio,feliz
te cuento que hoy fue un dia muy chévere y eso me duele,feliz
estoy re contento con todo la verdad,feliz
te cuento que me tienen hasta la coronilla pero bueno,enojo
te digo que vi que me sacaron de un grupo y no dije nada la verdad,triste
hoy me vi bien en el espejo y me gusto,feliz
hoy no puedo mas con tanto y ya,triste
sabes que me alegra ver que todo salio bien y es lo mejor que me paso,feliz
en serio me da pena hablar en publico y manana me toca pero bueno,miedo
parce estoy con una nota hoy y no se que hacer,feliz
hoy fallecio alguien cercano y nadie lo sabe,triste
ultimamente siento que no soy tan inteligente como los demas sinceramente,triste
te digo que siento que el tiempo se me acaba y no he hecho nada,miedo
la verdad logre ahorrar lo que necesitaba y no se que hacer,feliz
fijate que me dejo en visto y no respondio pero necesitaba decirlo,triste
me siento decepcionado desde hace dias,triste
estoy muy apenado por lo que paso y me duele mucho,triste
mira salimos a rumbear y la pase muy bien hermano,feliz
vieja me pidieron que fuera a recursos humanos,miedo
es que me da mucha rabia lo que hiciste y me parece muy mal,enojo
es que el transporte salio tardisimo y llegue tarde por eso la verdad,enojo
la verdad me invitaron a algo importante la verdad,feliz
ultimamente me preocupa el futuro otra vez,miedo
te digo que tengo un miedo que no me deja pensar,miedo
la verdad me siento muy triste en este momento,triste
ahora mismo me costo mucho levantarme hoy y necesito que alguien me entienda,triste
fijate que me asusta mucho lo que esta pasando en el barrio y no puedo evitarlo,miedo
no puedo evitar que siento una angustia que no me deja dormir y me tiene muy nervioso,miedo
me da mucha rabia todo el tiempo,enojo
oye me dicen que me esfuerce mas cuando ya doy todo de verdad,enojo
para serte honesto me ignoraron cuando tenia razon todo el tiempo,enojo
fijate que me toco el dia libre y ya,feliz
en este momento me siento incomodo con esto y me afecta mucho,miedo
me fui de la reunion antes porque no podia mas y eso me tiene mal,triste
ahora mismo siento que estoy de mas y ya,triste
hoy estoy muy frustrado con todo esto y me cuesta aceptarlo,enojo
me llamaron para el trabajo en medellin,feliz
para serte honesto tengo miedo de tomar la decision equivocada,miedo
en serio me dijeron que me quieren y eso me pesa,feliz
sinceramente me da miedo ir al medico,miedo
la verdad siento que cargo con demasiado para mi edad la verdad,triste
hoy estoy muy ido hoy no se que me pasa de verdad,triste
desde ayer me da mucha rabia en este momento,enojo
te digo que me paraliza no saber cual es el camino correcto y me tiene pensando mucho,miedo
no se si contarte pero siento que no le importo a nadie de verdad y me pesa cargarlo solo,triste
me mintieron descaradamente en la cara y eso me duele,enojo
tengo miedo de que me quiten el trabajo y no se que hacer,miedo
para serte honesto tengo miedo de que no me entiendan pero necesitaba decirlo,miedo
tengo algo importante manana y no puedo dormir y ya,miedo
sinceramente me dejo en visto y no respondio pero necesitaba decirlo,triste
mira me invitaron a algo importante,feliz
es que tengo miedo de lo que no puedo ver y no se que hacer,miedo
oye estoy muy mamado de todo,triste
la verdad es que que felicidad tan grande siento ahora y no lo puedo creer,feliz
oye desactive mis redes porque me hacian sentir mal y no se que hacer,triste
hoy me comparan con otros y eso me molesta mucho,enojo
es que ya no quiero esforzarme y me tiene mal,triste
la verdad es que pude mantener una conversacion sin angustiarme y eso me tiene mal,feliz
hoy tengo miedo de hablar todo el tiempo,miedo
sinceramente me comi algo rico y me alegro el dia y me afecta,feliz
me alegra mucho haberte visto hoy y estoy muy contento,feliz
ahora mismo me tienen harto con esto todo el tiempo,enojo
lo que pasa es que me dijeron que cambie como si estuviera mal ser yo y no puedo evitarlo,triste
ahora mismo la vida esta siendo buena conmigo y no lo puedo ocultar,feliz
ahora mismo me da ansiedad abrir ese chat y no lo digo seguido,miedo
ultimamente tengo miedo de decir algo fuera de lugar y nadie lo entiende,miedo
en serio me sacaron de la jugada sin ninguna explicacion y no es facil,enojo
oye estoy muy ilusionado con lo que viene de verdad,feliz
fijate que hoy llore sin saber por que y me tiene mal,triste
me alegra muchisimo lo que paso y no lo puedo creer,feliz
hoy me da mucha rabia ultimamente,enojo
hoy hoy me fue de pelos,feliz
fijate que tengo panico de fallar frente a todos todo el tiempo,miedo
es que todo el mundo esta en planes y yo solo en casa y no puedo evitarlo,triste
desde hace dias me da pavor equivocarme de verdad,miedo
hoy todo me afecta demasiado y no se que hacer,triste
no puedo con esta rabia que siento y me parece muy mal,enojo
de verdad que buena experiencia vivimos juntos en serio,feliz
es que me da mucho miedo no estar listo,miedo
ultimamente me siento muy feliz y no se que hacer,feliz
todo esta fluyendo muy bien ultimamente pero bueno,feliz
sinceramente todo me hace enojar y me afecta mucho,enojo
oye eso que hiciste estuvo muy feo y eso no esta bien,enojo
en este momento todo esta mejorando y me encanta,feliz
fijate que me dieron el trabajo que queria sinceramente,feliz
no se si contarte pero tengo miedo de que las cosas cambien de repente de verdad,miedo
me hace muy bien sentirme asi y es lo mejor que me paso,feliz
sabes que hoy fue un dia increible y no lo puedo creer,feliz
desde ayer estoy muy enojado todo el tiempo,enojo
es que tengo miedo de que las cosas cambien de repente sinceramente,miedo
hermano tengo miedo de que me quiten el trabajo y no se que hacer,miedo
lo que pasa es que no se si voy a poder con esto y me tiene mal,miedo
mira perdi una oportunidad importante y ya,triste
sé que probablemente no va a pasar nada pero no puedo dejar de pensar en lo peor,miedo
es que estoy muy bacano con la noticia,feliz
honestamente me cansa tu falta de madurez y ya me canse,enojo
oye dijeron mentiras sobre mi en redes de verdad,enojo
hoy tengo ansiedad y eso me preocupa,miedo
en serio hicieron algo injusto y nadie dijo nada y necesito que alguien me entienda,enojo
en serio tengo miedo de que las cosas cambien de repente de verdad,miedo
la verdad me cobraron mas de lo que decia el precio y eso me duele,enojo
sinceramente me siento incomodo con esto desde hace dias,miedo
oye sonrei todo el tiempo pero por dentro lloraba y me pesa cargarlo solo,triste
hoy llegue a tiempo a todo la verdad,feliz
en serio no se si estan enojados conmigo o es mi imaginacion y no puedo evitarlo,miedo
hoy hoy todo fluyo bien y es agotador,feliz
que dia tan bueno fue este sin duda,feliz
no te miento me ignoraron durante horas la verdad,enojo
lo que pasa es que estoy muy triste y no se que hacer y no se como seguir,triste
desde ayer hoy fue un gran dia en este momento,feliz
no te miento hoy fue un dia muy gris todo el tiempo,triste
sinceramente no duermo de la preocupacion,miedo
sinceramente me tienes cansado con eso y no lo voy a tolerar,enojo
en serio siento un vacio enorme dentro de mi y quisiera que no fuera así,triste
ultimamente me tratan diferente y no entienden por que me molesta pero ya no puedo mas,enojo
me toco dejar los estudios por plata y nadie lo sabe,triste
no se si contarte pero hoy fui honesto y salio bien y trato de disimularlo,feliz
mira estoy muy bacano con la noticia parce,feliz
te digo que siento un temor muy grande ahora mismo y no se que hacer,miedo
hoy hoy fue un dia increible de verdad y me afecta,feliz
siento un vacio que no puedo llenar y quisiera que no fuera así,triste
vi las historias de todos y me senti muy mal y no puedo evitarlo,triste
estoy muy triste con el resultado y me duele mucho,triste
fijate que estoy con las personas que amo,feliz
es que me aterra pensar en lo que puede ocurrir y no se que hacer,miedo
me duele mucho haber perdido eso de verdad,triste
hermano me dieron la beca de la universidad publica de verdad,feliz
mira gane el concurso de verdad,feliz
en serio me aprobo el credito el banco y no se que hacer,feliz
sinceramente me tienen harto con tanta mentira de verdad,enojo
es que me da pena hablar en publico y manana me toca,miedo
no te miento tengo miedo de tomar la decision equivocada y me tiene mal,miedo
la verdad salimos a rumbear y la pase muy bien,feliz
hoy me regalaron algo que queria hace mucho pero bueno,feliz
sinceramente me dieron informacion falsa y no puedo evitarlo,enojo
la verdad es que siento una melancolía muy profunda y no se como seguir,triste
te cuento que me toco irme del barrio que queria y eso me duele,triste
la verdad es que estoy muy decaido y sin fuerzas y no lo puedo superar,triste
es que siento que el tiempo paso y yo no hice nada y ya,triste
en serio me echaron la culpa de algo que no hice todo el tiempo,enojo
estoy muy satisfecho con todo lo hecho y es lo mejor que me paso,feliz
sinceramente mi jefe quedo contento con mi trabajo y no es facil admitirlo,feliz
ultimamente perdi la materia que mas me esforcé pero necesitaba decirlo,triste
hoy estoy pasando un gran momento y me afecta mucho,feliz
oye siento que me estoy quedando sin opciones sinceramente,miedo
mira estoy con las personas que amo,feliz
estoy muy feliz con el camino que tome en serio,feliz
hoy se llevaron el credito de lo que yo hice y no se que hacer,enojo
estas actuando muy mal y eso no esta bien,enojo
sinceramente estoy pasando un gran momento desde hace dias,feliz
sinceramente siento una melancolía muy profunda,triste
la verdad fuimos a la finca y fue muy bacano,feliz
siento que no soy tan inteligente como los demas y trato de disimularlo,triste
me da una ira terrible y punto,enojo
en serio lei el mensaje mal y arruine todo y me cuesta mucho,triste
no se si contarte pero no quiero mandar el audio por miedo a como sueno sinceramente,miedo
hermano me faltaron el respeto delante de todos parce,enojo
la verdad me tiene muy cansado esa actitud y ya,enojo
perdi tiempo en algo que no valio de verdad,enojo
sinceramente me siento increible en este momento,feliz
te juro que eres una persona muy egoista y no lo entiendo,enojo
es que estoy muy nervioso con esa vuelta de verdad,miedo
hoy siento que todos avanzan menos yo,triste
fijate que me embargaron la cuenta y no entiendo por que,miedo
la verdad es que me asusta que piensen que soy raro y trato de disimularlo,miedo
fijate que tengo miedo de embarrarla con esa decision,miedo
lo que pasa es que me mintieron en mi cara y necesito que alguien me entienda,enojo
la verdad nada tiene sentido ultimamente,triste
me duele mucho lo que me dijeron y no se como seguir,triste
te cuento que me gane una chamba buenisima,feliz
desde hace dias cambiaron las reglas sin avisarme y me tiene agotado,enojo
ahora mismo estoy realmente frustrado y no se que hacer,enojo
no puedo evitar que siento panico cada vez que pienso en eso,miedo
la verdad el silencio de esa persona me preocupa mucho,miedo
definitivamente me siento lleno de energia esta semana,feliz
sinceramente me salio el primer cliente y no es facil,feliz
me salio todo bien y no me lo esperaba la verdad,feliz
lo que pasa es que siento que no encajo en ningún lado y es agotador,triste
parce me dieron una sorpresa muy bonita hoy hermano,feliz
que buena noticia para terminar el dia y estoy muy agradecido,feliz
me trataron diferente a los demas y no puedo evitarlo,enojo
bro no entiendo como la gente puede ser asi la verdad,enojo
ultimamente me preocupa mucho el futuro economico pero bueno,miedo
me trataron como si yo fuera el problema y nadie lo sabe,enojo
sinceramente tengo miedo de llegar a cierta edad sin haber logrado nada,miedo
ultimamente tengo miedo de llegar a cierta edad sin haber logrado nada y no es facil,miedo
sinceramente me dijeron que si y despues que no y me tiene mal,enojo
oye siento que voy a fallar manana la verdad,miedo
para serte honesto tengo miedo de que me alejen si se dan cuenta como soy y me cuesta mucho,miedo
sinceramente me graduo este mes y eso me pesa,feliz
en este momento me preocupa el futuro ultimamente,miedo
te juro que hoy me senti comodo siendo yo mismo y quisiera que alguien me ayudara,feliz
hoy me da pena que se den cuenta que no entendi y no se que hacer,miedo
parce me da susto pedir el favor porque me da pena la verdad,miedo
sinceramente estoy muy angustiado con todo esto,miedo
me duele mucho saber que ya no esta,triste
lo que pasa es que no supe leer la situacion y meti la pata pero necesitaba decirlo,triste
no te miento me siento muy lejos de todos y nadie lo sabe,triste
sinceramente me ignoraron durante horas pero bueno,enojo
es que me dejo mi novio y estoy muy mal y no se que hacer,triste
sinceramente no puedo creer que hayan hecho eso,enojo
es que me senti aceptado como soy y eso me tiene mal,feliz
ultimamente me di cuenta que no me invitaron a la reunion y me pesa cargarlo solo,triste
es que mi mejor amigo se fue para otro pais pero bueno,triste
en serio me trataron como si yo fuera el problema parce,enojo
hoy compre mi primer carro y no se que hacer,feliz
ahora mismo cargue con toda la responsabilidad del grupo sinceramente,enojo
hoy no se como va a terminar esto y no se que hacer,miedo
me exigen resultados sin darme las herramientas y no es facil,enojo
no puedo evitar que tengo miedo de que las cosas empeoren,miedo
es que me salio el primer cliente,feliz
hoy me pidieron algo de ultimo momento y trato de disimularlo,enojo
la verdad me siento muy achantado hoy,triste
mira termino mi relacion y me afecta,triste
definitivamente me preocupa demasiado esto esta semana,miedo
es que me siento muy achantado hoy y no puedo evitarlo,triste
en serio me descuentan del sueldo cosas que no firmé de verdad,enojo
no te miento me aterra quedar mal frente a todos,miedo
realmente me da demasiada rabia y estoy cansado,enojo
sabes que me siento muy orgulloso de lo logrado,feliz
ahora mismo todo me da miedo,miedo
no te miento me eliminó de sus contactos sin decir nada y me afecta mucho,triste
te juro que me comi algo rico y me alegro el dia y nadie lo entiende,feliz
ultimamente esto me molesta demasiado otra vez,enojo
la verdad me dijeron que era mi culpa cuando no lo era de verdad,enojo
estoy lleno de felicidad ahora mismo y estoy muy contento,feliz
es que me salio el traslado que pedi y ya,feliz
hoy fue exactamente lo que necesitaba y nadie lo entiende,feliz
en serio me hicieron fila tres horas y no me atendieron pero bueno,enojo
ultimamente me fue muy mal en el examen y trato de disimularlo,triste
es que tengo miedo de no tener a nadie conmigo y no puedo calmarlo,miedo
en serio hoy me senti muy a gusto con todo de verdad,feliz
la verdad me asusta mucho lo que esta pasando en el barrio la verdad,miedo
ahora mismo cambiaron las reglas sin avisarme pero necesitaba decirlo,enojo
la verdad es que me aterra la idea de perder todo,miedo
te cuento que me llamaron de un numero desconocido y no se que hacer,miedo
para serte honesto tengo miedo de que me alejen si se dan cuenta como soy sinceramente,miedo
mira lo que paso me corrigieron el tono sin escuchar lo que dije y me cuesta mucho,enojo
me mandaron un mensaje raro y no entiendo que quieren de verdad,miedo
fijate que la incertidumbre me tiene paralizado pero no digo nada,miedo
te juro que termine todo lo que tenia pendiente y no puedo evitarlo,feliz
la verdad es que siento que ya no tengo fuerzas para nada de verdad,triste
vieja se aprovecharon de la buena fe mia y no es facil,enojo
oye vi algo que me dejo muy intranquilo y ya,miedo
ultimamente no tengo ganas de nada y me afecta mucho,triste
me da mucho temor el futuro cercano y no puedo calmarlo,miedo
hoy me tiene muy apagado esta situacion y ya,triste
es que me preocupa no poder pagar el arriendo el otro mes,miedo
la verdad estoy re contento con todo y me afecta,feliz
es que me contactaron por mi trabajo y quede feliz,feliz
ahora mismo no se que va a pasar desde hace dias,miedo
es que me descuentan del sueldo cosas que no firmé,enojo
parce perdi mi negocio y no se como seguir y no es facil,triste
parce mi mejor amigo se fue para otro pais pero bueno,triste
desde hace dias siento que el miedo no me deja avanzar de verdad,miedo
mira me dejaron hacer todo el trabajo solo y me afecta mucho,enojo
ultimamente estoy demasiado molesto,enojo
estoy muy ido hoy no se que me pasa parce,triste
ultimamente lei el mensaje diez veces y no se como responder y no se como manejarlo,miedo
de verdad estoy muy triste con lo que me paso y no lo puedo superar,triste
me da pena decirlo pero me dejo en visto y no respondio pero ya no puedo mas,triste
te digo que me duele mucho lo que significa esto y no se como seguir,triste
te cuento que estoy apostando todo a esto y ya,miedo
no puedo creer que que situacion tan frustrante esta,enojo
la verdad es que siento que estoy muy solo en todo esto y no se como seguir,triste
hoy nadie me dio una respuesta clara y no puedo evitarlo,enojo
es que todos parecen entender menos yo y no se que hacer,triste
es que me rechazaron y duela mucho,triste
la verdad consegui el trabajo y necesito que alguien me entienda,feliz
me fue muy mal en el examen y trato de disimularlo,triste
la verdad me da ansiedad conocer gente nueva,miedo
es que siento panico cuando pienso en eso y no se que hacer,miedo
me angustia saber que todo queda guardado en internet bro,miedo
es que estoy con una nota hoy y me tiene mal,feliz
la verdad perdi algo muy importante otra vez,triste
termine de pagar mi deuda la verdad,feliz
me tiene indignado lo que paso,enojo
definitivamente tengo ansiedad por todo lo que paso,miedo
hoy hoy amaneci con toda la actitud y no es facil,feliz
oye no hubo trafico hoy sinceramente,feliz
no te miento me tiene muy bajoneado lo que paso,triste
me agota tu comportamiento en serio,enojo
oye me invitaron a participar en un proyecto de verdad,feliz
te digo que tengo mucho miedo de lo desconocido y no se que hacer,miedo
mira cumpli mi meta del año y ya,feliz
no te miento mi familia esta pasando un momento muy dificil,triste
te cuento que eso me pone muy furioso parce,enojo
sinceramente estoy muy preocupado y no puedo dormir,miedo
fijate que estoy muy ilusionado con lo que viene y me tiene mal,feliz
desde hace dias mi familia esta bien y no se que hacer,feliz
de verdad que mal te portas siempre,enojo
es que me saco del grupo sin razon pero ya no puedo mas,triste
oye me tiene muy angustiado esa situacion parce,miedo
fijate que me pusieron en evidencia en un grupo y no se que hacer,enojo
es que no se si lo que estoy haciendo es lo correcto,miedo
fijate que se aprovecharon de que no sabia,enojo
fijate que hoy fue un dia muy chévere hermano,feliz
en serio me respondio el mensaje que esperaba y trato de disimularlo,feliz
en serio me dicen que deberia estar agradecido por poco pero bueno,enojo
sinceramente todo me fastidia y me afecta mucho,enojo
lo que es cierto es que estoy muy contento con mi progreso de verdad,feliz
la verdad es que estoy muy emocionado con lo que viene,feliz
fijate que me comparo mucho con los demas y me hace mal y me afecta,triste
sinceramente me robaron el celular y estoy muy mal y ya,triste
no te miento me da ansiedad conocer gente nueva pero no digo nada,miedo
sinceramente tengo miedo de que mi respuesta suene agresiva,miedo
lo que es cierto es que que buena noticia me dieron hoy sin duda,feliz
ahora mismo me da miedo pedir ayuda la verdad,miedo
oye no logre lo que esperaba y necesito que alguien me entienda,triste
la verdad consegui apartamento en arriendo bien precio de verdad,feliz
la verdad me exigen resultados sin darme las herramientas y no se que hacer,enojo
aprobe el examen la verdad,feliz
la verdad extraño como era todo antes y ya,triste
lo que pasa es que me escribieron para disculparse y me alegro y no se que hacer,feliz
fijate que estoy muy cansado de lucharla solo y eso me duele,triste
siento que no soy suficiente y no se que hacer,triste
ahora mismo siento que estoy de mas y es agotador,triste
me decepciona mucho tu actitud y no lo entiendo,enojo
en serio me da ansiedad publicar algo y que lo juzguen,miedo
desde hace dias tengo miedo de mandar ese mensaje y que lo tomen mal y trato de disimularlo,miedo
te cuento que nadie me dio una respuesta clara y ya,enojo
es que nadie entendio como me sentia y me tiene mal,triste
me trataron diferente a los demas y no se que hacer,enojo
me da pena decirlo pero me da terror que noten que estoy nervioso sinceramente,miedo
hoy quiero estar solo y no se que hacer,triste
me tiene muy irritado todo esto pero bueno,enojo
no se por fin publique lo que venia trabajando y ya,feliz
mira siento que cargue solo con todo y ya,triste
sinceramente estoy muy ido hoy no se que me pasa y ya,triste
en serio mi familia se fue a vivir lejos y me siento solo y no puedo evitarlo,triste
mira me tocó pagar una multa que no era justa hermano,enojo
es que hoy fue un dia muy chévere,feliz
parce me fue bien en el icfes,feliz
es que no se si estoy listo para esto y me tiene mal,miedo
la verdad me duele mucho esto y me afecta mucho,triste
lo que pasa es que me da terror decepcionar a alguien que confio en mi y no se que hacer,miedo
en serio me hace muy bien sentirme asi y no lo puedo creer,feliz
la verdad es que me paraliza la idea de tener que hablar en grupo y no se que hacer,miedo
hicieron lo que quisieron sin preguntarme nada,enojo
oye salimos a rumbear y la pase muy bien la verdad,feliz
hoy estoy harto de esto otra vez,enojo
parce me tiene muy triste esta vuelta pero bueno,triste
siento que todo el mundo sigue y yo me quede quieto la verdad,triste
en serio me invitaron a participar en un proyecto y no se que hacer,feliz
en serio estoy muy bajoneado sin poder levantarme y no lo puedo superar,triste
hoy me da muy duro enfrentar esa conversacion y ya,miedo
siento que voy a fallar manana la verdad,miedo
siento una inquietud que no me deja tranquilo y eso me preocupa mucho,miedo
te digo que me siento muy solo y sin apoyo de verdad,triste
es que eso me pone muy furioso parce la verdad,enojo
sinceramente me asusta mucho la incertidumbre y me tiene muy nervioso,miedo
tengo panico de perder lo que tengo y me tiene muy nervioso,miedo
para serte honesto lei el mensaje mal y arruine todo,triste
me cayo muy bien esa persona y nadie lo sabe,feliz
realmente todo esta saliendo bien de verdad,feliz
tengo un miedo muy grande en este momento,miedo
fijate que estoy muy asustado con lo que puede pasar y eso me duele,miedo
me angustia pensar que quiza elegi mal mi carrera,miedo
no te miento me fue muy mal en el examen y me tiene agotado,triste
es que me dicen que exagero cuando digo como me siento de verdad,enojo
tengo panico de que algo que dije llegue a las manos equivocadas y me cuesta aceptarlo,miedo
te cuento que siento que fracase y no se que hacer,triste
me siento incomodo con esto desde hace dias,miedo
no te miento me senti aceptado como soy y me tiene agotado,feliz
tengo miedo de equivocarme y arrepentirme despues y ya,miedo
hoy odio esta situacion de verdad,enojo
definitivamente estoy temblando de nervios por todo lo que paso,miedo
sinceramente logre terminar algo que habia dejado pendiente y me pesa cargarlo solo,feliz
que injusto es todo esto en serio,enojo
en serio cambiaron las reglas sin avisarme,enojo
es que se burlaron de mi y me tiene mal,enojo
me llegó una carta del juzgado y no se que es,miedo
me echaron la culpa de algo que hizo otro la verdad,enojo
que fastidio me da esta situacion y me parece muy mal,enojo
me dicen que deberia estar agradecido por poco de verdad,enojo
fijate que no tuve ganas de comer y eso me pesa,triste
hoy me aprobo el credito el banco y ya,feliz
sinceramente termine mi tesis y no puedo evitarlo,feliz
me hace muy bien sentirme asi sin duda,feliz
fijate que siento que perdi una etapa de mi vida la verdad,triste
siento una pena muy honda en mi y quisiera que no fuera así,triste
la verdad es que estoy muy apagado sin poder sonreir y no lo puedo superar,triste
te digo que siento que algo muy importante se perdio,triste
no tengo con quien hablar y no lo puedo ocultar,triste
en serio consegui el trabajo la verdad,feliz
fijate que estoy que no me la creo hermano,feliz
ultimamente ya no quiero esforzarme y es agotador,triste
ahora mismo todo salio mal en este momento,triste
te cuento que encontre lo que buscaba todo el tiempo,feliz
parce no tenemos para el arriendo este mes la verdad,triste
la verdad es que tengo miedo de lo que no puedo ver y eso me preocupa mucho,miedo
la verdad siento que la estoy embarrando en todo y nadie lo sabe,triste
definitivamente me hicieron perder el tiempo y estoy cansado,enojo
sinceramente hoy fue un dia muy gris otra vez,triste
hoy me hablaron muy feo sin ninguna razon y ya,enojo
la verdad me dieron el trabajo que queria sinceramente,feliz
lo que pasa es que me siento completo todo el tiempo,feliz
men estoy re contento con todo de verdad,feliz
de verdad me alegra mucho el resultado final en serio,feliz
vi algo que me dejo muy intranquilo y me afecta,miedo
hoy me reportaron sin motivo y me bloquearon la cuenta la verdad,enojo
tengo panico de que algo que dije llegue a las manos equivocadas men,miedo
oye cargue con toda la responsabilidad del grupo y me afecta mucho,enojo
parce me robaron el celular y estoy muy mal,triste
mira me llamaron de un numero desconocido,miedo
la verdad me siento feliz desde hace dias,feliz
oye ya nada es igual y no puedo evitarlo,triste
oye estoy muy bacano con la noticia,feliz
ultimamente todo salio mal por todo lo que paso,triste
me pidieron que fuera a recursos humanos y ya,miedo
por fin me salio el pasaporte y nadie lo sabe,feliz
ahora mismo estoy agradecido por todo esta semana,feliz
oye me saco del grupo sin razon y no lo digo seguido,triste
no te miento siento que no encajo en ningún lado sinceramente,triste
fijate que estoy muy bacano con la noticia,feliz
sinceramente no me merecia este trato todo el tiempo,enojo
mira me siento solo aunque este rodeado de gente,triste
ultimamente me angustia no tener todo claro a mi edad,miedo
estoy muy bajoneado con la noticia y quisiera que no fuera así,triste
te digo que borre todas mis fotos porque no me gustaba nada y ya,triste
la verdad todo el mundo esta en planes y yo solo en casa y no puedo evitarlo,triste
las cosas ya no son como antes y ya,triste
siento una tristeza muy profunda y quisiera que no fuera así,triste
desde ayer todo me afecta demasiado y no se que hacer,triste
fijate que hoy me senti muy a gusto con todo parce,feliz
en este momento no soporto esta situacion desde hace dias,enojo
de verdad me pone de muy buen humor esto y estoy muy contento,feliz
que buena noticia para terminar el dia en serio,feliz
mira hoy me fue de pelos y no puedo evitarlo,feliz
la verdad me siento vacio en este momento,triste
ultimamente me copiaron el trabajo y lo publicaron como propio de verdad,enojo
oye me mandaron un mensaje muy agresivo y me cuesta mucho,enojo
me sorprendieron hoy y me tiene mal,feliz
estoy cansado de aparentar que todo esta bien y nadie lo entiende,triste
de verdad siento una tristeza muy profunda y me duele mucho,triste
hoy me quitaron el like y eso me bajo el animo,triste
hoy tengo un mal presentimiento con eso y eso me duele,miedo
vieja me da susto pedir el favor porque me da pena de verdad,miedo
oye me escribio la persona que me gusta,feliz
desde ayer me siento motivado desde hace dias,feliz
ya les dije mil veces y no cambia nada y no lo digo seguido,enojo
ultimamente todo salio excelente otra vez,feliz
en serio me dicen que me esfuerce mas cuando ya doy todo,enojo
ultimamente me siento vacio y no se que hacer,triste
fijate que tengo miedo de lo que piensen de mi otra vez,miedo
me echaron la culpa de algo que hizo otro parce,enojo
mira consegui el trabajo,feliz
oye ya me colmaste la paciencia,enojo
la verdad me duele mucho esto por todo lo que paso,triste
mira usaron mis ideas sin darme credito bro,enojo
realmente me preocupa el futuro otra vez,miedo
fijate que me mandaron de una oficina a otra sin solucion y ya,enojo
me estan ocultando algo y eso me pone nervioso y ya,miedo
te cuento que me dijeron que me quieren otra vez,feliz
consegui apartamento en arriendo bien precio y eso me duele,feliz
hoy me da muy duro enfrentar esa conversacion y no es facil,miedo
me exigen resultados sin darme las herramientas y nadie lo entiende,enojo
men borre todas mis fotos porque no me gustaba nada y me afecta,triste
me da pena decirlo pero me ignoraron cuando trate de explicarme y me afecta mucho,enojo
ahora mismo me usaron y despues me ignoraron,enojo
no te miento me paralizo cuando tengo que decidir la verdad,miedo
sinceramente me siento inseguro por todo lo que pasa,miedo
no te miento me llamaron de la empresa y no dijeron para que y me tiene mal,miedo
es que me case hoy de verdad,feliz
parce estoy muy cansado de lucharla solo y eso me duele,triste
oye me hicieron perder un dia entero,enojo
oye siento que cargue solo con todo la verdad,triste
me da pena decirlo pero me subieron el sueldo y trato de disimularlo,feliz
hoy ya no se que hacer todo el tiempo,triste
fijate que el transporte salio tardisimo y llegue tarde por eso hermano,enojo
la verdad me cayo del cielo esa noticia,feliz
sinceramente que situacion tan frustrante esta y me parece muy mal,enojo
la verdad me da ansiedad publicar algo y que lo juzguen y nadie lo entiende,miedo
me frustra muchisimo esto,enojo
es que tengo miedo de que me quiten el trabajo,miedo
estoy pasando un gran momento por todo lo que paso,feliz
en este momento tengo panico y no puedo dormir,miedo
es que me da muy duro enfrentar esa conversacion la verdad,miedo
desde ayer ya no quiero hablar esta semana,triste
ultimamente tengo ansiedad y no puedo dormir,miedo
oye no tuve ganas de comer de verdad,triste
no te miento me da ansiedad cuando hay silencio en la conversacion y trato de disimularlo,miedo
te cuento que termine mi tesis la verdad,feliz
sinceramente me respondieron con mala cara sin razon y no se que hacer,enojo
sinceramente siento que no encajo en ningún lado otra vez,triste
ahora mismo aprobe la materia que tenia perdida y no es facil admitirlo,feliz
de verdad que buena noticia me alegra el dia y estoy muy contento,feliz
hoy me da miedo no estar a la altura de lo que se espera,miedo
oye me siento muy perdido con mi vida,triste
fijate que me citaron para hablar y no se de que,miedo
en serio me llego un paquete que habia pedido la verdad,feliz
hoy tengo ansiedad de aparecer en camara y ya,miedo
mira me dijeron que si y despues que no sinceramente,enojo
no se si contarte pero tengo miedo de decir algo fuera de lugar pero necesitaba decirlo,miedo
estoy muy bajo de animo y sin ganas y quisiera que no fuera así,triste
me alegra que todo haya salido bien sin duda,feliz
te cuento que siento que algo no esta bien aunque todo parece normal y ya,miedo
no te miento me prometieron que no volveria a pasar y me afecta mucho,enojo
realmente ya no tengo ganas otra vez,triste
estoy muy cansado de lucharla solo y me tiene mal,triste
honestamente me tiene harto tu falta de respeto y me parece muy mal,enojo
tengo miedo de que me vaya mal en las parciales hermano,miedo
en serio estoy muy triste con la situacion actual y no lo puedo superar,triste
es que siento que se me acaba el tiempo,miedo
mira siento que estoy de mas todo el tiempo,triste
me toco irme del barrio que queria,triste
sinceramente me hicieron perder el tiempo ultimamente,enojo
ultimamente estoy muy emocionado con lo que viene y ya,feliz
desde hace dias logre terminar algo que habia dejado pendiente y eso me tiene mal,feliz
me siento lleno de energia otra vez,feliz
no se vi las historias de todos y me senti muy mal pero bueno,triste
fijate que nadie noto que algo me pasaba pero ya no puedo mas,triste
sinceramente me da miedo ir al medico sinceramente,miedo
me salio el cupo en el sena,feliz
oye me paraliza no saber cual es el camino correcto la verdad,miedo
en serio me da pena que se den cuenta que no entendi y me tiene mal,miedo
sinceramente me regalaron algo que queria hace mucho y no se que hacer,feliz
la verdad es que no voy a tolerar ese comportamiento en serio,enojo
te cuento que me toco vender el carro que tanto queria,triste
te digo que que buena experiencia vivimos juntos,feliz
fijate que me echaron la culpa de algo que no hice y me tiene mal,enojo
me hicieron esperar demasiado de verdad,enojo
lo que pasa es que tengo panico de decir algo y que lo malinterpreten y me cuesta mucho,miedo
ahora mismo cargue con toda la responsabilidad del grupo,enojo
definitivamente estoy muy emocionado ultimamente,feliz
oye me prometieron que no volveria a pasar y no lo digo seguido,enojo
te cuento que hicimos sancocho en familia y fue muy rico y me tiene mal,feliz
de verdad que buena noticia me alegra el dia sin duda,feliz
nadie hace las cosas bien aqui y me tiene mal,enojo
no se si contarte pero me mandaron un mensaje muy agresivo y eso me tiene mal,enojo
oye termine de pagar mi deuda la verdad,feliz
oye me tiene muy enojado esa situacion y no es facil,enojo
oye me tiene muy irritado todo lo que esta pasando bro,enojo
la verdad es que ya basta con esa actitud y no lo voy a tolerar,enojo
lo que pasa es que entregue el proyecto a tiempo pero necesitaba decirlo,feliz
que alegria tan grande la mia sin duda,feliz
la verdad es que que experiencia tan maravillosa fue y estoy muy agradecido,feliz
lo que pasa es que alguien noto que estaba bien y me lo dijo y no lo digo seguido,feliz
sinceramente me canse de pedir ayuda y no recibirla,triste
sabes que que alegria me da verte bien en serio,feliz
sinceramente me da ansiedad conocer gente nueva y no puedo evitarlo,miedo
definitivamente estoy realmente frustrado en este momento,enojo
la verdad es que que buena experiencia vivimos juntos de verdad,feliz
hoy me eliminaron del grupo sin decir nada bro,enojo
hoy extraño mucho a las personas que ya no estan y no se que hacer,triste
lo que pasa es que siento que fracase y no puedo evitarlo,triste
ultimamente no puedo mas con tanto y no se que hacer,triste
lo que pasa es que siento una rabia que no te imaginas y eso no esta bien,enojo
de verdad siento una melancolía muy profunda,triste
te juro que me etiquetaron en algo que me alegro el dia pero ya no puedo mas,feliz
la verdad es que tuve que fingir que estaba bien toda la noche pero ya no puedo mas,triste
sinceramente me salio redondo todo hoy y no se que hacer,feliz
definitivamente todo salio mal y no se que hacer,triste
me asusta mucho pensar en el futuro,miedo
es que no voy a tolerar esto mas de verdad,enojo
para serte honesto mi jefe quedo contento con mi trabajo y quisiera que alguien me ayudara,feliz
ultimamente me fallaron cuando mas los necesitaba y no puedo evitarlo,triste
es que subi una foto y me arrepenti de haberla subido pero bueno,triste
oye siento que no tengo proposito la verdad,triste
ahora mismo no soporto esta situacion,enojo
parce me tiene muy preocupado lo que esta pasando la verdad,miedo
hoy me asusta mucho lo que esta pasando en el barrio y eso me duele,miedo
ahora mismo me siento furioso y no se que hacer,enojo
sinceramente siento un temor muy grande ahora mismo y no puedo calmarlo,miedo
la verdad estoy disfrutando mucho de verdad,feliz
es que siento que la estoy embarrando en todo,triste
se burlaron de mi todo el tiempo,enojo
fijate que me respondieron con mala actitud sin razon y me cuesta mucho,enojo
siento que algo no esta bien aunque todo parece normal,miedo
de verdad que fastidio me da esta situacion,enojo
no te miento no alcance el cupo en la universidad publica y no se que hacer,triste
ahora mismo tengo miedo de mandar ese mensaje y que lo tomen mal y quisiera que alguien me ayudara,miedo
hoy que buen resultado tuvimos hoy y es lo mejor que me paso,feliz
ahora mismo estoy realmente indignado y es agotador,enojo
mira lo que paso mi grupo de trabajo funciono muy bien y me cuesta mucho,feliz
tengo miedo de que todo se derrumbe y no se que hacer,miedo
estoy muy bajoneado con la noticia de verdad,triste
no se que va a pasar y me aterra y no puedo calmarlo,miedo
no te miento me eliminó de sus contactos sin decir nada y quisiera que alguien me ayudara,triste
en este momento me da mucha rabia por todo lo que paso,enojo
en serio no te soporto mas en serio,enojo
hoy saque mi licencia de conducir pero bueno,feliz
la verdad me mintieron en mi cara y necesito que alguien me entienda,enojo
mira me independice por fin y no se que hacer,feliz
ahora mismo tengo panico y eso me preocupa,miedo
desde hace dias no se si estoy listo para esto sinceramente,miedo
sinceramente alguien me entendio sin que yo explicara mucho y eso me tiene mal,feliz
sinceramente me pidieron algo de ultimo momento y me tiene agotado,enojo
mira perdi mi trabajo hoy,triste
hoy me respondieron que si al proyecto y no es facil,feliz
me mandaron de una oficina a otra sin solucion la verdad,enojo
mira me toca salir tarde y me da miedo en la calle y eso me duele,miedo
hoy se aprovecharon de que no sabia,enojo
sinceramente siento mucha presion en este momento,miedo
ahora mismo me rechazaron y duela mucho otra vez,triste
no te miento me ignoraron cuando trate de explicarme y me cuesta mucho,enojo
hoy me toco el dia libre pero no digo nada,feliz
hoy el medico me dijo que necesita hablar conmigo de verdad,miedo
realmente quiero estar solo ultimamente,triste
fijate que me eliminaron del grupo sin decir nada y ya,enojo
me siento muy bien con lo que hice,feliz
la verdad es que me da terror lo que pueda pasar despues y me tiene muy nervioso,miedo
la verdad es que siento una tristeza muy profunda y no lo puedo superar,triste
no puedo evitar que me da miedo no poder controlarlo y no se que hacer,miedo
desde ayer tengo mucho miedo todo el tiempo,miedo
la verdad se fue mi gato hoy pero bueno,triste
parce hoy amaneci con toda la actitud,feliz
oye hicieron lo que quisieron sin preguntarme nada,enojo
estoy muy feliz y emocionado,feliz
en serio me siento muy solo y abandonado de verdad,triste
oye me dieron el viernes libre pero necesitaba decirlo,feliz
te juro que llevo dias aguantando esto y ya no puedo y no se que hacer,enojo
oye me fui de viaje y me afecta,feliz
no se si contarte pero no entendi el tono del mensaje y me confundi y quisiera que alguien me ayudara,triste
ahora mismo por fin me contestaron y no puedo evitarlo,feliz
mira me salio rico lo que cocine la verdad,feliz
es que me salio el cupo en el sena la verdad,feliz
es que no puedo creer lo que hicieron y me tiene mal,enojo
te digo que que noticia tan buena me dieron en serio,feliz
te cuento que siento que algo no esta bien aunque todo parece normal,miedo
definitivamente todo esta mejorando y me encanta,feliz
sinceramente la vida esta siendo buena conmigo y me afecta mucho,feliz
no se si contarte pero me reconocieron el esfuerzo en el trabajo y no puedo evitarlo,feliz
tuve que dejar mis estudios sinceramente,triste
es que me perdi un momento importante y no puedo evitarlo,triste
realmente estoy disfrutando mucho ultimamente,feliz
sabes que estoy muy satisfecho con todo lo hecho,feliz
te digo que me comparo mucho con los demas y me hace mal men,triste
tengo panico de enfrentar esto solo y eso me preocupa mucho,miedo
me asusta mucho lo que podria pasar,miedo
no se si contarte pero me angustia no saber como interpretar eso sinceramente,miedo
me duele mucho lo que dijiste y no se como seguir,triste
te juro que me copiaron el trabajo y lo publicaron como propio y no lo digo seguido,enojo
mira todo me genera ansiedad ultimamente y no se que hacer,miedo
te cuento que consegui el trabajo y no lo puedo ocultar,feliz
hoy me siento muy orgulloso de lo logrado sin duda,feliz
lo que pasa es que me duele el alma de verdad,triste
ultimamente me siento nervioso todo el tiempo,miedo
no te miento me hicieron perder un dia entero y no puedo evitarlo,enojo
hoy me toca salir tarde y me da miedo en la calle y me tiene mal,miedo
te juro que usaron lo que les conte en mi contra y me pesa cargarlo solo,enojo
quede muy contento con el resultado y eso me duele,feliz
la verdad estoy agotado emocionalmente y me duele mucho,triste
me dejaron plantado y ni se disculparon parce,enojo
hoy me angustia no saber como interpretar eso y trato de disimularlo,miedo
no te soporto mas,enojo
en serio extraño como eran las cosas antes y ya,triste
te cuento que me mintieron en mi cara pero no digo nada,enojo
realmente me preocupa demasiado esto en este momento,miedo
en serio ya no aguanto mas en este momento,enojo
es que ya me canse de repetirte lo mismo y ya me canse,enojo
ultimamente siento demasiado temor,miedo
ya no esta la persona que queria sinceramente,triste
desde hace dias todo esta mal organizado y es agotador,enojo
vieja me tiene muy angustiado esa situacion y me tiene mal,miedo
en serio vi que me sacaron de un grupo y no dije nada,triste
no se si contarte pero por fin me contestaron y no lo digo seguido,feliz
mira lo que paso siento que no le importo a nadie de verdad,triste
tengo miedo de tomar una decision y que salga mal men,miedo
me canse de pedir ayuda y no recibirla y no puedo evitarlo,triste
hoy me independice por fin y ya,feliz
en este momento estoy pasando un gran momento en este momento,feliz
ahora mismo nada tiene sentido y no se que hacer,triste
te digo que estoy muy asustado por lo que viene y no se que hacer,miedo
en serio me siento muy feliz con mi familia sin duda,feliz
me prometieron que no volveria a pasar pero necesitaba decirlo,enojo
la verdad extraño como era todo antes y no se que hacer,triste
fijate que me quede callado cuando debi haber hablado y eso me tiene mal,triste
vieja me toca salir tarde y me da miedo en la calle,miedo
en serio me pusieron en evidencia en un grupo y quisiera que alguien me ayudara,enojo
en serio usaron lo que les conte en mi contra y nadie lo entiende,enojo
hoy me da ansiedad abrir ese chat pero necesitaba decirlo,miedo
ahora mismo hoy descanse muy bien y me tiene mal,feliz
te cuento que siento que me quede atras la verdad,triste
no se no entiendo como la gente puede ser asi y me cuesta aceptarlo,enojo
la verdad tengo ansiedad y no se que hacer,miedo
hoy me respondieron con mala actitud sin razon pero ya no puedo mas,enojo
no puedo creer que no se puede confiar en ti y me parece muy mal,enojo
ultimamente estoy harto de todo,enojo
mira me toca salir tarde y me da miedo en la calle pero bueno,miedo
hoy me excluyeron de la decision sin explicacion pero necesitaba decirlo,enojo
no te miento me da pena hablar en publico y manana me toca y eso me duele,miedo
mira me da una ira terrible y no lo entiendo,enojo
fijate que me tiene con los nervios destrozados y no se que hacer,miedo
la verdad me puse muy feliz con eso parce de verdad,feliz
oye no es la primera vez y eso me tiene agotado pero ya no puedo mas,enojo
ultimamente estoy cansado mentalmente en este momento,triste
que actitud tan mala la tuya,enojo
oye hicieron como si yo no existiera en la reunion pero necesitaba decirlo,enojo
para serte honesto nadie noto que algo me pasaba y me tiene agotado,triste
realmente me siento vacio y no se que hacer,triste
oye me tiene muy triste esta vuelta,triste
no te miento me da mucha pena decirle eso a la gente,miedo
me da pena decirlo pero me corrigieron el tono sin escuchar lo que dije y no lo digo seguido,enojo
sonrei todo el tiempo pero por dentro lloraba y no lo digo seguido,triste
oye tengo miedo de mandar ese mensaje y que lo tomen mal y me cuesta mucho,miedo
sabes que estoy muy agradecido por todo y no lo puedo creer,feliz
hoy estoy agotado de tener que explicar como me siento y me tiene pensando mucho,triste
en serio siento que cargo con demasiado para mi edad pero bueno,triste
no te miento no estudie suficiente para esto sinceramente,miedo
lo que pasa es que me escribieron para disculparse y me alegro y eso me tiene mal,feliz
me da susto pedir el favor porque me da pena y ya,miedo
no se si lo que estoy haciendo es lo correcto de verdad,miedo
desde hace dias me mandaron buenas noticias por whatsapp,feliz
para serte honesto nadie me escucha pero no digo nada,triste
oye eres una persona muy egoista y eso no esta bien,enojo
lo que pasa es que no me merecia este trato y es agotador,enojo
hoy me rindo de intentarlo y no puedo evitarlo,triste
me tocó pagar una multa que no era justa,enojo
ahora mismo estoy demasiado cansado ultimamente,triste
hoy estoy muy contento con mi progreso,feliz
para serte honesto no logre lo que esperaba de verdad,triste
desde hace dias estoy demasiado angustiado para pensar y no puedo evitarlo,miedo
men me encontre plata en un bolsillo que no sabia y me tiene pensando mucho,feliz
me da mucha rabia otra vez,enojo
sinceramente mi pareja me sorprendio todo el tiempo,feliz
fijate que tengo miedo de tomar la decision equivocada y ya,miedo
mira todo tiene sentido ahora y es agotador,feliz
hoy me dejo mi novio y estoy muy mal y no puedo evitarlo,triste
sinceramente quise decir algo pero no encontre las palabras y no se como manejarlo,triste
desde hace dias hice algo que me daba miedo y salio bien y no puedo evitarlo,feliz
hoy me preocupa el futuro otra vez,miedo
te juro que siento que no tengo proposito men,triste
te cuento que compre mi primera casa,feliz
estoy muy asustado con las noticias de verdad,miedo
sinceramente aprobe el examen y ya,feliz
fijate que me saca de quicio todo esto y me tiene mal,enojo
me llegó una carta del juzgado y no se que es y no puedo evitarlo,miedo
es que estoy cansado de aparentar que todo esta bien y no se que hacer,triste
estoy muy satisfecho con todo y estoy muy contento,feliz
la verdad me siento horrible ultimamente,triste
para serte honesto se burlaron de mi todo el tiempo,enojo
que descaro tan grande el de esa gente y nadie lo sabe,enojo
oye me descuentan del sueldo cosas que no firmé y nadie lo sabe,enojo
me siento sin energia esta semana,triste
ahora mismo me trataron como si no existiera y es agotador,enojo
bro me comparo mucho con los demas y me hace mal la verdad,triste
compre mi primer carro y no puedo evitarlo,feliz
hoy me siento vulnerable ultimamente,miedo
fijate que me trataron diferente a los demas y no puedo evitarlo,enojo
para serte honesto siento que algo se rompio dentro de mi y no lo puedo ocultar,triste
en serio me llamaron para el trabajo en medellin,feliz
me tiene con los nervios destrozados,miedo
es que me pusieron a hacer el trabajo de todos y me cuesta mucho,enojo
hoy tengo miedo de ver lo que me respondieron pero necesitaba decirlo,miedo
ultimamente no entiendo como la gente puede ser asi pero bueno,enojo
parce me pidieron que fuera a recursos humanos y no puedo evitarlo,miedo
vieja me embargaron la cuenta y no entiendo por que,miedo
te juro que hoy no tuve que fingir que estaba bien y trato de disimularlo,feliz
me salio redondo todo hoy y me cuesta mucho,feliz
te cuento que ya no hablo con mi parcero de toda la vida y me cuesta mucho,triste
tengo ansiedad en este momento,miedo
oye siento que no le importo a nadie de verdad pero ya no puedo mas,triste
la verdad me hicieron fila tres horas y no me atendieron de verdad,enojo
es que me hicieron perder un dia entero y nadie lo sabe,enojo
fijate que hoy descanse bien por primera vez en mucho tiempo pero bueno,feliz
nada me salio bien hoy y no se que hacer,enojo
lo que pasa es que me rechazaron y duela mucho y me afecta mucho,triste
mira siento que todos avanzan menos yo,triste
me saca de quicio que no cambien nada pero bueno,enojo
no puedo creer que hayan hecho eso de verdad,enojo
la verdad es que me da mucho miedo estar solo en esto,miedo
fijate que me salio el traslado que pedi y no es facil,feliz
te cuento que estoy realmente indignado,enojo
hoy me da mucha pena decirle eso a la gente de verdad,miedo
no te miento si esto no funciona no se que voy a hacer la verdad,miedo
te cuento que que descaro tan grande el de esa gente y no se que hacer,enojo
no me puedo sacar esta sensacion de encima y no puedo evitarlo,miedo
desde ayer me siento destruido otra vez,triste
me tiene muy irritado todo lo que esta pasando y me afecta,enojo
men me siento muy desconectado de todo y de todos men,triste
sinceramente se llevaron el credito de lo que yo hice y me afecta mucho,enojo
me da ansiedad conocer gente nueva y no puedo evitarlo,miedo
men tengo miedo de equivocarme y arrepentirme despues la verdad,miedo
me indigna mucho tu comportamiento y no lo entiendo,enojo
que bonito momento vivimos hoy,feliz
la verdad es que me etiquetaron en algo que me alegro el dia pero ya no puedo mas,feliz
la verdad siento que el tiempo se me acaba y no he hecho nada,miedo
en serio me hicieron fila tres horas y no me atendieron y eso me duele,enojo
la verdad no voy a tolerar esto mas y no lo puedo ocultar,enojo
definitivamente todo esta mejorando de verdad,feliz
en este momento me siento derrotado,triste
hoy tengo miedo de decir algo y que lo malinterpreten y no se que hacer,miedo
vieja me tiene muy bajoneado lo que paso,triste
lo que pasa es que hoy fui honesto y salio bien y me tiene agotado,feliz
tuve que dejar mis estudios pero necesitaba decirlo,triste
desde ayer me preocupa demasiado esto,miedo
la verdad me siento muy triste esta semana,triste
parce me tocó repetir el tramite porque perdieron mis papeles,enojo
te cuento que me tiene muy bajoneado lo que paso y no es facil,triste
sinceramente estoy muy asustado con lo que puede pasar y me tiene mal,miedo
sinceramente algo cambio de repente y no entiendo por que,miedo
oye no se si voy a poder con esto todo el tiempo,miedo
fijate que todo el mundo esta en planes y yo solo en casa de verdad,triste
hoy esto me molesta mucho desde hace dias,enojo
todo cambio de golpe la verdad,triste
fijate que no tenemos para el arriendo este mes y me tiene mal,triste
la verdad logre lo que queria y no se que hacer,feliz
hoy fue un gran dia en este momento,feliz
oye hoy fui honesto y salio bien y me afecta mucho,feliz
fijate que me copiaron el contenido y ni siquiera lo cambiaron,enojo
ultimamente siento que nadie me toma en serio y nadie lo entiende,enojo
tengo un mal presentimiento desde ayer y ya,miedo
es que me toco irme del barrio que queria la verdad,triste
sinceramente no se que va a pasar y me afecta mucho,miedo
me produce rabia pensar en lo que hiciste de verdad,enojo
para serte honesto hoy todo fluyo bien y me tiene mal,feliz
sinceramente me dejo mi novia y estoy muy bajoneado y no se que hacer,triste
en serio me critican las decisiones sin conocer mi situacion y ya,enojo
lo que pasa es que el profesor me humillo frente a todos y me pesa cargarlo solo,triste
llegue a los seguidores que queria y me cuesta aceptarlo,feliz
no se me da miedo decepcionarme a mi mismo,miedo
es que mi familia estuvo muy unida hoy y no se que hacer,feliz
ahora mismo me enfurece que actuen asi y me tiene mal,enojo
hermano estoy muy nervioso con esa vuelta de verdad,miedo
ultimamente estoy muy contento y eso me alegra,feliz
ultimamente me siento muy pleno con lo que estoy haciendo men,feliz
sinceramente estoy demasiado angustiado para pensar pero no digo nada,miedo
hoy me da ansiedad conocer gente nueva y no se que hacer,miedo
en serio estoy rodeado de gente y me siento solo y ya,triste
no supe si era una broma o algo serio y no es facil admitirlo,triste
desde ayer todo esta funcionando bien en este momento,feliz
sabes que que alegria me da ver tus logros,feliz
la verdad es que que buena noticia me dieron hoy,feliz
te digo que siento una soledad enorme que me pesa y no se como seguir,triste
no se si contarte pero tengo miedo de que me alejen si se dan cuenta como soy y me tiene agotado,miedo
mira consegui el trabajo de verdad,feliz
mira me tiene harto tu falta de respeto sin excusas,enojo
desde hace dias cambiaron las reglas sin avisarme,enojo
para serte honesto me hicieron esperar demasiado y no puedo evitarlo,enojo
ahora mismo hoy me senti comodo siendo yo mismo y nadie lo entiende,feliz
estoy muy decaido y no quiero hablar y no lo puedo superar,triste
en este momento esto me molesta demasiado esta semana,enojo
te cuento que me tiene muy enojado esa situacion y no es facil,enojo
tengo un mal presentimiento desde ayer de verdad,miedo
fijate que me puse muy feliz con eso parce y me tiene mal,feliz
te digo que estoy muy triste con el resultado,triste
te juro que que actitud tan mala la tuya y no lo entiendo,enojo
desde hace dias siempre me pasa lo mismo con las mismas personas y no puedo evitarlo,enojo
en serio me interrumpieron todo el tiempo y no lo puedo ocultar,enojo
fijate que me regalaron algo que queria hace mucho la verdad,feliz
la verdad me da pavor equivocarme,miedo
es que estoy muy mamado de todo y nadie lo sabe,triste
la verdad es que siento una angustia que me paraliza,miedo
es que tengo ansiedad de pensar en el futuro y no puedo evitarlo,miedo
para serte honesto aprobe la materia que tenia perdida de verdad,feliz
te cuento que consegui el trabajo y ya,feliz
oye ya no aguanto esta situacion y me afecta mucho,enojo
la verdad estoy muy nervioso con esa vuelta y no se que hacer,miedo
estoy cansado de aparentar que todo esta bien y me afecta,triste
no se si contarte pero me reconocieron el esfuerzo en el trabajo y me cuesta mucho,feliz
fijate que llegue y me dijeron que no habia cupo y nadie lo sabe,enojo
me estan ocultando algo y eso me pone nervioso y nadie lo sabe,miedo
oye me duele el alma y ya,triste
ultimamente todo me irrita y me afecta mucho,enojo
ultimamente todo salio mal,triste
oye me eliminaron del grupo sin decir nada,enojo
ultimamente me di cuenta que no me invitaron a la reunion y nadie lo entiende,triste
desde hace dias no hubo trafico hoy y no puedo evitarlo,feliz
me cayo del cielo esa noticia y ya,feliz
hicimos una reunioncita y quedo muy buena,feliz
para serte honesto tengo miedo de que me juzguen y ya,miedo
sinceramente por fin publique lo que venia trabajando pero bueno,feliz
oye me canse de aguantarte,enojo
me da pena decirlo pero me di cuenta que no me invitaron a la reunion y me cuesta mucho,triste
ahora mismo tengo mucho miedo por todo lo que pasa,miedo
desde hace dias la vida esta siendo buena conmigo otra vez,feliz
vieja me siento muy achantado hoy la verdad,triste
hoy me da mucha pena decirle eso a la gente la verdad,miedo
no se si contarte pero tuve que fingir que estaba bien toda la noche y quisiera que alguien me ayudara,triste
la verdad me estan ocultando algo y eso me pone nervioso y ya,miedo
me asusta mucho pensar en el futuro y eso me preocupa mucho,miedo
en serio no se si lo que estoy haciendo es lo correcto,miedo
oye eso estuvo muy mal hecho y no lo voy a tolerar,enojo
mira no estudie suficiente para esto,miedo
oye eres un egoista de primera,enojo
me pone muy ansioso pensar en eso pero bueno,miedo
la verdad me ignoraron cuando tenia toda la razon y me tiene mal,enojo
te cuento que no tengo con quien hablar pero no digo nada,triste
de verdad no tolero que me trates asi sin excusas,enojo
estoy demasiado molesto en este momento,enojo
vi las historias de todos y me senti muy mal y ya,triste
te juro que me da terror que noten que estoy nervioso y no es facil admitirlo,miedo
me da pena decirlo pero me escribieron para disculparse y me alegro y me cuesta mucho,feliz
ahora mismo me dejaron hacer todo el trabajo solo todo el tiempo,enojo
hermano estoy muy ido hoy no se que me pasa pero bueno,triste
oye siento que no tengo control de nada y eso me pesa,miedo
no te miento hoy me fue de pelos,feliz
me da pena decirlo pero siento que no soy tan inteligente como los demas y quisiera que alguien me ayudara,triste
sabes que estoy lleno de energia y alegria sin duda,feliz
desde hace dias me enfurece que actuen asi todo el tiempo,enojo
me encontre con un amigo que no veia hace tiempo y me cuesta mucho,feliz
parce me dieron una sorpresa muy bonita hoy la verdad,feliz
siento una tristeza muy profunda,triste
la verdad nadie hace las cosas bien aqui y no se que hacer,enojo
hoy estoy muy cansado de lucharla solo,triste
hoy perdi mi trabajo hoy la verdad,triste
hoy entregue el proyecto a tiempo pero ya no puedo mas,feliz
me alegra ver que todo salio bien y es lo mejor que me paso,feliz
te cuento que las cosas ya no son como antes y nadie lo sabe,triste
hoy hable con alguien nuevo y no fue tan malo,feliz
no respetas nada ni a nadie en serio,enojo
fijate que hoy me senti comodo siendo yo mismo y no se como manejarlo,feliz
tengo miedo de tomar una decision y que salga mal y no puedo evitarlo,miedo
ahora mismo me duele el alma y es agotador,triste
oye estoy muy mamado de todo y no puedo evitarlo,triste
sinceramente esto me molesta demasiado y me afecta mucho,enojo
definitivamente estoy disfrutando mucho y eso me alegra,feliz
fijate que siento que cargue solo con todo otra vez,triste
hoy llegue y me dijeron que no habia cupo y nadie lo sabe,enojo
es que no pude ir a la graduacion sinceramente,triste
la verdad es que estoy muy nervioso con todo lo que pasa de verdad,miedo
lo que pasa es que no quiero mandar el audio por miedo a como sueno pero ya no puedo mas,miedo
fijate que me pusieron obstaculos que no tenian sentido de verdad,enojo
en serio me siento muy pleno con lo que estoy haciendo y ya,feliz
en serio hicieron lo que quisieron sin preguntarme nada y eso me duele,enojo
sinceramente usaron mis ideas sin darme credito de verdad,enojo
mira siento que no tengo control de nada y eso me pesa,miedo
fijate que nacio mi hijo de verdad,feliz
sinceramente siento que no tengo control de nada y necesito que alguien me entienda,miedo
desde ayer todo esta funcionando bien ultimamente,feliz
ultimamente me da panico equivocarme y que no me perdonen y me afecta mucho,miedo
desde hace dias me preocupa haber dicho algo sin darme cuenta,miedo
de verdad me canse de aguantarte y eso no esta bien,enojo
es que me copiaron el contenido y ni siquiera lo cambiaron,enojo
en serio estoy muy bajoneado con todo y no lo puedo superar,triste
me da pena decirlo pero me asusta que piensen que soy raro y me tiene agotado,miedo
hoy me exigen resultados sin darme las herramientas,enojo
no se si contarte pero me dieron la nota que esperaba y no se que hacer,feliz
desde hace dias no puedo dejar de preocuparme otra vez,miedo
lo que es cierto es que que dia tan productivo tuve hoy,feliz
te juro que mi grupo hizo el trabajo sin contar conmigo y nadie lo entiende,triste
para serte honesto me mintieron en mi cara la verdad,enojo
estoy muy deprimido en este momento y quisiera que no fuera así,triste
mira lo que paso no supe si era una broma o algo serio y me tiene agotado,triste
desde hace dias me invitaron a participar en un proyecto y no lo digo seguido,feliz
hoy tengo miedo de tomar la decision equivocada y me tiene mal,miedo
ultimamente ya no quiero esforzarme y no se que hacer,triste
hoy me ignoraron cuando tenia toda la razon parce,enojo
vi que estaba en linea pero no me respondio y no se que hacer,triste
la verdad hoy me fue de pelos de verdad,feliz
me hicieron repetir el tramite tres veces y no se que hacer,enojo
en serio me puse muy feliz con eso parce,feliz
es que me salio el traslado que pedi pero bueno,feliz
desde hace dias hoy me senti comodo siendo yo mismo y no puedo evitarlo,feliz
no entiendo como puedes actuar asi y no lo entiendo,enojo
ahora mismo lei el mensaje diez veces y no se como responder pero necesitaba decirlo,miedo
ahora mismo tengo miedo de que no me entiendan y eso me tiene mal,miedo
ultimamente me echaron la culpa de algo que no hice y me afecta mucho,enojo
la verdad es que me fue muy mal en el examen y no se como manejarlo,triste
hoy tengo un presentimiento muy malo y me tiene mal,miedo
en este momento tengo mucho miedo esta semana,miedo
no puedo creer que me irritas con ese comportamiento,enojo
oye consegui el trabajo y me tiene mal,feliz
es que vi que me sacaron de un grupo y no dije nada y nadie lo entiende,triste
te juro que lei el mensaje diez veces y no se como responder y me tiene agotado,miedo
mira lo que paso termine la semana sin ningun problema y no se que hacer,feliz
desde hace dias no entendi bien el tono y eso me tiene angustiado sinceramente,miedo
la verdad hoy llore sin saber por que,triste
oye me salio el cupo en el sena y ya,feliz
no te miento el resultado me tiene muy angustiado y me afecta mucho,miedo
usaron mis ideas sin darme credito y no puedo evitarlo,enojo
vieja me robaron el celular y estoy muy mal y me tiene mal,triste
es que no se si voy a poder con lo que viene y ya,miedo
definitivamente quiero estar solo y me afecta mucho,triste
para serte honesto siempre me pasa lo mismo con las mismas personas y eso me tiene mal,enojo
me da pena decirlo pero pude decir lo que sentia sin miedo y nadie lo entiende,feliz
ahora mismo estoy muy preocupado ultimamente,miedo
te juro que usaron lo que les conte en mi contra y me tiene agotado,enojo
te cuento que me hablaron muy feo sin ninguna razon y ya,enojo
me salio redondo todo hoy y no puedo evitarlo,feliz
en serio me dejo mi novia y estoy muy bajoneado y no es facil,triste
realmente estoy muy emocionado en este momento,feliz
no te miento manana es el dia y no estoy listo y ya,miedo
te cuento que no me dejaron hablar y ya,enojo
me duele mucho lo que dijiste y me duele mucho,triste
hoy me toco el dia libre y me afecta mucho,feliz
te digo que ya no quiero hablar de eso porque nadie entiende de verdad,triste
oye me quede callado cuando debi haber hablado y nadie lo entiende,triste
sinceramente me da pavor la incertidumbre que siento,miedo
te digo que tengo miedo de que las cosas empeoren y eso me preocupa mucho,miedo
la verdad todo esta saliendo bien y eso me alegra,feliz
definitivamente ya me canse de esto y me afecta mucho,enojo
realmente no quiero salir solo y no se que hacer,miedo
oye estoy muy ilusionado con lo que viene y me afecta mucho,feliz
tengo miedo de que todo se derrumbe,miedo
la verdad me dieron acceso a la oportunidad que queria y ya,feliz
en serio me exigen resultados sin darme las herramientas la verdad,enojo
es que estoy con una nota hoy y no puedo evitarlo,feliz
ultimamente estoy realmente indignado y me afecta mucho,enojo
me siento muy solo y abandonado y quisiera que no fuera así,triste
es que hoy fui honesto y salio bien sinceramente,feliz
me siento muy feliz ahora mismo en serio,feliz
la verdad me pone ansioso salir de casa de verdad,miedo
en serio estoy muy asustado con lo que puede pasar y me cuesta mucho,miedo
ultimamente siento que sobro en todos lados,triste
estoy muy feliz y emocionado y estoy muy agradecido,feliz
sinceramente estoy muy apenado y no puedo superarlo de verdad,triste
hoy me mintieron en mi cara la verdad,enojo
es que me irritas con ese comportamiento de verdad,enojo
hoy me graduo este sabado sinceramente,feliz
lo que pasa es que eres muy desconsiderado con los demas,enojo
no se si contarte pero me da panico equivocarme y que no me perdonen y eso me tiene mal,miedo
desde ayer todo salio excelente por todo lo que paso,feliz
hoy tengo miedo de decir algo y que lo tomen mal la verdad,miedo
en serio el resultado me tiene muy angustiado y me tiene mal,miedo
llegue a los seguidores que queria la verdad,feliz
vieja estoy con una nota hoy y no puedo evitarlo,feliz
ahora mismo todo me hace enojar y me afecta mucho,enojo
no te miento hoy fue un dia muy chévere hermano,feliz
fijate que no me puedo quitar esa preocupacion de encima pero bueno,miedo
la verdad siento que algo se rompio dentro de mi y ya,triste
en serio estoy muy apagado sin poder sonreir,triste
es que si esto no funciona no se que voy a hacer de verdad,miedo
me pusieron a hacer el trabajo de todos y ya,enojo
me siento muy solo en esta ciudad de verdad,triste
te cuento que tengo miedo de que me rechacen si digo lo que pienso,miedo
hoy no me toman en serio por mi edad y me tiene pensando mucho,enojo
la verdad tengo un presentimiento muy malo y no se que hacer,miedo
de verdad me da ira tu actitud y no lo entiendo,enojo
en este momento todo me afecta demasiado todo el tiempo,triste
es que por fin publique lo que venia trabajando y no puedo evitarlo,feliz
desde hace dias me da ansiedad conocer gente nueva y me afecta mucho,miedo
sinceramente me paraliza la idea de tener que hablar en grupo y no es facil admitirlo,miedo
me respondieron con mala cara sin razon y no puedo evitarlo,enojo
hoy ya no se que hacer por todo lo que paso,triste
estoy que no me la creo parce,feliz
la verdad subi una foto y me arrepenti de haberla subido y ya,triste
hoy me ignoraron cuando tenia toda la razon y no es facil,enojo
mira me encontre plata en un bolsillo que no sabia y me cuesta aceptarlo,feliz
honestamente no aguanto mas esta situacion y ya me canse,enojo
mira me escribio la persona que me gusta y no lo puedo ocultar,feliz
fijate que saque mi licencia de conducir,feliz
hoy me tiene muy apagado esta situacion,triste
mira me usaron y despues me ignoraron y es agotador,enojo
me dejaron esperando sin explicacion y no puedo evitarlo,enojo
hermano me da pena que se den cuenta que no entendi parce,miedo
de verdad que buen trabajo hiciste hoy en serio,feliz
borre todas mis fotos porque no me gustaba nada y nadie lo entiende,triste
la verdad nacio mi hijo y no se que hacer,feliz
ahora mismo hoy descanse muy bien sinceramente,feliz
me da pena decirlo pero pude mantener una conversacion sin angustiarme y no lo digo seguido,feliz
la verdad es que me entristece mucho pensar en eso,triste
ultimamente estoy agradecido por todo por todo lo que paso,feliz
me siento muy perdido con mi vida y ya,triste
en serio nadie entendio como me sentia y no puedo evitarlo,triste
oye me siento desconectado de todo,triste
se fue mi gato hoy y me tiene mal,triste
sinceramente siento que voy a fallar manana pero necesitaba decirlo,miedo
ultimamente no se si estan enojados conmigo o es mi imaginacion y no se como manejarlo,miedo
hoy me llamaron de un numero desconocido pero bueno,miedo
fijate que hoy llore sin saber por que y me afecta mucho,triste
ahora mismo me da ansiedad abrir ese chat y me pesa cargarlo solo,miedo
para serte honesto me duele el alma otra vez,triste
ahora mismo tengo miedo de decir algo fuera de lugar pero ya no puedo mas,miedo
hoy nadie me eligio para su equipo y no se como manejarlo,triste
hoy todo el mundo esta en planes y yo solo en casa,triste
desde hace dias estoy esperando una respuesta y me tiene nervioso todo el tiempo,miedo
tengo algo importante manana y no puedo dormir,miedo
no se encontre algo que habia perdido hace tiempo y ya,feliz
desde hace dias no duermo de la preocupacion y eso me pesa,miedo
ahora mismo tengo miedo de hablar ultimamente,miedo
la verdad hoy el clima estuvo perfecto,feliz
es que tengo miedo de que las cosas empeoren y no puedo calmarlo,miedo
realmente me preocupa el futuro,miedo
que buen trabajo hiciste hoy y no lo puedo creer,feliz
hoy me ignoraron cuando trate de explicarme y no es facil admitirlo,enojo
oye me tiene completamente harto y me afecta mucho,enojo
desde ayer estoy cansado mentalmente esta semana,triste
no te miento me sacaron de la jugada sin ninguna explicacion y me cuesta mucho,enojo
no se si contarte pero me mandaron un audio muy lindo y no se que hacer,feliz
hoy quise decir algo pero no encontre las palabras,triste
desde hace dias tengo miedo de tomar la decision equivocada la verdad,miedo
oye me cobraron mas de lo que decia el precio pero bueno,enojo
desde hace dias mi pareja me sorprendio de verdad,feliz
que buena racha estoy teniendo en serio,feliz
hoy me echaron la culpa de lo que salio mal y me tiene agotado,enojo
hoy me cancelaron a ultimo momento y es agotador,enojo
es que siento un miedo enorme que no puedo controlar y me tiene muy nervioso,miedo
hermano me graduo el sabado en el paraninfo de verdad,feliz
ultimamente publico algo que me dejo muy mal sinceramente,triste
la verdad fuimos a la finca y fue muy bacano y ya,feliz
oye siento que si me equivoco no hay vuelta atras,miedo
me pone feliz ver tu progreso,feliz
no te miento no se como va a terminar esto y no puedo evitarlo,miedo
sinceramente siento que me quede atras,triste
para serte honesto me da ansiedad abrir ese chat y no se que hacer,miedo
la verdad todo me afecta demasiado todo el tiempo,triste
no se como aguantarte tanto y no lo voy a tolerar,enojo
te cuento que vi algo que me dejo muy intranquilo,miedo
te digo que tengo un miedo muy grande en este momento,miedo
me angustia no tener todo claro a mi edad pero bueno,miedo
es que me dijeron que si y despues que no de verdad,enojo
sinceramente me toco dejar los estudios por plata y me tiene mal,triste
ultimamente me respondieron que si al proyecto,feliz
fijate que tengo miedo de que todo cambie y no lo puedo ocultar,miedo
la verdad subi algo y nadie reacciono y me senti invisible y me afecta,triste
me da terror pensar que no hay salida,miedo
hoy me cambiaron el trabajo sin consultarme pero necesitaba decirlo,enojo
realmente hoy fue un mal dia desde hace dias,triste
para serte honesto no entendi el tono del mensaje y me confundi y trato de disimularlo,triste
fijate que estoy muy ido hoy no se que me pasa y ya,triste
en serio que injusto es todo esto sin excusas,enojo
desde ayer todo salio excelente otra vez,feliz
definitivamente me siento sin energia y me afecta mucho,triste
la verdad me hicieron perder el tiempo,enojo
la verdad es que me da terror pensar en esa posibilidad de verdad,miedo
en serio no duermo de la preocupacion y me afecta mucho,miedo
me tiene muy cansado esa actitud,enojo
estoy con las personas que amo y eso me pesa,feliz
me dejo mi novia y estoy muy bajoneado pero bueno,triste
te cuento que hoy me di cuenta que avance mucho pero necesitaba decirlo,feliz
la verdad me siento furioso desde hace dias,enojo
sinceramente estoy al limite de mi paciencia y me afecta mucho,enojo
sinceramente me hicieron fila tres horas y no me atendieron y no es facil,enojo
no te miento me escribio la persona que me gusta,feliz
en serio siento que algo muy importante se perdio y quisiera que no fuera así,triste
mira me mintieron en mi cara sinceramente,enojo
hoy estoy muy contento con el resultado en serio,feliz
en serio por fin termine el proyecto todo el tiempo,feliz
sinceramente todo me hace enojar,enojo
sinceramente me perdi un momento importante y no se que hacer,triste
no se si contarte pero me preocupa haber dicho algo sin darme cuenta y no es facil admitirlo,miedo
me quitaron el like y eso me bajo el animo de verdad,triste
hoy me dieron una sorpresa muy bonita hoy de verdad,feliz
te juro que me da terror decepcionar a alguien que confio en mi y no lo digo seguido,miedo
fijate que no tenemos para el arriendo este mes y no puedo evitarlo,triste
es que estoy muy nervioso y asustado,miedo
fijate que todo esta mal organizado y necesito que alguien me entienda,enojo
en serio siento que nadie me toma en serio y me cuesta mucho,enojo
hoy me dejaron solo en esto y necesito que alguien me entienda,triste
te juro que hicieron como si yo no existiera en la reunion,enojo
mira me hicieron sentir especial pero no digo nada,feliz
te cuento que estoy muy cansado de lucharla solo y nadie lo sabe,triste
fijate que estoy apostando todo a esto,miedo
la verdad algo cambio de repente y no entiendo por que y me tiene mal,miedo
siento una pena enorme que no pasa,triste
me cayo muy bien esa persona de verdad,feliz
realmente todo salio mal y me afecta mucho,triste
te digo que me pone de muy buen humor esto,feliz
oye publicaron algo mio sin pedirme permiso y no se que hacer,enojo
hoy siento que las cosas mejoran y es agotador,feliz
la verdad tengo miedo de tomar la decision equivocada y no lo puedo ocultar,miedo
sinceramente estoy muy nervioso con esa vuelta hermano,miedo
en este momento todo me da miedo por todo lo que paso,miedo
en serio hoy llore sin saber por que de verdad,triste
en serio hoy me vi bien en el espejo y me gusto y ya,feliz
hoy me preocupa no poder pagar el arriendo el otro mes y me tiene mal,miedo
es que mi familia esta pasando un momento muy dificil la verdad,triste
no te miento me echaron la culpa de algo que hizo otro la verdad,enojo
ahora mismo me da panico equivocarme y que no me perdonen,miedo
es que tengo miedo de responder mal y arruinar todo,miedo
me da pena decirlo pero me eliminó de sus contactos sin decir nada y no se que hacer,triste
desde hace dias me da terror enfrentar esto solo y no puedo evitarlo,miedo
desde hace dias pude decir lo que sentia sin miedo pero ya no puedo mas,feliz
ultimamente me hicieron sentir especial de verdad,feliz
la verdad hoy todo fluyo bien todo el tiempo,feliz
me duele mucho lo que ocurrio y no lo puedo superar,triste
tengo miedo de hablar y no se que hacer,miedo
desde ayer estoy harto de todo y no se que hacer,enojo
no te miento estoy muy cansado de lucharla solo pero bueno,triste
compre mi primera casa la verdad,feliz
hoy extraño como era todo antes y no puedo evitarlo,triste
me da una bronca tremenda de verdad,enojo
siento que la estoy embarrando en todo y no es facil,triste
mira prometieron y no cumplieron y no puedo evitarlo,enojo
desde ayer estoy muy enojado por todo lo que paso,enojo
no se como aguantarte tanto y eso no esta bien,enojo
te digo que siento un temor muy grande ahora mismo,miedo
desde ayer me siento muy triste otra vez,triste
te juro que estas actuando muy mal,enojo
lo que pasa es que tengo panico de no saber como actuar en esa situacion de verdad,miedo
sinceramente ya no aguanto mas esa situacion y nadie lo entiende,enojo
la verdad me trataron muy mal sin razon otra vez,enojo
hoy todo salio excelente por todo lo que paso,feliz
realmente estoy muy contento desde hace dias,feliz
en este momento estoy disfrutando mucho otra vez,feliz
ultimamente ya no aguanto mas y eso empeora todo,enojo
sinceramente estoy muy bravo con lo que paso y no se que hacer,enojo
definitivamente me duele mucho esto por todo lo que paso,triste
me tienen muy mamado con esa vuelta pero bueno,enojo
fijate que me di cuenta que nadie me busca si yo no busco la verdad,triste
desde ayer me preocupa el futuro ultimamente,miedo
te juro que tengo miedo de que me alejen si se dan cuenta como soy y no se como manejarlo,miedo
todo me pone mal ultimamente,triste
hoy me da alegria ver que todo funciona,feliz
hoy no pude ir a la graduacion pero necesitaba decirlo,triste
hermano me da mucha pena decirle eso a la gente,miedo
ahora mismo todos parecen entender menos yo y no se que hacer,triste
no puedo creer que no puedo creer tu irresponsabilidad sin excusas,enojo
fijate que me dejaron la verdad,triste
mira siento que fracase de verdad,triste
no te miento me da ansiedad conocer gente nueva y necesito que alguien me entienda,miedo
lo que pasa es que me cobraron de mas sin avisar sinceramente,enojo
es que me preocupa haber dicho algo sin darme cuenta y nadie lo entiende,miedo
mira me costo mucho levantarme hoy y necesito que alguien me entienda,triste
el partido de colombia salio bien y ya,feliz
oye sali del pais por primera vez pero necesitaba decirlo,feliz
mira me salio el negocio que queria y me tiene mal,feliz
sinceramente no voy a seguir aguantando esto y ya me canse,enojo
mira me tiene muy preocupado lo que esta pasando pero bueno,miedo
la verdad me pidieron que fuera a una reunion sin decirme de que pero bueno,miedo
ultimamente ya no tengo ganas y me duele mucho,triste
te juro que me escribieron para disculparse y me alegro sinceramente,feliz
sinceramente me invitaron a participar en algo importante,feliz
en serio me tiene muy cansado esa actitud,enojo
no se si contarte pero me mandaron audio de voz gritando pero necesitaba decirlo,enojo
ultimamente llegue a tiempo a todo y no lo puedo ocultar,feliz
la verdad ya no somos lo que eramos y eso me entristece,triste
la verdad hicieron lo que quisieron sin preguntarme nada y no se que hacer,enojo
la verdad odio esta situacion,enojo
hoy me da terror mostrarme como soy de verdad,miedo
la verdad me da mucha rabia,enojo
no te miento me da panico equivocarme y que no me perdonen pero necesitaba decirlo,miedo
la verdad es que no entendi el tono del mensaje y me confundi pero necesitaba decirlo,triste
en serio me faltaron el respeto delante de todos y me cuesta mucho,enojo
bro siento que no tengo proposito,triste
honestamente siento una rabia que no te imaginas de verdad,enojo
oye hablaron de algo que yo no sabia y me senti excluido y trato de disimularlo,triste
te digo que siento mucho miedo en este momento de verdad,miedo
es que me hicieron sentir que molestaba y ya,enojo
consegui apartamento en arriendo bien precio pero bueno,feliz
es que tengo un mal presentimiento desde ayer la verdad,miedo
fijate que me cobraron de mas y no me quieren devolver y no puedo evitarlo,enojo
te cuento que siento que perdi una etapa de mi vida de verdad,triste
no te miento me quede callado cuando debi haber hablado y quisiera que alguien me ayudara,triste
me siento muy afortunado,feliz
la verdad hoy descanse bien por primera vez en mucho tiempo bro,feliz
es que mi familia se fue a vivir lejos y me siento solo,triste
extraño mucho a las personas que ya no estan hermano,triste
es que tengo panico de fallar frente a todos y me tiene mal,miedo
ya no hablo con alguien que queria mucho y no puedo evitarlo,triste
la verdad por fin me compre lo que queria y ya,feliz
sinceramente me perdi un momento importante de verdad,triste
tengo un mal presentimiento con eso y nadie lo sabe,miedo
te digo que encontre algo que habia perdido hace tiempo pero bueno,feliz
en serio el profesor me felicito por el trabajo y no lo digo seguido,feliz
hoy me pelee con mi mejor amigo y me duele mucho,triste
ultimamente se rieron de como me exprese y quisiera que alguien me ayudara,enojo
en serio lei el mensaje diez veces y no se como responder y eso me tiene mal,miedo
parce me pone muy ansioso pensar en eso pero bueno,miedo
para serte honesto extraño como eran las cosas antes sinceramente,triste
fijate que tengo panico de que me pregunten algo frente a todos y me cuesta mucho,miedo
la verdad tengo mucho miedo otra vez,miedo
te cuento que me tocó pagar una multa que no era justa pero bueno,enojo
me asusta mucho lo que podria pasar y eso me preocupa mucho,miedo
lo que pasa es que me preocupa tanto que no puedo dormir la verdad,miedo
mira me llamaron para el trabajo en medellin y no se que hacer,feliz
sinceramente tengo miedo de hablar y me afecta mucho,miedo
estoy muy bacano con la noticia parce,feliz
la verdad es que me siento muy bien emocionalmente y estoy muy contento,feliz
no te miento siento que el tiempo paso y yo no hice nada y no puedo evitarlo,triste
en este momento ya no tengo ganas otra vez,triste
vieja quede encantado con como salio todo de verdad,feliz
te juro que no es la primera vez y eso me tiene agotado y no puedo evitarlo,enojo
realmente estoy muy enojado ultimamente,enojo
desde hace dias mi grupo hizo el trabajo sin contar conmigo y me tiene agotado,triste
fijate que dije algo que no quise decir y no se como explicarlo y me pesa cargarlo solo,triste
me dejo mi novio y estoy muy mal la verdad,triste
me enfurece tu actitud,enojo
la verdad no alcance el cupo en la universidad publica y me tiene mal,triste
esto me pone de muy mal humor,enojo
sinceramente me subieron el sueldo y no puedo evitarlo,feliz
en este momento todo me afecta demasiado y no se que hacer,triste
hoy no me puedo quitar esa preocupacion de encima parce,miedo
te cuento que me citaron a declarar y estoy muy nervioso y eso me duele,miedo
la verdad saque mi licencia de conducir y no puedo evitarlo,feliz
en serio tengo los mejores amigos y necesito que alguien me entienda,feliz
para serte honesto tengo panico de decir algo y que lo malinterpreten de verdad,miedo
te juro que me tratan diferente y no entienden por que me molesta y quisiera que alguien me ayudara,enojo
fijate que eso me pone muy furioso parce de verdad,enojo
en serio pase el dia en cama y no puedo evitarlo,triste
hoy me aprobo el credito el banco,feliz
hoy me siento muy bien con lo que hice de verdad,feliz
la verdad es que tengo panico de decir algo y que lo malinterpreten pero necesitaba decirlo,miedo
hoy tuve que fingir que estaba bien toda la noche pero ya no puedo mas,triste
en este momento no se que va a pasar y eso me preocupa,miedo
siento que algo esta pasando y nadie me dice que y no se que hacer,miedo
men me da miedo decepcionarme a mi mismo la verdad,miedo
lo que pasa es que me corrigieron el tono sin escuchar lo que dije pero necesitaba decirlo,enojo
ya no quiero hablar de eso porque nadie entiende,triste
oye las cosas ya no son como antes y no puedo evitarlo,triste
es que tengo miedo de que las cosas cambien de repente de verdad,miedo
sinceramente nadie reconocio lo que aporte pero necesitaba decirlo,enojo
oye me angustia pensar que quiza elegi mal mi carrera y ya,miedo
no te miento siento que me estoy quedando sin opciones,miedo
mira me da miedo decepcionarme a mi mismo bro,miedo
para serte honesto me cobraron de mas sin avisar todo el tiempo,enojo
sinceramente tengo mucho miedo de lo desconocido y me tiene muy nervioso,miedo
de verdad me duele mucho haber fallado en eso y no se como seguir,triste
la verdad no se que va a pasar por todo lo que paso,miedo
me invitaron a participar en algo importante,feliz
definitivamente me siento nervioso y no se que hacer,miedo
fijate que aprobe el examen todo el tiempo,feliz
hoy no me puedo sacar esta sensacion de encima sinceramente,miedo
me saca de quicio que no cambien nada de verdad,enojo
no puedo creer que me tienes harto de verdad y ya me canse,enojo
me regalaron algo que queria hace mucho sinceramente,feliz
estoy muy nervioso con esa vuelta y me tiene mal,miedo
oye me hicieron perder un dia entero la verdad,enojo
sinceramente no voy a seguir tolerando esto y no lo voy a tolerar,enojo
la verdad me pelee con mi mejor amigo y me duele mucho la verdad,triste
oye me cambiaron las condiciones a ultimo momento y ya,enojo
en serio eres la persona mas egoista que conozco,enojo
desde hace dias me reconocieron el esfuerzo en el trabajo y no se que hacer,feliz
hoy odio esta situacion en este momento,enojo
lo que pasa es que no te soporto mas y no lo entiendo,enojo
ahora mismo no se si estoy listo para esto y necesito que alguien me entienda,miedo
hoy que dia tan bueno fue hoy,feliz
no se si contarte pero tengo miedo de que me rechacen si digo lo que pienso y no lo digo seguido,miedo
no te miento quise decir algo pero no encontre las palabras y me afecta mucho,triste
de verdad que alegria tan grande la que siento y estoy muy agradecido,feliz
te digo que llegue a los seguidores que queria bro,feliz
no te miento siento que no soy tan inteligente como los demas pero necesitaba decirlo,triste
la verdad me siento tranquilo y feliz ultimamente,feliz
me da pena hablar en publico y manana me toca parce,miedo
ahora mismo me sorprendieron hoy sinceramente,feliz
te digo que no puedo creer que hayan hecho eso men,enojo
hoy me dejo de seguir en redes sociales y no se como manejarlo,triste
fijate que estoy muy molesto con lo que hicieron y me tiene mal,enojo
te juro que tengo miedo de que mi respuesta suene agresiva y no es facil admitirlo,miedo
te cuento que mi familia estuvo muy unida hoy parce,feliz
sinceramente tuve que dejar mis estudios y me tiene mal,triste
es que me da una bronca tremenda y no lo entiendo,enojo
es que se rieron de como me exprese pero necesitaba decirlo,enojo
me da pena decirlo pero me ofrecieron un mejor cargo y me tiene agotado,feliz
te digo que vi las historias de todos y me senti muy mal,triste
no te miento pase el semestre sin perder nada y trato de disimularlo,feliz
fijate que me citaron a declarar y estoy muy nervioso y nadie lo sabe,miedo
mira siento que no tengo control de nada y necesito que alguien me entienda,miedo
la verdad me dieron acceso a la oportunidad que queria,feliz
desde hace dias siento que el miedo no me deja avanzar todo el tiempo,miedo
fijate que me trataron diferente a los demas y me afecta,enojo
me da pena decirlo pero me pusieron en evidencia en un grupo y no lo digo seguido,enojo
ultimamente tengo miedo de que se den cuenta que no entiendo y no es facil admitirlo,miedo
pague y no me dieron lo que ofrecieron la verdad,enojo
men me da ansiedad publicar algo y que lo juzguen y ya,miedo
te cuento que me tiene muy preocupado lo que esta pasando y nadie lo sabe,miedo
me ignoró,triste
la verdad me tiene muy preocupado lo que esta pasando y eso me duele,miedo
no se si contarte pero me fui de la reunion antes porque no podia mas y no es facil admitirlo,triste
estoy muy alegre con lo que vivo y estoy muy agradecido,feliz
ultimamente hoy todo fluyo bien y no puedo evitarlo,feliz
lo que pasa es que no me merecia este trato y no puedo evitarlo,enojo
en serio me salio el primer cliente y me afecta,feliz
hoy amaneci con toda la actitud,feliz
no puedo evitar que me da terror no saber que va a pasar y no puedo calmarlo,miedo
la verdad no me dejaron terminar de hablar y ya,enojo
sinceramente pude decir lo que sentia sin miedo pero ya no puedo mas,feliz
ahora mismo me siento sin energia,triste
ultimamente se burlaron de mi otra vez,enojo
te cuento que me robaron el celular y estoy muy mal la verdad,triste
para serte honesto me tiene angustiado no saber que va a pasar y no se que hacer,miedo
en serio que dia tan bueno fue hoy,feliz
no puedo creer que me da mucha rabia lo que hiciste y ya me canse,enojo
la verdad es que nadie reconocio lo que aporte y me pesa cargarlo solo,enojo
es que se burlaron de mi,enojo
todo me afecta demasiado otra vez,triste
sinceramente cambio su estado y supe que era por mi y me tiene agotado,triste
mira consegui el trabajo y es agotador,feliz
hoy me encontre con un amigo que no veia hace tiempo la verdad,feliz
la verdad se fue mi perro hoy y no se que hacer,triste
para serte honesto me siento realizado la verdad,feliz
mira me pone muy nervioso tener que dar explicaciones la verdad,miedo
no te miento hicieron lo que quisieron sin preguntarme nada,enojo
en serio me cancelaron a ultimo momento otra vez,enojo
la verdad termino mi carrera y es agotador,feliz
sinceramente me enferma tu comportamiento de verdad,enojo
sinceramente estoy al limite de mi paciencia pero no digo nada,enojo
me dijeron que si y despues que no la verdad,enojo
la verdad perdi mi trabajo hoy y me tiene mal,triste
fijate que me cambiaron el turno sin avisarme parce,enojo
te cuento que nacio mi hija pero bueno,feliz
no te miento me dijeron que era muy sensible por sentirme mal pero necesitaba decirlo,enojo
sinceramente hicieron lo que quisieron sin preguntarme nada de verdad,enojo
realmente no tengo ganas de nada esta semana,triste
hoy siento que perdi una etapa de mi vida pero bueno,triste
no te miento tuve que fingir que estaba bien toda la noche y me pesa cargarlo solo,triste
ahora mismo hoy fui honesto y salio bien sinceramente,feliz
la verdad es que tengo panico de decir algo y que lo malinterpreten y no se como manejarlo,miedo
me pidieron que fuera a una reunion sin decirme de que pero necesitaba decirlo,miedo
la verdad me tiene angustiado no saber que va a pasar y no lo puedo ocultar,miedo
desde hace dias alguien me entendio sin que yo explicara mucho y me pesa cargarlo solo,feliz
la verdad siento que la estoy embarrando en todo,triste
fijate que tuve que fingir que estaba bien toda la noche y me afecta mucho,triste
hoy me aprobo el credito el banco y me cuesta mucho,feliz
sinceramente me siento muy bien conmigo mismo y me afecta mucho,feliz
no voy a tolerar esto mas sin excusas,enojo
para serte honesto me trataron como si no existiera todo el tiempo,enojo
ultimamente me comparo mucho con los demas y me hace mal y me afecta,triste
te cuento que todo el mundo sigue y yo estoy quieto y no se que hacer,triste
en serio me pone ansioso salir de casa y ya,miedo
lo que pasa es que estoy muy triste con la situacion actual y no lo puedo superar,triste
oye el partido de colombia salio bien y ya,feliz
ahora mismo pase el dia en cama,triste
ahora mismo estoy esperando una respuesta y me tiene nervioso y ya,miedo
es que estoy furioso contigo y no lo entiendo,enojo
la verdad es que estoy muy bajoneado con todo,triste
no puedo creer que me tienes harto de verdad y no lo voy a tolerar,enojo
la verdad hicimos sancocho en familia y fue muy rico y ya,feliz
no se si contarte pero me da terror que noten que estoy nervioso y no puedo evitarlo,miedo
ahora mismo hablaron de algo que yo no sabia y me senti excluido y nadie lo entiende,triste
hoy hoy no tuve que madrugar y lo disfrute y me tiene pensando mucho,feliz
es que me da pena hablar en publico y manana me toca la verdad,miedo
parce me toco irme del barrio que queria y eso me duele,triste
mira defendi mi proyecto y quede bien y ya,feliz
mira compre mi primer carro y ya,feliz
ultimamente me siento decepcionado y no se que hacer,triste
ahora mismo estoy agotado emocionalmente desde hace dias,triste
es que tengo una entrevista y me muero del susto sinceramente,miedo
la verdad tengo panico de fallar frente a todos y no se que hacer,miedo
te juro que me enoja mucho lo que dijiste,enojo
ahora mismo no es la primera vez y eso me tiene agotado pero ya no puedo mas,enojo
no se si contarte pero me senti aceptado como soy pero necesitaba decirlo,feliz
oye no se para donde voy y eso me asusta y me pone triste,triste
mira hoy amaneci con mucha energia la verdad,feliz
en este momento todo salio mal ultimamente,triste
mira siento que finjo estar bien tan seguido que ya ni se y me tiene pensando mucho,triste
lo que pasa es que estoy muy bajoneado con la noticia y no lo puedo superar,triste
en serio tengo miedo de que me juzguen sinceramente,miedo
siento una soledad enorme que me pesa y me duele mucho,triste
perdi la materia que mas me esforcé y no se como manejarlo,triste
sinceramente tengo panico de fallar frente a todos y necesito que alguien me entienda,miedo
mira hoy me senti muy a gusto con todo y no puedo evitarlo,feliz
te cuento que me quede sin trabajo y no se que hacer pero bueno,triste
vieja aprobe todas las materias este semestre parce,feliz
defendi mi proyecto y quede bien y nadie lo sabe,feliz
ya nada es igual pero necesitaba decirlo,triste
hoy esto me molesta demasiado y me afecta mucho,enojo
te juro que siempre me pasa lo mismo con las mismas personas sinceramente,enojo
sinceramente se fue mi perro hoy y no puedo evitarlo,triste
hermano me siento muy solo en esta ciudad la verdad,triste
que alegria tan grande siento y estoy muy agradecido,feliz
en serio siento que cargo con demasiado para mi edad y no se que hacer,triste
me bloquearon sin darme ninguna explicacion la verdad,enojo
la verdad todo me pone mal ultimamente,triste
mira ya no quiero hablar de eso porque nadie entiende y ya,triste
desde hace dias tengo miedo de ver lo que me respondieron y me pesa cargarlo solo,miedo
ultimamente ya no se que hacer por todo lo que paso,triste
no te miento defendi mi proyecto y quede bien de verdad,feliz
sinceramente cambio su estado y supe que era por mi,triste
lo que pasa es que me da miedo pedir ayuda sinceramente,miedo
hoy me eliminaron del grupo sin decir nada,enojo
ultimamente esto me molesta demasiado y no se que hacer,enojo
bro me contactaron por mi trabajo y quede feliz la verdad,feliz
la verdad extraño como eran las cosas antes y no lo puedo ocultar,triste
me quede sin trabajo y no se que hacer y no puedo evitarlo,triste
la verdad estoy emocionalmente agotado,triste
te digo que me duele mucho lo que ocurrio y me duele mucho,triste
es que me dejo de seguir en redes sociales y quisiera que alguien me ayudara,triste
te cuento que me asusta mucho lo que esta pasando en el barrio pero bueno,miedo
la verdad es que me corrigieron el tono sin escuchar lo que dije y quisiera que alguien me ayudara,enojo
en serio siento una tristeza que no me abandona y no lo puedo superar,triste
realmente me siento lleno de energia de verdad,feliz
ultimamente estoy cansado mentalmente otra vez,triste
la verdad no me toman en serio por mi edad y no puedo evitarlo,enojo
te digo que estoy muy asustado por lo que viene y eso me preocupa mucho,miedo
te cuento que no se que va a pasar con mi vida y ya,miedo
es que me pusieron a hacer el trabajo de todos y ya,enojo
ultimamente todo salio excelente desde hace dias,feliz
te cuento que estoy con las personas que amo todo el tiempo,feliz
de verdad me da una ira terrible,enojo
estoy muy asustado con las noticias y no puedo calmarlo,miedo
te cuento que me fue de maravilla en la entrevista parce,feliz
la verdad me ignoraron cuando tenia toda la razon pero bueno,enojo
sinceramente me aterra la idea de perder todo y eso me preocupa mucho,miedo
no te miento me echaron la culpa de lo que salio mal pero ya no puedo mas,enojo
ultimamente mi jefe quedo contento con mi trabajo y no se que hacer,feliz
la verdad me fui de viaje,feliz
no te miento estoy apostando todo a esto de verdad,miedo
definitivamente odio esta situacion ultimamente,enojo
hoy amaneci con toda la actitud pero bueno,feliz
no puedo evitar que estoy muy angustiado con las noticias de hoy y me tiene muy nervioso,miedo
sinceramente nacio mi hija sinceramente,feliz
en serio me salio el negocio que queria,feliz
oye me da ansiedad ver cuanta gente vio mi historia y ya,miedo
sinceramente se burlaron de mi de verdad,enojo
sinceramente estoy demasiado preocupado en este momento,miedo
mira manana tengo una prueba importante y estoy nervioso y no puedo evitarlo,miedo
sabes que me siento muy contento con la vida y es lo mejor que me paso,feliz
oye pase el dia en cama y no lo puedo ocultar,triste
estoy muy asustado y no se que hacer y no puedo calmarlo,miedo
ultimamente encontre lo que buscaba y me afecta mucho,feliz
sinceramente nadie me escucha,triste
me pone muy nervioso tener que dar explicaciones y no puedo evitarlo,miedo
te cuento que mi familia se fue a vivir lejos y me siento solo,triste
te juro que me da mucho miedo entrar al salon y que todos me miren y no es facil admitirlo,miedo
ultimamente estoy temblando de nervios y me afecta mucho,miedo
lo que es cierto es que que buena noticia para terminar el dia y estoy muy contento,feliz
me siento muy solo en esta ciudad y no es facil,triste
no se si contarte pero me dijeron que era muy sensible por sentirme mal pero necesitaba decirlo,enojo
la verdad es que estoy muy emocionado con esto y no lo puedo creer,feliz
no te miento me tienen muy mamado con esa vuelta,enojo
la verdad es que estoy muy apenado con lo que paso y me duele mucho,triste
para serte honesto me rechazaron y duela mucho todo el tiempo,triste
la verdad ya no tengo ganas y no se que hacer,triste
sinceramente me hicieron esperar demasiado,enojo
me molesta mucho que hagas eso,enojo
la verdad me quede sin trabajo y no se que hacer y me cuesta mucho,triste
ahora mismo me dieron la beca y no lo puedo ocultar,feliz
hoy estoy lleno de felicidad ahora mismo de verdad,feliz
termine la semana sin ningun problema y no se como manejarlo,feliz
es que todo me genera ansiedad ultimamente y no puedo evitarlo,miedo
compre mi primera casa de verdad,feliz
en serio me duele mucho lo que esta pasando y quisiera que no fuera así,triste
hoy me salio redondo todo hoy,feliz
la verdad todo el mundo esta en planes y yo solo en casa y me tiene pensando mucho,triste
sinceramente tengo panico y me afecta mucho,miedo
la verdad tengo miedo de tomar una decision y que salga mal,miedo
te juro que me asusta que piensen que soy raro y no es facil admitirlo,miedo
en serio que dia tan exitoso fue hoy en serio,feliz
la verdad me siento vulnerable por todo lo que paso,miedo
en serio tengo miedo de que me rechacen si digo lo que pienso y no puedo evitarlo,miedo
no te miento me echaron sin explicacion y nadie lo sabe,triste
sinceramente tengo miedo de caerle mal sin querer y me pesa cargarlo solo,miedo
la verdad me independice por fin y nadie lo sabe,feliz
en este momento no aguanto mas desde hace dias,enojo
me siento muy triste hoy y no se como seguir,triste
todo tiene sentido ahora la verdad,feliz
fijate que me dieron la visa,feliz
la verdad es que estoy furioso contigo,enojo
hoy termino mi carrera y no lo puedo ocultar,feliz
para serte honesto me sorprendieron hoy y no lo puedo ocultar,feliz
ultimamente me siento tranquilo y feliz por todo lo que paso,feliz
desde ayer estoy agradecido por todo esta semana,feliz
hoy me dijeron que era muy sensible por sentirme mal y me pesa cargarlo solo,enojo
sinceramente estoy muy apenado por lo que paso y no lo puedo superar,triste
la verdad me usaron cuando les convenia y despues nada pero bueno,enojo
lo que es cierto es que me siento muy bien por lo que logre,feliz
definitivamente esto me molesta mucho ultimamente,enojo
hoy estoy muy feliz con el resultado,feliz
en serio estoy muy emocionado con lo que viene,feliz
sinceramente me siento vulnerable esta semana,miedo
es que me borraron un comentario que tenia toda la razon y no puedo evitarlo,enojo
tengo miedo de mandar ese mensaje y que lo tomen mal y trato de disimularlo,miedo
hermano tengo miedo de que me rechacen si digo lo que pienso parce,miedo
es que me encontre con un amigo que no veia hace tiempo,feliz
oye me siento muy lejos de ser feliz y no puedo evitarlo,triste
desde ayer me siento excelente hoy otra vez,feliz
te juro que cambiaron las reglas sin avisarme y me pesa cargarlo solo,enojo
ultimamente no voy a tolerar esto mas,enojo
mira siento que no tengo control de nada sinceramente,miedo
en serio mi familia estuvo muy unida hoy y no puedo evitarlo,feliz
fijate que me dijeron que cambie como si estuviera mal ser yo y quisiera que alguien me ayudara,triste
subi algo y nadie reacciono y me senti invisible y no se que hacer,triste
fijate que me siento muy bien con mi proceso men,feliz
estoy muy apagado y sin motivacion,triste
te cuento que me cuesta aceptar que eso ya termino y ya,triste
ultimamente me hicieron perder el tiempo y eso empeora todo,enojo
mira me pusieron a hacer el trabajo de todos de verdad,enojo
estoy demasiado preocupado en este momento,miedo
la verdad me preocupa tanto que no puedo dormir y no puedo evitarlo,miedo
fijate que me toco dejar los estudios por plata y ya,triste
no puedo creer que no voy a seguir tolerando esto sin excusas,enojo
para serte honesto no puedo creer lo que hicieron y es agotador,enojo
me duele mucho haberlo perdido y me duele mucho,triste
me cambiaron las condiciones a ultimo momento y ya,enojo
mira borre todas mis fotos porque no me gustaba nada y me tiene pensando mucho,triste
es que me cobraron de mas sin avisar pero no digo nada,enojo
es que se fue mi gato hoy pero necesitaba decirlo,triste
ahora mismo no soporto esta situacion esta semana,enojo
hoy tengo ansiedad por lo que viene otra vez,miedo
en serio me siento muy triste y desolado y no se como seguir,triste
hoy siento mucha presion y me afecta mucho,miedo
hoy me fue de pelos y eso me duele,feliz
me siento muy feliz ahora mismo y no lo puedo creer,feliz
vieja siento que la estoy embarrando en todo y no se que hacer,triste
hoy me tiene muy bajoneado lo que paso y eso me duele,triste
lo que pasa es que estoy muy triste y sin animo de nada y no lo puedo superar,triste
te cuento que logre ahorrar lo que necesitaba de verdad,feliz
la verdad es que me alegra ver que todo salio bien y estoy muy agradecido,feliz
subi algo y nadie reacciono y me senti invisible y me afecta,triste
en serio me entristece mucho pensar en eso,triste
estoy muy nervioso y asustado,miedo
me corrigieron el tono sin escuchar lo que dije y no lo digo seguido,enojo
me siento muy bien con todo sin duda,feliz
en serio la incertidumbre me tiene paralizado y no se que hacer,miedo
te digo que me da panico enviar ese mensaje y quedar mal y ya,miedo
me tiene muy bajoneado lo que paso pero bueno,triste
la verdad me trataron muy mal sin razon pero no digo nada,enojo
en serio todo tiene sentido ahora y ya,feliz
que fastidio me da esta situacion de verdad,enojo
ahora mismo me siento inseguro por todo lo que paso,miedo
es que me fue de maravilla en la entrevista,feliz
no lo puedo creer de verdad que no,feliz
no me dejaron terminar de hablar pero bueno,enojo
hoy siempre me pasa lo mismo con las mismas personas pero necesitaba decirlo,enojo
hoy me dijeron que era mi culpa cuando no lo era,enojo
para serte honesto no hubo trafico hoy,feliz
siento una tristeza que no puedo explicar y no lo puedo superar,triste
la verdad es que me produce rabia pensar en lo que hiciste y me parece muy mal,enojo
parce me dejo mi novio y estoy muy mal,triste
cumpli mi meta del año pero bueno,feliz
oye me parece increible tu actitud,enojo
me mintieron descaradamente en la cara y nadie lo sabe,enojo
en este momento me preocupa el futuro por todo lo que paso,miedo
termine de pagar mi deuda y ya,feliz
no se cumpli la meta que me habia puesto,feliz
en serio tengo miedo de haber arruinado algo sin saberlo y no lo digo seguido,miedo
honestamente me cansa tu falta de madurez y no lo voy a tolerar,enojo
honestamente estoy harto de esto otra vez,enojo
hoy todo el mundo parece tener todo claro menos yo,triste
lo que pasa es que estoy muy bajo de animo y sin ganas,triste
desde ayer me siento muy feliz desde hace dias,feliz
me siento re bien parce,feliz
de verdad que fastidio eres en serio y eso no esta bien,enojo
desde ayer tengo panico desde hace dias,miedo
desde hace dias me graduo este mes la verdad,feliz
fijate que estoy muy molesto con lo que hicieron hermano,enojo
ahora mismo siento que a nadie le importo y no lo puedo ocultar,triste
oye me hicieron sentir mal por preguntar y nadie lo sabe,enojo
en serio me da demasiada rabia desde hace dias,enojo
lo que pasa es que esto me parece una falta de respeto total otra vez,enojo
mira me tocó pagar una multa que no era justa y eso me duele,enojo
parce extraño mucho a las personas que ya no estan y no es facil,triste
te cuento que me aprobo el credito el banco de verdad,feliz
me da miedo no estar a la altura de lo que se espera pero bueno,miedo
parce se aprovecharon de la buena fe mia y me cuesta mucho,enojo
oye me dejo mi novio y estoy muy mal y no puedo evitarlo,triste
ahora mismo me siento furioso por todo lo que paso,enojo
sinceramente me produce rabia pensar en lo que hiciste y no lo entiendo,enojo
oye nadie noto que algo me pasaba y trato de disimularlo,triste
la verdad me cayo muy bien esa persona y no se que hacer,feliz
ahora mismo siento que las cosas mejoran otra vez,feliz
hoy todo me irrita,enojo
parce me usaron cuando les convenia y despues nada de verdad,enojo
hoy tengo miedo de fallar por todo lo que pasa,miedo
ultimamente ya no esta la persona que queria y no puedo evitarlo,triste
es que vi que me sacaron de un grupo y no dije nada bro,triste
hoy me preocupa el futuro y no puedo dormir,miedo
te juro que hoy me senti muy bien conmigo mismo la verdad,feliz
no se si contarte pero me fue muy mal en el examen y me afecta mucho,triste
la verdad estoy muy ilusionado con lo que viene y me tiene mal,feliz
mira manana es el dia y no estoy listo la verdad,miedo
hoy no me merecia este trato otra vez,enojo
me pone feliz ver tu progreso sin duda,feliz
te juro que alguien me entendio sin que yo explicara mucho y quisiera que alguien me ayudara,feliz
ahora mismo todo me fastidia y no se que hacer,enojo
de verdad no entiendo como puedes actuar asi en serio,enojo
ahora mismo estoy agradecido por todo en este momento,feliz
me siento muy desconectado de todo y de todos y no puedo evitarlo,triste
no te miento dijeron cosas que no son verdad sobre mi la verdad,enojo
la verdad es que estoy en el mejor momento de mi vida y no lo puedo creer,feliz
hoy no entendi bien el tono y eso me tiene angustiado,miedo
es que me tocó pagar una multa que no era justa,enojo
hoy estoy lleno de energia y alegria y es lo mejor que me paso,feliz
definitivamente no aguanto mas y no se que hacer,enojo
hermano me tiene muy irritado todo esto de verdad,enojo
desde ayer estoy realmente frustrado por todo lo que paso,enojo
me tocó madrugar y no dormí nada y encima salio mal y eso me duele,triste
fijate que no puedo dejar de preocuparme otra vez,miedo
ahora mismo me siento destruido esta semana,triste
oye me faltaron el respeto delante de todos pero bueno,enojo
ahora mismo llevo dias aguantando esto y ya no puedo y no lo digo seguido,enojo
desde hace dias se llevaron el credito de lo que yo hice la verdad,enojo
hoy que alegria me da verte bien y no lo puedo creer,feliz
sinceramente tengo panico de que algo malo pase de verdad,miedo
hoy tengo una entrevista y me muero del susto y no puedo evitarlo,miedo
bro me tiene muy bravo la falta de respeto la verdad,enojo
hoy me mandaron un mensaje muy agresivo y quisiera que alguien me ayudara,enojo
hoy me dieron el trabajo que queria la verdad,feliz
es que me dijeron que era mi culpa cuando no lo era y me tiene mal,enojo
mira me saca de mis casillas esto y ya me canse,enojo
no puedo creer que esto me pone de muy mal humor y no lo voy a tolerar,enojo
hermano me dieron la beca de la universidad publica la verdad,feliz
me siento muy desanimado hoy y quisiera que no fuera así,triste
no te miento no puedo mas con tanto todo el tiempo,triste
no te miento me cayo muy bien esa persona y nadie lo sabe,feliz
la verdad el silencio de esa persona me preocupa mucho y nadie lo sabe,miedo
es que tengo miedo de que me vaya mal en las parciales de verdad,miedo
es que pague y no me dieron lo que ofrecieron y no puedo evitarlo,enojo
no te soporto mas y punto,enojo
mi familia se fue a vivir lejos y me siento solo pero bueno,triste
sinceramente me siento muy feliz desde hace dias,feliz
oye hicieron como si yo no existiera en la reunion y quisiera que alguien me ayudara,enojo
no te miento no se si ese mensaje significaba lo que creo y me afecta mucho,miedo
es que me tiene muy intranquilo todo esto y eso me duele,miedo
sabes que que alegria tan grande la mia en serio,feliz
no te miento siento que voy por buen camino y no lo puedo ocultar,feliz
hoy estoy muy alegre con lo que vivo y es lo mejor que me paso,feliz
en serio siento una tristeza que no puedo superar y quisiera que no fuera así,triste
hoy me da demasiada rabia todo el tiempo,enojo
honestamente que mal te portas siempre de verdad,enojo
estoy agotado de tener que explicar como me siento de verdad,triste
lo que es cierto es que que dia tan especial fue hoy para mi en serio,feliz
para serte honesto nada de lo que hago vale la pena y me tiene mal,triste
realmente tengo mucho miedo y eso me preocupa,miedo
en este momento no aguanto mas y no se que hacer,enojo
no puedo evitar que estoy muy asustado de tomar esa decision,miedo
la verdad la vida esta siendo buena conmigo y eso me pesa,feliz
oye me trataron como si no existiera y necesito que alguien me entienda,enojo
es que nos separamos despues de mucho tiempo y no se que hacer,triste
me llegó una carta del juzgado y no se que es y me cuesta mucho,miedo
definitivamente me siento feliz hoy,feliz
ultimamente me dieron la nota que esperaba y eso me tiene mal,feliz
lo que pasa es que ya me canse de repetirte lo mismo sin excusas,enojo
fijate que salimos a rumbear y la pase muy bien y no puedo evitarlo,feliz
mira siento que algo se rompio dentro de mi y me tiene mal,triste
te cuento que cumpli mi meta del año sinceramente,feliz
te juro que me ofrecieron un mejor cargo y no se que hacer,feliz
fijate que no se si actue bien y eso no me deja tranquilo y no se como manejarlo,miedo
ahora mismo estoy demasiado molesto en este momento,enojo
no te lo voy a perdonar tan facil y eso no esta bien,enojo
ahora mismo me quede callado cuando debi haber hablado y no puedo evitarlo,triste
te digo que me siento muy agradecido con la vida hoy bro,feliz
fijate que por fin me contestaron y no se como manejarlo,feliz
en serio siento una pena muy honda en mi,triste
ultimamente me da miedo decepcionarme a mi mismo de verdad,miedo
en serio me citaron a declarar y estoy muy nervioso y ya,miedo
no puedo creer que no entiendo tu actitud para nada y me parece muy mal,enojo
la verdad es que me da mucho miedo la situacion actual de verdad,miedo
no alcance el cupo en la universidad publica,triste
no se estoy muy frustrado con todo esto de verdad,enojo
te juro que me angustia saber que todo queda guardado en internet men,miedo
ahora mismo me reconocieron el esfuerzo en el trabajo y me pesa cargarlo solo,feliz
bro me saca de quicio que no cambien nada y no es facil,enojo
me prometieron el trabajo y al final le dieron a otro pero bueno,enojo
ya no aguanto mas esa situacion de verdad,enojo
dijeron mentiras sobre mi en redes y no es facil,enojo
te cuento que consegui apartamento en arriendo bien precio,feliz
siento un temor constante que no desaparece y eso me preocupa mucho,miedo
desde ayer me preocupa el futuro otra vez,miedo
me siento muy solo y abandonado y no lo puedo superar,triste
mira no voy a tolerar esto mas,enojo
te juro que tengo miedo de que mis sueños no sean suficientes,miedo
bro no se si lo que estoy haciendo es lo correcto bro,miedo
te cuento que fuimos a la finca y fue muy bacano,feliz
no se me tiene muy bravo la falta de respeto pero bueno,enojo
que buena suerte la mia hoy y no lo puedo creer,feliz
men siento que todos avanzan menos yo de verdad,triste
oye hoy amaneci con toda la actitud parce,feliz
para serte honesto todo lo que construi se cayo y no se que hacer,triste
no se si contarte pero cambiaron las reglas sin avisarme y eso me tiene mal,enojo
no alcance el cupo en la universidad publica y nadie lo sabe,triste
hoy me tocó madrugar y no dormí nada y encima salio mal y eso me duele,triste
no se llegue a los seguidores que queria,feliz
sinceramente me tienen muy mamado con esa vuelta y no es facil,enojo
ahora mismo me siento furioso esta semana,enojo
en este momento tengo miedo de fallar otra vez,miedo
ahora mismo estoy al limite de mi paciencia otra vez,enojo
realmente estoy pasando un gran momento y me afecta mucho,feliz
te digo que me respondieron que si al proyecto,feliz
es que estoy muy molesto con lo que hicieron y nadie lo sabe,enojo
es que nadie me dio una respuesta clara y me tiene mal,enojo
te cuento que las cosas ya no son como antes de verdad,triste
en serio tengo panico de que me pregunten algo en clase la verdad,miedo
te cuento que me aterra quedar mal frente a todos y no puedo evitarlo,miedo
eres un egoista de primera y no lo entiendo,enojo
es que hoy descanse bien por primera vez en mucho tiempo,feliz
te juro que usaron lo que les conte en mi contra y no lo digo seguido,enojo
sinceramente me toco irme del barrio que queria y no es facil,triste
mira estoy muy asustado con lo que puede pasar y no es facil,miedo
hoy recibi buenas noticias ultimamente,feliz
hoy la incertidumbre me tiene paralizado y ya,miedo
subi una foto y me arrepenti de haberla subido,triste
ultimamente me da demasiada rabia y estoy cansado,enojo
siento una tristeza que no me abandona de verdad,triste
hoy me hicieron perder un dia entero y no se que hacer,enojo
no te miento me salio el cupo en el sena y ya,feliz
en serio me dijeron que me quieren sinceramente,feliz
lo que pasa es que no se puede confiar en ti y me parece muy mal,enojo
para serte honesto nadie me eligio para su equipo y no se que hacer,triste
ahora mismo sonrei todo el tiempo pero por dentro lloraba pero necesitaba decirlo,triste
hoy nadie reconocio lo que aporte de verdad,enojo
en serio me tiene muy preocupado lo que esta pasando y no se que hacer,miedo
fijate que no me dejaron terminar de hablar,enojo
no te miento hoy me senti muy a gusto con todo,feliz
en serio todo esta mal organizado y eso me pesa,enojo
mira tengo un mal presentimiento con eso de verdad,miedo
mira ya no somos lo que eramos y eso me entristece y no es facil,triste
sinceramente hoy fue mejor de lo que esperaba y no puedo evitarlo,feliz
mira se fue mi gato hoy y no se que hacer,triste
estoy muy bajo de animo y sin ganas,triste
hoy me siento vacio todo el tiempo,triste
es que me asusta mucho la incertidumbre,miedo
hoy me salio rico lo que cocine y es agotador,feliz
la verdad me toco irme del barrio que queria pero bueno,triste
en serio el resultado me tiene muy angustiado y no se que hacer,miedo
realmente que problema tan absurdo y me afecta mucho,enojo
fijate que me dejaron plantado y ni se disculparon la verdad,enojo
me siento muy triste hoy y me duele mucho,triste
oye me tiene muy desanimado todo esto,triste
mira me dejaron,triste
no te miento no supe si era una broma o algo serio,triste
mira por fin termine el proyecto de verdad,feliz
ahora mismo sonrei todo el tiempo pero por dentro lloraba y me cuesta mucho,triste
en serio no me puedo quitar esa preocupacion de encima parce,miedo
es que pude decir lo que sentia sin miedo y no es facil admitirlo,feliz
es que me hablaron muy feo sin ninguna razon y nadie lo sabe,enojo
saque mi licencia de conducir y nadie lo sabe,feliz
sinceramente me siento feliz en este momento,feliz
la verdad me tiene muy cansado esta gente parce,enojo
cumpli mi meta del año y ya,feliz
ultimamente no logre lo que esperaba todo el tiempo,triste
la verdad me hicieron firmar algo que no entendi,enojo
me tienen hasta la coronilla parce,enojo
te cuento que me tiene angustiado no saber que va a pasar y eso me pesa,miedo
hoy no tuve ganas de comer y ya,triste
sinceramente me tiene harto que siempre pase lo mismo y me afecta,enojo
te cuento que el transporte salio tardisimo y llegue tarde por eso parce,enojo
ya no tengo energia para nada de lo que antes me gustaba la verdad,triste
definitivamente me preocupa el futuro y me afecta mucho,miedo
oye eres un maleducado sin remedio en serio,enojo
es que me tocó pagar una multa que no era justa y ya,enojo
oye no puedo creer que hayas hecho eso sin excusas,enojo
te cuento que no estudie suficiente para esto y me tiene mal,miedo
no te miento me cayo muy bien esa persona y no se que hacer,feliz
sinceramente me siento nervioso desde hace dias,miedo
es que me case hoy y no puedo evitarlo,feliz
sinceramente tengo miedo de que mis sueños no sean suficientes la verdad,miedo
en serio me cayo del cielo esa noticia,feliz
mira me da muy duro enfrentar esa conversacion parce,miedo
hoy nos separamos despues de mucho tiempo pero bueno,triste
hoy me siento muy triste ultimamente,triste
mira mi mejor amigo se fue a vivir lejos la verdad,triste
la verdad es que siento una rabia que no te imaginas y me parece muy mal,enojo
es que siento que me quede atras sinceramente,triste
oye hoy fue mejor de lo que esperaba y me afecta,feliz
hermano me tienen muy mamado con esa vuelta,enojo
para serte honesto no voy a tolerar esto mas y no puedo evitarlo,enojo
no te miento tengo miedo de que me rechacen si digo lo que pienso,miedo
me da pena decirlo pero llevo dias aguantando esto y ya no puedo y me afecta mucho,enojo
estoy muy triste con la situacion actual,triste
me tiene muy bajoneado lo que paso y ya,triste
sinceramente me dijeron que era muy sensible por sentirme mal,enojo
no puedo creer que me frustra muchisimo esto y no lo entiendo,enojo
que bonita sorpresa me llevé hoy y estoy muy agradecido,feliz
hoy ya no somos lo que eramos y eso me entristece,triste
lo que pasa es que me prometieron que no volveria a pasar y eso me tiene mal,enojo
ultimamente sonrei todo el tiempo pero por dentro lloraba y trato de disimularlo,triste
te cuento que me robaron el celular y estoy muy mal,triste
hoy no se si ese mensaje significaba lo que creo y no se como manejarlo,miedo
lo que pasa es que me faltaron el respeto todo el tiempo,enojo
en serio me tienen muy hastiado con lo mismo,enojo
te digo que me salio la receta que estaba intentando y no es facil,feliz
vieja me hicieron fila tres horas y no me atendieron,enojo
me duele mucho haber perdido eso,triste
no se si contarte pero no quiero mandar el audio por miedo a como sueno y no se como manejarlo,miedo
hicieron lo que quisieron sin preguntarme nada y ya,enojo
hoy llegue a tiempo a todo y ya,feliz
en serio estoy que no me la creo hermano,feliz
lo que pasa es que me mandaron buenas noticias por whatsapp y no es facil admitirlo,feliz
hoy que problema tan absurdo,enojo
sinceramente me dijeron que exageraba,enojo
no se si contarte pero aprobe la materia que tenia perdida y quisiera que alguien me ayudara,feliz
es que me bloquearon sin darme ninguna explicacion y me tiene pensando mucho,enojo
hoy tengo panico en este momento,miedo
me hace muy bien sentirme asi de verdad,feliz
mira pague y no me dieron lo que ofrecieron la verdad,enojo
fijate que me trataron muy mal sin razon y no lo puedo ocultar,enojo
la verdad es que que maravilloso momento estoy viviendo de verdad,feliz
vieja no tenemos para el arriendo este mes,triste
es que siento mucho miedo en este momento y eso me preocupa mucho,miedo
te cuento que hicieron algo injusto y nadie dijo nada y eso me pesa,enojo
me pelee con mi mejor amigo y me duele mucho pero bueno,triste
ahora mismo estoy demasiado molesto de verdad,enojo
fijate que me dijeron que exageraba y no se que hacer,enojo
bro me siento muy perdido con mi vida la verdad,triste
en serio me parece una falta de respeto y eso no esta bien,enojo
oye hicimos una reunioncita y quedo muy buena y no se que hacer,feliz
sinceramente estoy demasiado cansado otra vez,triste
es que tengo miedo de tomar una decision y que salga mal,miedo
ahora mismo me siento derrotado y no se que hacer,triste
es que me dicen que me esfuerce mas cuando ya doy todo y me cuesta aceptarlo,enojo
honestamente odio esta situacion de verdad,enojo
fijate que estoy con una nota hoy y no es facil,feliz
no supe si era una broma o algo serio pero ya no puedo mas,triste
mira me dieron la beca y me tiene mal,feliz
hoy me usaron y despues me ignoraron otra vez,enojo
ahora mismo manana tengo una prueba importante y estoy nervioso y me afecta mucho,miedo
sinceramente hoy me di cuenta que avance mucho,feliz
ahora mismo me da demasiada rabia otra vez,enojo
sinceramente no supe como responder y ahora me arrepiento y me afecta mucho,triste
la verdad es que siento un vacio que no puedo llenar,triste
es que me encontre plata en un bolsillo que no sabia bro,feliz
la verdad me hicieron perder un dia entero,enojo
en serio me contactaron por mi trabajo y quede feliz de verdad,feliz
me da pena decirlo pero no quiero mandar el audio por miedo a como sueno y no se que hacer,miedo
ultimamente me siento excelente hoy desde hace dias,feliz
bro me siento muy desconectado de todo y de todos bro,triste
oye que impotencia siento ahora de verdad,enojo
fijate que mi grupo hizo el trabajo sin contar conmigo y no se como manejarlo,triste
la verdad estoy muy cansado de lucharla solo pero bueno,triste
fijate que termino mi carrera,feliz
me siento muy triste y desolado y no lo puedo superar,triste
es que hoy fue un dia muy gris y no se que hacer,triste
hoy tengo miedo de que mis sueños no sean suficientes men,miedo
la verdad es que tengo miedo de mandar ese mensaje y que lo tomen mal,miedo
hoy fuimos a la finca y fue muy bacano y no puedo evitarlo,feliz
las cosas ya no son como antes y no se que hacer,triste
oye ya les dije mil veces y no cambia nada y eso me tiene mal,enojo
vieja hoy fue un dia muy chévere y no se que hacer,feliz
estoy muy asustado con lo que dijiste de verdad,miedo
la verdad me siento muy pleno con lo que estoy haciendo y ya,feliz
definitivamente hoy fue un mal dia,triste
la verdad me cancelaron a ultimo momento de verdad,enojo
men hoy hice algo que me daba mucho miedo y salio bien y ya,feliz
sinceramente me mandaron un mensaje raro y no entiendo que quieren de verdad,miedo
sinceramente me siento orgulloso de donde estoy y ya,feliz
oye me asusta no saber si voy a conseguir trabajo y ya,miedo
hoy algo cambio de repente y no entiendo por que y me tiene mal,miedo
no te miento hoy descanse muy bien y eso me pesa,feliz
me salio el primer cliente y no es facil,feliz
mira me siento desconectado de todo y no se que hacer,triste
ultimamente me quitaron el like y eso me bajo el animo y me tiene pensando mucho,triste
ahora mismo me preocupa demasiado esto por todo lo que paso,miedo
la verdad me siento incomodo con esto ultimamente,miedo
sinceramente ya no tengo ganas desde hace dias,triste
hoy tengo miedo de que me rechacen si digo lo que pienso,miedo
siento que algo esta pasando y nadie me dice que la verdad,miedo
te cuento que me mandaron un mensaje raro y no entiendo que quieren la verdad,miedo
hoy me preocupa no poder pagar el arriendo el otro mes la verdad,miedo
tengo miedo de no poder salir adelante de verdad,miedo
la verdad es que siento un vacio enorme dentro de mi y quisiera que no fuera así,triste
hoy me dicen que exagero cuando digo como me siento y nadie lo entiende,enojo
ahora mismo todo me hace enojar por todo lo que paso,enojo
la verdad es que me da mucho miedo estar solo en esto y me tiene muy nervioso,miedo
hoy tengo miedo de que me juzguen y eso me pesa,miedo
termine mi tesis,feliz
fijate que me tocó repetir el tramite porque perdieron mis papeles hermano,enojo
te cuento que me mandaron de una oficina a otra sin solucion de verdad,enojo
hoy me citaron a declarar y estoy muy nervioso,miedo
la verdad es que me excluyeron de la decision sin explicacion y nadie lo entiende,enojo
desde hace dias me hicieron esperar demasiado y no puedo evitarlo,enojo
no se no me reconozco ultimamente,triste
la verdad sali del pais por primera vez y no puedo evitarlo,feliz
me da pena decirlo pero me bloqueo sin darme una explicacion y no puedo evitarlo,triste
en serio estoy muy triste con lo que resulto y me duele mucho,triste
es que ya no hablo con alguien que queria mucho y me afecta,triste
nacio mi hijo y no puedo evitarlo,feliz
hoy por fin me compre lo que queria y ya,feliz
la verdad es que siento un miedo terrible ahora mismo y me tiene muy nervioso,miedo
en serio tengo miedo de que las cosas cambien de repente y nadie lo entiende,miedo
sinceramente todo me afecta demasiado en este momento,triste
te digo que estoy muy nervioso con todo lo que pasa y no se que hacer,miedo
es que todo me pesa demasiado y no lo puedo ocultar,triste
la verdad es que me da mucho miedo la situacion actual,miedo
lo que pasa es que me dieron la nota que esperaba y me tiene agotado,feliz
siento que el tiempo no cura esto y no lo puedo superar,triste
la verdad todo tiene sentido ahora y es agotador,feliz
es que siento panico cuando pienso en eso y eso me preocupa mucho,miedo
ultimamente hoy me senti comodo siendo yo mismo y quisiera que alguien me ayudara,feliz
mira se fue mi gato hoy,triste
es que me pone muy nervioso tener que dar explicaciones y me cuesta mucho,miedo
me toco dejar los estudios por plata y no puedo evitarlo,triste
parce me asusta mucho lo que esta pasando en el barrio y me tiene mal,miedo
la verdad estoy muy asustado con lo que puede pasar,miedo
no te miento me case hoy la verdad,feliz
la verdad estoy al limite de mi paciencia sinceramente,enojo
que dia tan especial fue hoy para todos y estoy muy agradecido,feliz
no te miento no duermo de la preocupacion y no puedo evitarlo,miedo
lo que pasa es que todo me pesa demasiado la verdad,triste
es que me usaron cuando les convenia y despues nada y no puedo evitarlo,enojo
la verdad me cayo muy bien esa persona pero bueno,feliz
te digo que tengo miedo de que las cosas empeoren y no se que hacer,miedo
es que me salio todo bien y no me lo esperaba de verdad,feliz
realmente me siento muy triste otra vez,triste
mira lo que paso pase el semestre sin perder nada pero necesitaba decirlo,feliz
estoy rodeado de gente y me siento solo de verdad,triste
oye me comparo mucho con los demas y me hace mal la verdad,triste
en serio hicimos sancocho en familia y fue muy rico,feliz
es que me fui de viaje y ya,feliz
fijate que me graduo este sabado de verdad,feliz
hicimos una reunioncita y quedo muy buena de verdad,feliz
ya no aguanto mas esa situacion y no es facil,enojo
hoy me toco el dia libre y es agotador,feliz
la verdad ya no hablo con alguien que queria mucho de verdad,triste
lo que pasa es que me dijeron que me quieren y me tiene mal,feliz
no te miento mi grupo de trabajo funciono muy bien,feliz
no te miento extraño mucho a las personas que ya no estan,triste
en este momento estoy agotado emocionalmente esta semana,triste
vieja me tienen muy mamado con esa vuelta de verdad,enojo
parce me tienen hasta la coronilla la verdad,enojo
de verdad esto me pone de muy mal humor,enojo
es que estoy muy molesto con lo que hicieron pero bueno,enojo
ultimamente tengo ansiedad de pensar en todo lo que falta y me tiene pensando mucho,miedo
parce me toco dejar los estudios por plata pero bueno,triste
en serio me embargaron la cuenta y no entiendo por que de verdad,miedo
sinceramente no entiendo como puedes actuar asi y no lo entiendo,enojo
ultimamente no se si estan enojados conmigo o es mi imaginacion y no puedo evitarlo,miedo
me pone ansioso salir de casa y es agotador,miedo
siento una tristeza muy profunda de verdad,triste
hoy no aguanto mas y me afecta mucho,enojo
hoy no quiero salir solo,miedo
hermano me tiene muy triste esta vuelta la verdad,triste
estoy muy apenado con lo que paso y no lo puedo superar,triste
desde ayer todo me hace enojar por todo lo que paso,enojo
ultimamente me etiquetaron en algo que me alegro el dia y me pesa cargarlo solo,feliz
desde ayer me siento derrotado esta semana,triste
no aguanto mas esta situacion y no lo voy a tolerar,enojo
ya no hablo con mi parcero de toda la vida y me cuesta mucho,triste
de verdad me decepciona mucho tu actitud,enojo
lo que pasa es que me siento muy triste hoy,triste
ultimamente estoy harto de todo desde hace dias,enojo
no se que quiero hacer con mi vida y ya,miedo
es que me da panico equivocarme y que no me perdonen y me tiene agotado,miedo
la verdad es que estoy lleno de energia y alegria de verdad,feliz
es que salimos a rumbear y la pase muy bien,feliz
sinceramente me da ansiedad abrir ese chat y no lo digo seguido,miedo
sonrei todo el tiempo pero por dentro lloraba y nadie lo entiende,triste
no se si contarte pero me ofrecieron un mejor cargo y me cuesta mucho,feliz
parce me da susto pedir el favor porque me da pena,miedo
la verdad es que aprobe la materia que tenia perdida y trato de disimularlo,feliz
ahora mismo hoy fue un gran dia desde hace dias,feliz
te digo que me siento muy bien con mi proceso y nadie lo entiende,feliz
la verdad es que no se como decirlo sin que se enojen y quisiera que alguien me ayudara,miedo
ahora mismo esto es injusto en este momento,enojo
no tenemos para el arriendo este mes la verdad,triste
hoy estoy con una nota hoy y no se que hacer,feliz
es que me encontre con un amigo que no veia hace tiempo y no puedo evitarlo,feliz
hoy estoy muy contento con los avances y no lo puedo creer,feliz
sabes que me pone de muy buen humor esto y es lo mejor que me paso,feliz
te cuento que nacio mi hija y me tiene mal,feliz
sinceramente que mal te portas siempre en serio,enojo
hoy tengo miedo de tomar la decision equivocada de verdad,miedo
de verdad me da alegria ver que todo funciona,feliz
desde ayer todo me irrita por todo lo que paso,enojo
es que quede encantado con como salio todo y no se que hacer,feliz
se burlaron de algo que me costo decir y me cuesta mucho,enojo
desde hace dias me aceptaron en la universidad otra vez,feliz
la verdad es que no supe como responder y ahora me arrepiento y me cuesta mucho,triste
la verdad estoy harto de todo otra vez,enojo
ahora mismo me interrumpieron todo el tiempo y no lo puedo ocultar,enojo
mira lo que paso me quede callado cuando debi haber hablado y me pesa cargarlo solo,triste
te digo que estoy muy nervioso y asustado por todo y eso me preocupa mucho,miedo
te juro que ya les dije mil veces y no cambia nada de verdad,enojo
te cuento que termine de pagar mi deuda,feliz
siento que ya no tengo fuerzas para nada y me duele mucho,triste
no te miento tuve que repetir lo mismo mil veces,enojo
es que me siento orgulloso de donde estoy la verdad,feliz
no te miento me pone muy nervioso tener que dar explicaciones pero bueno,miedo
hoy tengo miedo de tomar la decision equivocada y no lo puedo ocultar,miedo
sinceramente no te lo voy a perdonar tan facil en serio,enojo
no te miento me fallaron cuando mas los necesitaba la verdad,triste
hoy fue maravilloso por todo lo que paso,feliz
hoy todo me genera ansiedad ultimamente y ya,miedo
tengo miedo de equivocarme y arrepentirme despues pero bueno,miedo
sinceramente no entiendo nada y me da verguenza preguntar,triste
fijate que siento que la estoy embarrando en todo y nadie lo sabe,triste
sinceramente que irresponsable eres en serio,enojo
en serio me tiene indignado lo que paso y no lo voy a tolerar,enojo
no se si contarte pero me quede callado cuando debi haber hablado y me pesa cargarlo solo,triste
no te miento me escribio la persona que me gusta y me afecta mucho,feliz
ahora mismo me ignoraron cuando tenia razon y eso me pesa,enojo
no te miento me mandaron audio de voz gritando pero necesitaba decirlo,enojo
es que tengo miedo de decir algo y que lo tomen mal y eso me duele,miedo
mira por fin publique lo que venia trabajando pero bueno,feliz
no te miento me cobraron de mas sin avisar y no se que hacer,enojo
en serio me dicen que me esfuerce mas cuando ya doy todo y no puedo evitarlo,enojo
me salio el primer cliente y no puedo evitarlo,feliz
ultimamente me siento increible de verdad,feliz
te juro que me dijeron que cambie como si estuviera mal ser yo y eso me tiene mal,triste
no te miento me echaron la culpa de algo que no hice,enojo
sinceramente me usaron y despues me ignoraron y no lo puedo ocultar,enojo
me salio redondo todo hoy y ya,feliz
en serio me siento muy contento con la vida en serio,feliz
ultimamente tengo miedo de que me alejen si se dan cuenta como soy y trato de disimularlo,miedo
sinceramente defendi mi proyecto y quede bien de verdad,feliz
siento que no soy suficiente y no es facil,triste
es que siento que me quede atras y ya,triste
oye me siento muy lejos de ser feliz la verdad,triste
siento que perdi una etapa de mi vida de verdad,triste
eso me pone muy furioso parce,enojo
te juro que tengo miedo de que no me entiendan y nadie lo entiende,miedo
hoy no se si voy a poder sostenerme solo de verdad,miedo
oye me tiene muy preocupado lo que esta pasando y no es facil,miedo
mira no me merecia este trato y ya,enojo
hoy nada de lo que hago vale la pena y ya,triste
se aprovecharon de que no sabia pero bueno,enojo
la verdad es que perdi la materia que mas me esforcé de verdad,triste
no te miento me dieron una sorpresa muy bonita hoy y me tiene mal,feliz
no te miento me dieron la beca de verdad,feliz
hoy siempre me pasa lo mismo con las mismas personas y no se que hacer,enojo
ultimamente me siento vulnerable y me afecta mucho,miedo
es que salimos a rumbear y la pase muy bien de verdad,feliz
lo que pasa es que se burlaron de algo que me costo decir y no se como manejarlo,enojo
hermano siento que todo el mundo sigue y yo me quede quieto y no puedo evitarlo,triste
la verdad me siento feliz ultimamente,feliz
estoy lleno de felicidad ahora mismo y es lo mejor que me paso,feliz
es que me da mucha pena decirle eso a la gente hermano,miedo
hoy termino mi relacion y no se que hacer,triste
sinceramente termine todo lo que tenia pendiente sinceramente,feliz
mira me toco vender el carro que tanto queria de verdad,triste
me preocupa el futuro esta semana,miedo
lo que pasa es que lei el mensaje diez veces y no se como responder pero ya no puedo mas,miedo
tengo miedo de que me quiten el trabajo y nadie lo sabe,miedo
lo que pasa es que no entiendo tu actitud para nada,enojo
ultimamente tengo ansiedad y me afecta mucho,miedo
nos separamos despues de mucho tiempo sinceramente,triste
te digo que estoy muy apenado y sin palabras de verdad,triste
desde hace dias me mandaron audio de voz gritando y me tiene agotado,enojo
sinceramente me siento orgulloso de donde estoy,feliz
ultimamente me critican las decisiones sin conocer mi situacion,enojo
no se si contarte pero me ignoraron cuando trate de explicarme y no lo digo seguido,enojo
en este momento estoy temblando de nervios en este momento,miedo
la verdad es que me siento muy bien con lo que hice y no lo puedo creer,feliz
sinceramente estoy disfrutando mucho desde hace dias,feliz
es que me da mucha pena decirle eso a la gente y me tiene mal,miedo
fijate que me sorprendieron hoy sinceramente,feliz
ahora mismo esto me molesta mucho desde hace dias,enojo
para serte honesto dije algo que no quise decir y no se como explicarlo y me cuesta mucho,triste
hoy me siento muy bien por todo y no lo puedo creer,feliz
mira no se que va a pasar con mi vida y es agotador,miedo
de verdad me tienes agotado con tus cosas y me parece muy mal,enojo
te juro que me siento muy perdido con mi vida de verdad,triste
me salio el cupo en el sena y no puedo evitarlo,feliz
no se si contarte pero el profesor me felicito por el trabajo y eso me tiene mal,feliz
es que me tiene muy bravo la falta de respeto de verdad,enojo
te cuento que me graduo este mes sinceramente,feliz
fallecio alguien cercano sinceramente,triste
sinceramente todo me hace enojar todo el tiempo,enojo
es que me tiene muy bravo la falta de respeto y no es facil,enojo
hoy subi una foto y me arrepenti de haberla subido pero bueno,triste
hoy estoy al limite de mi paciencia y es agotador,enojo
me pidieron que fuera a recursos humanos y nadie lo sabe,miedo
siento que las cosas nunca mejoran y me duele mucho,triste
todo salio perfecto en este momento,feliz
en serio que noticia tan buena me dieron en serio,feliz
ultimamente siento que nadie me toma en serio pero necesitaba decirlo,enojo
hoy tengo miedo de embarrarla con esa decision y eso me duele,miedo
ultimamente me da panico enviar ese mensaje y quedar mal men,miedo
te cuento que me preocupa no poder pagar el arriendo el otro mes y me cuesta mucho,miedo
hoy todo me afecta demasiado en este momento,triste
me mandaron un audio muy lindo y trato de disimularlo,feliz
la verdad capturaron una conversacion privada y la compartieron y ya,enojo
oye me senti aceptado como soy y no se como manejarlo,feliz
hoy me siento muy desconectado de todo y de todos y me cuesta aceptarlo,triste
en serio hablaron de algo que yo no sabia y me senti excluido y nadie lo entiende,triste
hoy me siento muy lejos de todos,triste
es que eso me pone muy furioso parce y no se que hacer,enojo
lo que pasa es que me aceptaron en la universidad pero no digo nada,feliz
la verdad me citaron para hablar y no se de que sinceramente,miedo
ultimamente me da ansiedad publicar algo y que lo juzguen y no es facil,miedo
en serio me da ansiedad publicar algo y que lo juzguen bro,miedo
en serio me gane una chamba buenisima de verdad,feliz
te cuento que mi mejor amigo se fue a vivir lejos la verdad,triste
en serio me mandaron buenas noticias por whatsapp y no se que hacer,feliz
de verdad me siento muy decaido en este momento y quisiera que no fuera así,triste
te cuento que me dieron la visa y nadie lo sabe,feliz
en serio estoy cansado de aparentar que todo esta bien y me tiene pensando mucho,triste
mira mi mejor amigo se fue para otro pais,triste
fijate que me tiene muy cansado esta gente,enojo
mira logre ahorrar lo que necesitaba,feliz
en serio me da miedo ir al medico y no puedo evitarlo,miedo
es que estoy cansado de aparentar que todo esta bien,triste
fijate que siento que a nadie le importo y no se que hacer,triste
la verdad tengo miedo de que me rechacen si digo lo que pienso pero bueno,miedo
es que me puse muy feliz con eso parce y no es facil,feliz
te digo que estoy muy bajoneado sin poder levantarme y quisiera que no fuera así,triste
ahora mismo todo salio excelente todo el tiempo,feliz
mira compre mi primera casa,feliz
realmente todo esta empeorando ultimamente,triste
te digo que no me reconozco ultimamente y me afecta,triste
mira siento que el tiempo se me acaba y no he hecho nada y no se que hacer,miedo
me tienen muy hastiado con lo mismo y no es facil,enojo
lo que pasa es que minimizaron lo que sentia,enojo
me mintió,enojo
ultimamente me pone ansioso salir de casa y es agotador,miedo
es que me hicieron fila tres horas y no me atendieron,enojo
sinceramente me da ira tu actitud,enojo
hoy siento mucha presion en este momento,miedo
parce no alcance el cupo en la universidad publica,triste
en serio me llegó una carta del juzgado y no se que es pero bueno,miedo
oye me tiene completamente harto y me tiene mal,enojo
te cuento que mi familia se fue a vivir lejos y me siento solo de verdad,triste
en serio estoy muy cansado de lucharla solo pero bueno,triste
en serio entregue el proyecto a tiempo pero necesitaba decirlo,feliz
la verdad es que me alegra que todo haya salido bien y no lo puedo creer,feliz
hoy me copiaron el trabajo y lo publicaron como propio y me cuesta mucho,enojo
la verdad siento que perdi una etapa de mi vida,triste
en este momento me siento decepcionado ultimamente,triste
te cuento que me escribio la persona que me gusta y no puedo evitarlo,feliz
te cuento que nadie me escucha y necesito que alguien me entienda,triste
para serte honesto me da terror enfrentar esto solo pero no digo nada,miedo
vieja me preocupa no poder pagar el arriendo el otro mes hermano,miedo
hoy no se que va a pasar y no puedo dormir,miedo
tengo miedo de embarrarla con esa decision de verdad,miedo
hoy me hicieron esperar demasiado y necesito que alguien me entienda,enojo
hoy me senti muy bien conmigo mismo y me afecta,feliz
ahora mismo todo esta mejorando en este momento,feliz
fijate que me dieron acceso a la oportunidad que queria,feliz
es que estoy que no me la creo pero bueno,feliz
hoy quiero estar solo en este momento,triste
es que mi equipo gano hoy y estoy feliz,feliz
te cuento que mi abuela ya no esta la verdad,triste
te cuento que siento que todo el mundo sigue y yo me quede quieto y nadie lo sabe,triste
lo que pasa es que no duermo de la preocupacion,miedo
hoy todo me irrita desde hace dias,enojo
honestamente no te soporto mas y no lo entiendo,enojo
sinceramente no tenemos para el arriendo este mes y me cuesta mucho,triste
mira me citaron a declarar y estoy muy nervioso y eso me duele,miedo
no se hoy me senti muy bien conmigo mismo y no es facil,feliz
fijate que tengo miedo de tomar una decision y que salga mal y no puedo evitarlo,miedo
en serio por fin lo logre,feliz
me fui de viaje de verdad,feliz
realmente no aguanto mas y no se que hacer,enojo
vieja me tocó madrugar y no dormí nada y encima salio mal y no puedo evitarlo,triste
realmente todo esta empeorando esta semana,triste
me da terror enfrentar esto solo pero no digo nada,miedo
que dia tan maravilloso fue hoy y estoy muy agradecido,feliz
lo que pasa es que me da terror que noten que estoy nervioso y no puedo evitarlo,miedo
en serio mi jefe quedo contento con mi trabajo y me tiene agotado,feliz
en serio me mintieron descaradamente en la cara pero bueno,enojo
oye que mal comportamiento tienes y no lo voy a tolerar,enojo
que impotencia siento ahora sin excusas,enojo
no se siento que finjo estar bien tan seguido que ya ni se de verdad,triste
me mencionaron en algo que me puso en ridiculo,enojo
hoy compre mi primera casa la verdad,feliz
ultimamente estoy rodeado de gente y me siento solo y no lo puedo ocultar,triste
lo que pasa es que ya no esta la persona que queria y no lo puedo ocultar,triste
hoy me tiene muy irritado todo lo que esta pasando,enojo
te digo que que buena noticia para empezar el dia y estoy muy agradecido,feliz
sinceramente vi algo que me dejo muy intranquilo y me tiene mal,miedo
termine la semana sin ningun problema y eso me tiene mal,feliz
siento una angustia muy grande ahora y no puedo calmarlo,miedo
es que mi familia se fue a vivir lejos y me siento solo y me cuesta mucho,triste
mi familia se fue a vivir lejos y me siento solo y me tiene mal,triste
hoy mi equipo gano hoy y estoy feliz,feliz
lo que pasa es que me tiene completamente harto la verdad,enojo
no te miento logre lo que queria y no lo puedo ocultar,feliz
la verdad tengo miedo de llegar a cierta edad sin haber logrado nada y me cuesta aceptarlo,miedo
no te miento siento que algo se rompio dentro de mi y me afecta mucho,triste
es que me da susto pedir el favor porque me da pena la verdad,miedo
parce hoy fue un dia muy chévere y eso me duele,feliz
es que estoy muy emocionado con lo que viene,feliz
tengo miedo de que me quiten el trabajo la verdad,miedo
sinceramente me hablaron muy feo sin ninguna razon y no es facil,enojo
la verdad me canse de esperar que las cosas cambien solas pero bueno,triste
te cuento que nadie me dio una respuesta clara,enojo
te digo que no se que quiero hacer con mi vida men,miedo
tengo mucho miedo de lo desconocido y eso me preocupa mucho,miedo
sinceramente me siento motivado con todo lo que paso,feliz
te cuento que me fue bien en el icfes,feliz
ahora mismo me interrumpieron cada vez que hable sinceramente,enojo
la verdad me angustia saber que todo queda guardado en internet men,miedo
fijate que alguien me entendio sin que yo explicara mucho y me tiene agotado,feliz
desde hace dias me pone ansioso salir de casa,miedo
me da mucha pena decirle eso a la gente y eso me duele,miedo
hoy estoy agradecido por todo,feliz
te digo que me aterra la idea de perder todo y eso me preocupa mucho,miedo
la verdad no se para donde voy y eso me asusta y me pone triste men,triste
te cuento que mi equipo gano hoy y estoy feliz y me tiene mal,feliz
para serte honesto me dejo de seguir en redes sociales y no es facil admitirlo,triste
hoy no entiendo nada y me da verguenza preguntar y nadie lo entiende,triste
sinceramente me da panico equivocarme y que no me perdonen pero necesitaba decirlo,miedo
me siento muy lejos de todos,triste
me siento horrible hoy en este momento,triste
me pusieron a hacer el trabajo de todos de verdad,enojo
no te miento siento que estoy de mas,triste
desde hace dias no supe leer la situacion y meti la pata y nadie lo entiende,triste
lo que pasa es que siento que algo muy importante se perdio y no lo puedo superar,triste
ultimamente todo me genera ansiedad y no se que hacer,miedo
es que mi abuelo ya no esta y no se que hacer,triste
lo que es cierto es que me siento muy bien emocionalmente,feliz
realmente todo me pone mal otra vez,triste
la verdad es que no voy a permitir que me hagas eso,enojo
me da pena decirlo pero tengo panico de decir algo y que lo malinterpreten y trato de disimularlo,miedo
me siento decepcionado y no se que hacer,triste
ahora mismo me siento destruido y no se que hacer,triste
te cuento que siento que el tiempo paso y yo no hice nada pero necesitaba decirlo,triste
siento una pena muy grande por eso de verdad,triste
te digo que tengo miedo de equivocarme y arrepentirme despues de verdad,miedo
en este momento hoy fue un gran dia esta semana,feliz
siento una tristeza que no me abandona,triste
la verdad es que estoy muy feliz con los resultados y es lo mejor que me paso,feliz
no te miento me da terror mostrarme como soy de verdad y no se que hacer,miedo
para serte honesto me respondio el mensaje que esperaba y no lo digo seguido,feliz
fijate que alguien noto que estaba bien y me lo dijo y me tiene agotado,feliz
lo que pasa es que me da miedo ir al medico otra vez,miedo
la verdad me bloquearon sin darme ninguna explicacion men,enojo
te juro que siento que no soy tan inteligente como los demas y no se que hacer,triste
sinceramente me toco vender el carro que tanto queria,triste
en este momento me siento motivado en este momento,feliz
de verdad estoy muy agradecido por todo sin duda,feliz
es que siempre me pasa lo mismo con las mismas personas pero ya no puedo mas,enojo
sinceramente logre cerrar el trato que necesitaba pero necesitaba decirlo,feliz
ultimamente hoy descanse bien por primera vez en mucho tiempo y ya,feliz
ultimamente tengo miedo de que mi respuesta suene agresiva y no se como manejarlo,miedo
oye me tiene muy enojado esa situacion pero bueno,enojo
en serio me tiene muy cansado esta gente y ya,enojo
hoy me dejaron,triste
es que quede encantado con como salio todo,feliz
ultimamente estoy realmente indignado todo el tiempo,enojo
la verdad me hablaron muy feo sin ninguna razon,enojo
alguien noto que estaba bien y me lo dijo y me cuesta mucho,feliz
hoy tengo miedo de que me vaya mal en las parciales,miedo
en serio estoy muy triste y no quiero nada,triste
ahora mismo cambio su estado y supe que era por mi y trato de disimularlo,triste
me hicieron sentir que molestaba y me tiene mal,enojo
la verdad es que siento un miedo terrible ahora mismo de verdad,miedo
es que me pone muy nervioso tener que dar explicaciones parce,miedo
ultimamente me da miedo que graben algo mio sin permiso de verdad,miedo
tengo miedo de no poder manejar esto,miedo
para serte honesto me cobraron de mas sin avisar y ya,enojo
sinceramente siento mucha presion esta semana,miedo
ultimamente me siento vacio por todo lo que paso,triste
no se siento que no soy suficiente la verdad,triste
hoy el profesor me humillo frente a todos de verdad,triste
te cuento que me dejaron esperando sin explicacion y me tiene mal,enojo
la verdad eso me pone muy furioso parce hermano,enojo
la verdad me asusta mucho lo que esta pasando en el barrio y me tiene mal,miedo
lo que pasa es que me duele mucho lo que me dijeron,triste
te cuento que me cayo del cielo esa noticia y nadie lo sabe,feliz
fijate que termine todo lo que tenia pendiente y nadie lo entiende,feliz
la verdad es que estoy muy triste con el resultado y no lo puedo superar,triste
sinceramente todo esta saliendo bien ultimamente,feliz
es que me interrumpieron todo el tiempo y es agotador,enojo
lo que pasa es que no puedo creer tanta irresponsabilidad sin excusas,enojo
te juro que me tienes cansado con eso,enojo
parce me encontre con un amigo que no veia hace tiempo y ya,feliz
fijate que me da susto pedir el favor porque me da pena y ya,miedo
para serte honesto me cobraron de mas sin avisar y es agotador,enojo
te cuento que me mintieron descaradamente en la cara,enojo
no te miento me rechazaron y duela mucho todo el tiempo,triste
termine de pagar mi deuda pero necesitaba decirlo,feliz
oye extraño mucho a las personas que ya no estan y ya,triste
todo tiene sentido ahora y me tiene mal,feliz
sinceramente hoy me senti muy bien conmigo mismo y me tiene pensando mucho,feliz
la verdad es que me pusieron en evidencia en un grupo y no es facil admitirlo,enojo
mira me dicen que deberia estar agradecido por poco,enojo
hoy todo esta mejorando desde hace dias,feliz
fijate que estoy muy nervioso con esa vuelta de verdad,miedo
realmente esto arruino mi dia otra vez,enojo
me tiene muy intranquilo todo esto y me tiene mal,miedo
te juro que siempre me pasa lo mismo con las mismas personas y me pesa cargarlo solo,enojo
la verdad siento que estoy decepcionando a todos de verdad,triste
ultimamente ya no aguanto mas esa situacion y me tiene pensando mucho,enojo
realmente odio esta situacion ultimamente,enojo
es que no se si actue bien y eso no me deja tranquilo,miedo
la verdad no alcance el cupo en la universidad publica,triste
ahora mismo cambio su estado y supe que era por mi y nadie lo entiende,triste
vieja me tiene muy intranquilo todo esto y no se que hacer,miedo
me tienen muy mamado con esa vuelta y me tiene mal,enojo
ultimamente me siento motivado otra vez,feliz
siento que algo está a punto de cambiar y no sé si estoy preparado,miedo
es que alguien me entendio sin que yo explicara mucho y no se que hacer,feliz
me dejo en visto y no respondio y me cuesta mucho,triste
ahora mismo me da terror decepcionar a alguien que confio en mi y me pesa cargarlo solo,miedo
desde hace dias no entiendo nada y me da verguenza preguntar,triste
te juro que me parece increible tu actitud y ya me canse,enojo
de verdad que buena suerte la mia hoy y estoy muy agradecido,feliz
mira me citaron a declarar y estoy muy nervioso y no es facil,miedo
hoy hoy no tuve que fingir que estaba bien,feliz
de verdad me siento muy bien emocionalmente y es lo mejor que me paso,feliz
no te miento hoy fue un parche buenisimo y me tiene mal,feliz
lo que pasa es que tengo miedo de que me rechacen si digo lo que pienso y me tiene agotado,miedo
no te miento me cuesta aceptar que eso ya termino y me afecta,triste
en serio estoy muy contento con mi progreso y estoy muy contento,feliz
en este momento estoy demasiado cansado todo el tiempo,triste
vieja me fue bien en el icfes y no puedo evitarlo,feliz
desde hace dias tengo miedo de haber arruinado algo sin saberlo y eso me tiene mal,miedo
no te miento me hablaron muy mal y no puedo evitarlo,enojo
hoy tengo miedo de haber arruinado algo sin saberlo y nadie lo entiende,miedo
no te miento me tiene muy cansado esta gente y eso me duele,enojo
ultimamente tengo miedo de fallar y no se que hacer,miedo
hoy estoy con el animo muy por el piso hermano,triste
fijate que tengo miedo de que se den cuenta que no entiendo y no se como manejarlo,miedo
en serio me gane una chamba buenisima y no puedo evitarlo,feliz
siento que fracase sinceramente,triste
todo lo que construi se cayo y me afecta mucho,triste
desde hace dias el profesor me humillo frente a todos y no puedo evitarlo,triste
hoy me paralizo cuando tengo que decidir pero no digo nada,miedo
no te miento mi pareja me sorprendio y me afecta mucho,feliz
es que me hablaron muy feo sin ninguna razon y me tiene mal,enojo
lo que pasa es que siento que cargue solo con todo de verdad,triste
hoy me tiene muy cansado esta gente parce,enojo
ahora mismo sonrei todo el tiempo pero por dentro lloraba y nadie lo entiende,triste
en serio mi grupo hizo el trabajo sin contar conmigo y no se como manejarlo,triste
lo que pasa es que hoy no tengo que trabajar y ya,feliz
te juro que me contactaron por mi trabajo y quede feliz y no se que hacer,feliz
oye me dijeron que exageraba y no se como manejarlo,enojo
desde hace dias me enfurece que actuen asi y no se que hacer,enojo
lo que pasa es que no es la primera vez y eso me tiene agotado y me pesa cargarlo solo,enojo
honestamente eres un desconsiderado,enojo
sabes que estoy muy feliz y emocionado y es lo mejor que me paso,feliz
sinceramente me siento muy lejos de ser feliz pero no digo nada,triste
de verdad me produce mucho enojo esto,enojo
fijate que perdi algo muy importante sinceramente,triste
ya no tengo energia para nada de lo que antes me gustaba y me cuesta aceptarlo,triste
mira me da pena hablar en publico y manana me toca,miedo
me dejo en visto y no respondio y trato de disimularlo,triste
me pidieron que fuera a recursos humanos la verdad,miedo
fijate que sali del pais por primera vez,feliz
no pude ir a la graduacion pero bueno,triste
hermano tengo miedo de decir algo y que lo tomen mal,miedo
te juro que me dejo de seguir en redes sociales y no puedo evitarlo,triste
en serio estoy muy contento con lo que paso y es lo mejor que me paso,feliz
la verdad me dejaron pero necesitaba decirlo,triste
para serte honesto tengo una entrevista y me muero del susto y es agotador,miedo
es que no me reconozco ultimamente y no es facil,triste
sinceramente me pusieron obstaculos que no tenian sentido sinceramente,enojo
fijate que me paraliza no saber cual es el camino correcto,miedo
me preocupa el futuro en este momento,miedo
es que las cosas ya no son como antes la verdad,triste
sinceramente hoy no tuve que madrugar y lo disfrute y me cuesta aceptarlo,feliz
parce me siento re bien y ya,feliz
definitivamente no tengo ganas de nada desde hace dias,triste
me tiene muy irritado todo esto parce,enojo
es que me da panico equivocarme y que no me perdonen y no se que hacer,miedo
realmente nada tiene sentido por todo lo que paso,triste
hoy publicaron algo mio sin pedirme permiso y no puedo evitarlo,enojo
no te miento me citaron para hablar y no se de que,miedo
sinceramente siento que cargo con demasiado para mi edad y me cuesta aceptarlo,triste
que buen resultado tuvimos hoy y estoy muy contento,feliz
te cuento que hoy fue un dia muy chévere y no se que hacer,feliz
lo que pasa es que estoy muy apenado con lo que resulto de verdad,triste
en este momento no soporto esta situacion en este momento,enojo
sinceramente me asusta pensar en el futuro y necesito que alguien me entienda,miedo
se aprovecharon de la buena fe mia,enojo
definitivamente hoy fue un gran dia desde hace dias,feliz
quiero estar solo en este momento,triste
en serio me respondieron con mala actitud sin razon y me pesa cargarlo solo,enojo
la verdad siento que se me acaba el tiempo sinceramente,miedo
es que hoy no tengo que trabajar de verdad,feliz
te digo que no puedo creer que hayan hecho eso,enojo
mira me hicieron sentir especial todo el tiempo,feliz
mira eres una persona muy egoista y me parece muy mal,enojo
es que no puedo con esta rabia que siento de verdad,enojo
nacio mi hija,feliz
hoy me siento derrotado,triste
fijate que no entendi el tono del mensaje y me confundi y nadie lo entiende,triste
te digo que estoy muy preocupado y con miedo,miedo
la verdad pague y no me dieron lo que ofrecieron,enojo
ahora mismo todo salio excelente desde hace dias,feliz
de verdad estoy muy contento con el resultado,feliz
hoy me pusieron a hacer el trabajo de todos parce,enojo
es que todo tiene sentido ahora y no lo puedo ocultar,feliz
en serio no voy a tolerar esto mas y necesito que alguien me entienda,enojo
fijate que me mintieron descaradamente en la cara y no es facil,enojo
la verdad me siento solo aunque este rodeado de gente la verdad,triste
estoy muy asustado con las noticias y me tiene muy nervioso,miedo
hoy me cobraron de mas sin avisar y no se que hacer,enojo
fijate que me aterra quedar mal frente a todos de verdad,miedo
en serio me da ansiedad cuando hay silencio en la conversacion y quisiera que alguien me ayudara,miedo
hoy todo el mundo esta en planes y yo solo en casa la verdad,triste
fijate que siento que no encajo en ningún lado todo el tiempo,triste
es que me dieron una sorpresa muy bonita hoy y me cuesta mucho,feliz
mira no tolero que me trates asi y eso no esta bien,enojo
es que vi que estaba en linea pero no me respondio y me pesa cargarlo solo,triste
ultimamente no tengo ganas de nada otra vez,triste
fijate que me pusieron en evidencia en un grupo de verdad,enojo
hoy cambiaron las reglas sin avisarme y no se como manejarlo,enojo
mira me dejaron plantado y ni se disculparon pero bueno,enojo
la verdad me dieron una sorpresa muy bonita hoy,feliz
fijate que no puedo mas con tanto y es agotador,triste
tengo miedo de que todo cambie y me tiene mal,miedo
no te miento nadie noto que algo me pasaba y no puedo evitarlo,triste
desde hace dias me hicieron sentir especial y no puedo evitarlo,feliz
te cuento que me dejaron sinceramente,triste
definitivamente me siento excelente hoy en este momento,feliz
la verdad es que me fue bien en la sustentacion y no se que hacer,feliz
no te miento estoy muy ido hoy no se que me pasa la verdad,triste
de verdad no puedo con esta rabia que siento en serio,enojo
ultimamente tengo miedo de tomar la decision equivocada y no se que hacer,miedo
desde ayer todo me hace enojar todo el tiempo,enojo
te cuento que me hicieron firmar algo que no entendi la verdad,enojo
oye entregue el proyecto a tiempo de verdad,feliz
ultimamente no se si estoy listo para esto todo el tiempo,miedo
lo que pasa es que por fin lo logre,feliz
es que hicieron como si yo no existiera en la reunion de verdad,enojo
para serte honesto me toco el dia libre todo el tiempo,feliz
desde hace dias ya no aguanto esta situacion,enojo
mira eso me pone muy furioso parce y me cuesta mucho,enojo
lo que pasa es que me siento muy mal por todo lo vivido y no se como seguir,triste
hoy fallecio alguien cercano la verdad,triste
me salio todo bien y no me lo esperaba bro,feliz
no te miento prometieron y no cumplieron pero no digo nada,enojo
en este momento me siento muy feliz por todo lo que paso,feliz
fijate que me da ansiedad conocer gente nueva y no puedo evitarlo,miedo
sabes que me siento muy contento con todo y estoy muy contento,feliz
la verdad el transporte salio tardisimo y llegue tarde por eso,enojo
nadie me dio una respuesta clara,enojo
la verdad no se si lo que estoy haciendo es lo correcto y nadie lo entiende,miedo
ahora mismo me siento horrible y me duele mucho,triste
te juro que pase el semestre sin perder nada y me cuesta mucho,feliz
realmente me siento motivado por todo lo que paso,feliz
no tengo plan b si esto falla y me tiene mal,miedo
sinceramente no entiendo tu actitud para nada y me parece muy mal,enojo
men me angustia no saber si estoy en el camino correcto y no es facil,miedo
mira me usaron cuando les convenia y despues nada hermano,enojo
parce estoy muy bravo con lo que paso,enojo
sinceramente me fui de viaje,feliz
te cuento que termine mi tesis y nadie lo sabe,feliz
no puedo creer que siento una rabia que no te imaginas y no lo entiendo,enojo
me siento muy solo en este momento,triste
desde ayer me siento furioso,enojo
hoy estoy muy contento con lo logrado y no lo puedo creer,feliz
sinceramente nadie me escucha y es agotador,triste
fijate que me da pena que se den cuenta que no entendi y eso me duele,miedo
te cuento que el transporte salio tardisimo y llegue tarde por eso y me cuesta mucho,enojo
no pude ir a la graduacion la verdad,triste
fijate que todo tiene sentido ahora y ya,feliz
perdi mi negocio y no se como seguir de verdad,triste
en serio me tiene harto que siempre pase lo mismo y ya,enojo
en serio tengo panico de que me pregunten algo frente a todos y no puedo evitarlo,miedo
la verdad es que me aterra pensar en lo que puede ocurrir,miedo
la verdad es que eres increiblemente irresponsable y ya me canse,enojo
siento panico cada vez que pienso en eso,miedo
estoy muy triste y sin animo de nada y quisiera que no fuera así,triste
en serio tengo miedo de que me rechacen si digo lo que pienso y no se como manejarlo,miedo
realmente siento demasiado temor ultimamente,miedo
mira me robaron el celular y estoy muy mal y no es facil,triste
me da pena decirlo pero tengo miedo de que se den cuenta que no entiendo y eso me tiene mal,miedo
oye me angustia no saber como interpretar eso y me pesa cargarlo solo,miedo
de verdad no puedo creer que hayas hecho eso,enojo
hoy me siento muy lejos de todos de verdad,triste
no te miento por fin termine el proyecto y no lo puedo ocultar,feliz
mira me independice por fin de verdad,feliz
te digo que estoy muy nervioso por lo que puede pasar y no puedo calmarlo,miedo
hoy me llego un paquete que habia pedido la verdad,feliz
sinceramente me siento derrotado desde hace dias,triste
para serte honesto me saca de quicio todo esto otra vez,enojo
no te miento tengo miedo de tomar la decision equivocada todo el tiempo,miedo
definitivamente no se que va a pasar en este momento,miedo
siento una tristeza que no puedo superar de verdad,triste
hoy estoy disfrutando mucho y me afecta mucho,feliz
ultimamente hoy fue maravilloso y no se que hacer,feliz
me da pena decirlo pero minimizaron lo que sentia y no se que hacer,enojo
es que mi familia se fue a vivir lejos y me siento solo y ya,triste
es que dije algo que no quise decir y no se como explicarlo y no se como manejarlo,triste
te juro que me eliminaron del grupo sin decir nada y nadie lo entiende,enojo
es que me aterra quedar mal frente a todos y no puedo evitarlo,miedo
tengo temor de que todo salga mal y no puedo calmarlo,miedo
mira no me merecia este trato todo el tiempo,enojo
parce quede muy contento con el resultado,feliz
mira lo que paso cambiaron las reglas sin avisarme y no puedo evitarlo,enojo
no alcance el cupo en la universidad publica y eso me duele,triste
mira me da mucha rabia lo que hiciste,enojo
me usaron cuando les convenia y despues nada de verdad,enojo
te cuento que me tienen muy hastiado con lo mismo y no puedo evitarlo,enojo
fijate que no pude ir a la graduacion y me tiene mal,triste
fijate que me trataron como si yo fuera el problema,enojo
sinceramente no estudie suficiente para esto,miedo
hoy no supe leer la situacion y meti la pata y no puedo evitarlo,triste
ultimamente me siento excelente hoy,feliz
te digo que tengo ansiedad de pensar en todo lo que falta y ya,miedo
nacio mi hija y no se que hacer,feliz
no puedo evitar que me asusta pensar en las consecuencias y me tiene muy nervioso,miedo
la verdad es que estoy muy contento con el resultado en serio,feliz
desde hace dias hablaron de algo que yo no sabia y me senti excluido y no se como manejarlo,triste
ultimamente cambiaron las reglas sin avisarme,enojo
vieja me tiene muy intranquilo todo esto y me cuesta mucho,miedo
ultimamente me siento sin energia otra vez,triste
hoy descanse bien por primera vez en mucho tiempo,feliz
hoy siento que el miedo no me deja avanzar y eso me pesa,miedo
mi familia estuvo muy unida hoy y me tiene mal,feliz
la verdad es que me asusta mucho la incertidumbre,miedo
ahora mismo todo esta empeorando,triste
fijate que hicimos sancocho en familia y fue muy rico y ya,feliz
en serio me exigen resultados sin darme las herramientas,enojo
ahora mismo me siento horrible por todo lo que paso,triste
no te miento me prometieron el trabajo y al final le dieron a otro,enojo
te juro que eres un irresponsable total sin excusas,enojo
ahora mismo ya no quiero esforzarme y no se que hacer,triste
hoy siento que finjo estar bien tan seguido que ya ni se y no es facil,triste
hoy me echaron la culpa de algo que hizo otro,enojo
en este momento estoy cansado mentalmente desde hace dias,triste
te juro que hoy el clima estuvo perfecto,feliz
mira me indigna tu forma de actuar,enojo
la verdad tengo miedo de que me vaya mal en las parciales pero bueno,miedo
mira lo que paso me mandaron audio de voz gritando y no se que hacer,enojo
tengo panico de no salir de esto y no puedo calmarlo,miedo
mira tengo miedo de que me rechacen si digo lo que pienso,miedo
no me puedo quitar esa preocupacion de encima y eso me duele,miedo
desde ayer odio esta situacion por todo lo que paso,enojo
la verdad es que estoy muy nervioso y no puedo calmarme y me tiene muy nervioso,miedo
ultimamente me tratan diferente y no entienden por que me molesta y no se como manejarlo,enojo
en este momento tengo miedo de hablar y no se que hacer,miedo
saque mi licencia de conducir y ya,feliz
es que no me puedo sacar esta sensacion de encima y ya,miedo
fijate que hoy fue exactamente lo que necesitaba y me cuesta aceptarlo,feliz
la verdad mi mejor amigo se fue para otro pais y ya,triste
ahora mismo me pusieron el visto y luego respondieron bien y eso me tiene mal,feliz
vieja hoy fue un dia muy chévere y ya,feliz
me subieron el sueldo y nadie lo entiende,feliz
hoy me salio el cupo en el sena,feliz
oye me hablaron muy mal y necesito que alguien me entienda,enojo
en serio tengo panico de fallar cuando todos confian en mi la verdad,miedo
me embargaron la cuenta y no entiendo por que,miedo
oye no me puedo sacar esta sensacion de encima pero necesitaba decirlo,miedo
mira el medico me dijo que necesita hablar conmigo de verdad,miedo
oye me produce rabia pensar en lo que hiciste y no lo entiendo,enojo
oye estoy muy bacano con la noticia y nadie lo sabe,feliz
me siento incomodo con esto ultimamente,miedo
la verdad me dieron el trabajo que queria y no se que hacer,feliz
fijate que tengo panico de que me pregunten algo en clase,miedo
desde hace dias abusaron de mi confianza otra vez,enojo
oye me angustia saber que todo queda guardado en internet y me cuesta aceptarlo,miedo
para serte honesto me dijeron que exageraba,enojo
en serio estoy muy triste por la noticia y quisiera que no fuera así,triste
te juro que que mal comportamiento tienes sin excusas,enojo
no se como decirlo sin que se enojen y nadie lo entiende,miedo
la verdad me descuentan del sueldo cosas que no firmé pero bueno,enojo
la verdad me siento orgulloso de donde estoy y no puedo evitarlo,feliz
mira me tienes agotado con tus cosas de verdad,enojo
sinceramente me mintieron en mi cara pero no digo nada,enojo
hoy fue un parche buenisimo parce,feliz
me echaron sin explicacion,triste
oye me dieron la nota que esperaba sinceramente,feliz
mira lo que paso tengo miedo de ver lo que me respondieron y quisiera que alguien me ayudara,miedo
fijate que logre ahorrar lo que necesitaba sinceramente,feliz
ahora mismo me eliminó de sus contactos sin decir nada y quisiera que alguien me ayudara,triste
la verdad me hicieron fila tres horas y no me atendieron y nadie lo sabe,enojo
oye me dejo mi novio y estoy muy mal y me tiene mal,triste
fijate que me dieron el trabajo que queria y me afecta,feliz
realmente siento demasiado temor esta semana,miedo
la verdad es que estoy muy decaido y sin fuerzas y quisiera que no fuera así,triste
que alegria tan grande siento y estoy muy contento,feliz
la verdad hoy me senti muy a gusto con todo hermano,feliz
mira estas actuando muy mal y me parece muy mal,enojo
me dijeron que exageraba de verdad,enojo
de verdad estoy muy bajoneado con la noticia y me duele mucho,triste
no me toman en serio por mi edad y ya,enojo
fijate que siento que el miedo no me deja avanzar y ya,miedo
en serio no se si estan enojados conmigo o es mi imaginacion sinceramente,miedo
mira lo que paso me excluyeron de la decision sin explicacion y nadie lo entiende,enojo
es que siento una inquietud que no me deja tranquilo,miedo
hermano estoy con una nota hoy y ya,feliz
hermano me cayo muy bien esa persona y no es facil,feliz
realmente que problema tan absurdo desde hace dias,enojo
te cuento que ya no hablo con mi parcero de toda la vida de verdad,triste
mira lo que paso tengo miedo de que mi respuesta suene agresiva y trato de disimularlo,miedo
siento una melancolia muy grande ahora y me duele mucho,triste
es que me tiene con los nervios destrozados,miedo
desde hace dias mi grupo de trabajo funciono muy bien y no es facil admitirlo,feliz
parce me llamaron para el trabajo en medellin pero bueno,feliz
no se si contarte pero me respondio el mensaje que esperaba,feliz
hoy me puse muy feliz con eso parce y ya,feliz
fijate que tengo miedo de decir algo y que lo tomen mal parce,miedo
no te miento tengo miedo de decir algo y que lo tomen mal de verdad,miedo
me dieron el trabajo que queria de verdad,feliz
sinceramente siento que finjo estar bien tan seguido que ya ni se y nadie lo entiende,triste
la verdad es que no supe como responder y ahora me arrepiento y no se que hacer,triste
la verdad siento que algo esta pasando y nadie me dice que de verdad,miedo
definitivamente todo me hace enojar esta semana,enojo
te cuento que no me puedo quitar esa preocupacion de encima y ya,miedo
es que me dieron la beca de la universidad publica y me cuesta mucho,feliz
la verdad es que me da ira tu actitud y no lo entiendo,enojo
oye siento que el tiempo paso y yo no hice nada de verdad,triste
ahora mismo todo salio perfecto y no se que hacer,feliz
ya no quiero hablar esta semana,triste
te juro que que irresponsable eres con todo sin excusas,enojo
te juro que me escribieron solo para reclamarme y quisiera que alguien me ayudara,enojo
mira ya no tengo fuerzas para nada y no puedo evitarlo,triste
sinceramente me tienen muy mamado con esa vuelta,enojo
la verdad es que que alegria tan grande la mia,feliz
te juro que tengo miedo de que no me entiendan de verdad,miedo
hoy me siento destruido en este momento,triste
mira me siento muy vacio aunque tenga cosas que hacer,triste
definitivamente estoy muy contento de verdad,feliz
mira me toco vender el carro que tanto queria,triste
la verdad ya no aguanto mas esa situacion la verdad,enojo
sinceramente me tienen harto con esto y me afecta mucho,enojo
hoy me cuesta aceptar que eso ya termino y no puedo evitarlo,triste
tengo panico de que me pregunten algo en clase parce,miedo
lo que pasa es que manana tengo una prueba importante y estoy nervioso y necesito que alguien me entienda,miedo
que situacion tan frustrante esta y no lo voy a tolerar,enojo
me siento muy triste y sin motivacion y no lo puedo superar,triste
me duele mucho esto,triste
me da pena decirlo pero nadie me eligio para su equipo y no puedo evitarlo,triste
la verdad extraño como era todo antes,triste
te juro que siento que el tiempo se me acaba y no he hecho nada,miedo
en serio me duele mucho haber fallado en eso,triste
la verdad me siento en paz y no lo puedo ocultar,feliz
ultimamente me pusieron en evidencia en un grupo y me pesa cargarlo solo,enojo
estoy muy triste con la situacion actual y quisiera que no fuera así,triste
no te miento me dejo de seguir en redes sociales y no se como manejarlo,triste
por fin me salio el pasaporte y ya,feliz
mira lo que paso siento que no le importo a nadie de verdad pero ya no puedo mas,triste
me tiene muy irritado todo lo que esta pasando y ya,enojo
de verdad que bonito momento vivimos hoy y estoy muy agradecido,feliz
fijate que me saco del grupo sin razon y quisiera que alguien me ayudara,triste
me da mucho miedo no estar listo y me tiene muy nervioso,miedo
hoy subi una foto y me arrepenti de haberla subido,triste
mira me da pavor equivocarme y no lo puedo ocultar,miedo
es que mi abuela ya no esta y me tiene mal,triste
necesitamos hablar,miedo
te digo que estoy muy nervioso de cara a lo que viene de verdad,miedo
oye tengo un presentimiento muy malo y me tiene mal,miedo
te digo que me salio la receta que estaba intentando y me cuesta aceptarlo,feliz
oye me toco irme del barrio que queria y eso me duele,triste
desde ayer tengo mucho miedo por todo lo que paso,miedo
fijate que no se si voy a poder con lo que viene y nadie lo sabe,miedo
te cuento que estoy al limite de mi paciencia pero no digo nada,enojo
en serio estoy con el animo muy por el piso y me tiene mal,triste
lo que pasa es que mi familia esta bien y no lo puedo ocultar,feliz
no puedo creer que siento una rabia que no te imaginas y me parece muy mal,enojo
me da susto pedir el favor porque me da pena de verdad,miedo
me siento decepcionado y me afecta mucho,triste
oye me aprobo el credito el banco y nadie lo sabe,feliz
la verdad nada me salio bien hoy y me tiene mal,enojo
la verdad dijeron mentiras sobre mi en redes,enojo
ultimamente me siento motivado y me encanta,feliz
me case hoy y no puedo evitarlo,feliz
lo que pasa es que estoy muy decaido y no quiero hablar,triste
oye no puedo soportar esta situacion y eso no esta bien,enojo
ultimamente me graduo este mes y eso me pesa,feliz
lo que es cierto es que estoy muy contento con el resultado y estoy muy agradecido,feliz
no te miento hoy fue un parche buenisimo de verdad,feliz
ultimamente no aguanto mas y me afecta mucho,enojo
oye no se que va a pasar con mi vida otra vez,miedo
lo que pasa es que logre cerrar el trato que necesitaba sinceramente,feliz
lo que pasa es que siento una pena muy honda en mi,triste
fijate que me tiene muy desanimado todo esto y eso me duele,triste
es que me da muy duro enfrentar esa conversacion y me tiene mal,miedo
no se me salio la receta que estaba intentando y me cuesta aceptarlo,feliz
en serio hoy fue exactamente lo que necesitaba bro,feliz
sinceramente me duele mucho saber que ya no esta y no se como seguir,triste
sinceramente me siento nervioso en este momento,miedo
hermano perdi mi negocio y no se como seguir de verdad,triste
hoy ya no quiero hablar de eso porque nadie entiende la verdad,triste
en serio estoy muy apenado y no se que decir y no lo puedo superar,triste
mira se aprovecharon de que no sabia,enojo
me llamaron de la empresa y no dijeron para que y no puedo evitarlo,miedo
la verdad es que me da mucho miedo estar solo en esto y eso me preocupa mucho,miedo
fijate que me tiene muy apagado esta situacion,triste
mira me siento muy solo en esta ciudad y me cuesta mucho,triste
estoy muy angustiado con las noticias de hoy y no puedo calmarlo,miedo
realmente tengo mucho miedo todo el tiempo,miedo
siento que perdi una etapa de mi vida la verdad,triste
sinceramente que caradureza la tuya y no lo voy a tolerar,enojo
hoy todo me afecta demasiado esta semana,triste
fijate que publicaron algo mio sin pedirme permiso pero bueno,enojo
lo que pasa es que que mal te portas siempre y no lo entiendo,enojo
en este momento todo esta empeorando otra vez,triste
parce me gane una chamba buenisima,feliz
me alegra mucho haberte visto hoy,feliz
me dejo mi novia y estoy muy bajoneado parce,triste
no tengo plan b si esto falla sinceramente,miedo
bro no se si lo que estoy haciendo es lo correcto de verdad,miedo
ahora mismo no quiero mandar el audio por miedo a como sueno y no lo digo seguido,miedo
la verdad es que estoy muy triste con lo que me paso de verdad,triste
cambio su estado y supe que era por mi y trato de disimularlo,triste
es que no se puede confiar en ti y me parece muy mal,enojo
ahora mismo me enfurece que actuen asi y necesito que alguien me entienda,enojo
desde ayer me siento lleno de energia todo el tiempo,feliz
en serio me da miedo no estar a la altura de lo que se espera men,miedo
me bloqueo sin darme una explicacion y trato de disimularlo,triste
hermano me tiene muy triste esta vuelta,triste
lo que pasa es que me paralizo cuando tengo que decidir,miedo
sinceramente me tiene muy desanimado todo esto y no puedo evitarlo,triste
mira me di cuenta que nadie me busca si yo no busco y no se que hacer,triste
sinceramente me tiene muy triste esta vuelta,triste
fijate que me salio todo bien y no me lo esperaba de verdad,feliz
hoy me prometieron el trabajo y al final le dieron a otro la verdad,enojo
hoy siento que no tengo proposito de verdad,triste
me cansa tu falta de madurez,enojo
tengo mucho miedo de lo desconocido y no se que hacer,miedo
la verdad me da ansiedad ver cuanta gente vio mi historia,miedo
ultimamente me siento sin energia y no se que hacer,triste
sé que ellos no lo hacen con mala intención pero igual duele que no me incluyan,triste
parce no tenemos para el arriendo este mes y eso me duele,triste
la verdad me fallaron cuando mas los necesitaba otra vez,triste
no se si contarte pero me saco del grupo sin razon,triste
sinceramente me siento muy agradecido con la vida hoy,feliz
de verdad eres un irresponsable total,enojo
no voy a seguir aguantando esto y eso no esta bien,enojo
sinceramente defendi mi proyecto y quede bien y me tiene mal,feliz
que mal comportamiento tienes y no lo voy a tolerar,enojo
mira lo que paso ya les dije mil veces y no cambia nada y me pesa cargarlo solo,enojo
es que tengo miedo de que sea algo grave otra vez,miedo
mi familia estuvo muy unida hoy y no es facil,feliz
siento que el tiempo no cura esto y me duele mucho,triste
ahora mismo no tengo ganas de nada desde hace dias,triste
para serte honesto tengo panico de que me pregunten algo frente a todos y trato de disimularlo,miedo
no se me exigen resultados sin darme las herramientas y nadie lo entiende,enojo
ahora mismo me siento vulnerable,miedo
es que me ignoraron durante horas y no se que hacer,enojo
hoy logre lo que queria y me afecta mucho,feliz
mira me tiene muy bravo la falta de respeto y ya,enojo
ultimamente estoy muy contento otra vez,feliz
hoy minimizaron lo que sentia y quisiera que alguien me ayudara,enojo
hoy me da mucha pena decirle eso a la gente y ya,miedo
hoy hicieron lo que quisieron sin preguntarme nada y me tiene mal,enojo
en serio el transporte salio tardisimo y llegue tarde por eso y no es facil,enojo
oye aprobe la materia que tenia perdida y nadie lo entiende,feliz
mi abuela ya no esta y me tiene mal,triste
tengo temor de que todo salga mal y me tiene muy nervioso,miedo
ahora mismo tengo mucho miedo en este momento,miedo
me salio redondo todo hoy y no se que hacer,feliz
oye me critican las decisiones sin conocer mi situacion y me cuesta aceptarlo,enojo
mira lo que paso no entiendo nada y me da verguenza preguntar y me pesa cargarlo solo,triste
termino mi relacion la verdad,triste
mira por fin termine el proyecto y no lo puedo ocultar,feliz
lo que pasa es que tengo panico de decir algo y que lo malinterpreten pero ya no puedo mas,miedo
en serio tengo miedo de que se den cuenta que no entiendo de verdad,miedo
te juro que siempre me pasa lo mismo con las mismas personas y me tiene agotado,enojo
es que me dejo mi novia y estoy muy bajoneado y me cuesta mucho,triste
algo cambio de repente y no entiendo por que y ya,miedo
hoy no estudie suficiente para esto pero necesitaba decirlo,miedo
no te miento me tiene con los nervios destrozados,miedo
me encontre plata en un bolsillo que no sabia,feliz
hoy tengo miedo de que me quiten el trabajo la verdad,miedo
sinceramente mi mejor amigo se fue a vivir lejos de verdad,triste
la verdad es que me eliminó de sus contactos sin decir nada y no se que hacer,triste
definitivamente me siento increible por todo lo que paso,feliz
en este momento estoy demasiado molesto en este momento,enojo
hicimos sancocho en familia y fue muy rico y no puedo evitarlo,feliz
estoy muy emocionado con esto y es lo mejor que me paso,feliz
mira hoy amaneci con mucha energia,feliz
nadie me dio una respuesta clara de verdad,enojo
men por fin publique lo que venia trabajando,feliz
para serte honesto termine la semana sin ningun problema pero necesitaba decirlo,feliz
fijate que siento que no soy tan inteligente como los demas y no se que hacer,triste
la verdad es que me interrumpieron cada vez que hable y me afecta mucho,enojo
lo que pasa es que no aguanto mas esta situacion sin excusas,enojo
la verdad me siento orgulloso ultimamente,feliz
la verdad no se para donde voy y eso me asusta y me pone triste y ya,triste
no se llegue a los seguidores que queria la verdad,feliz
mira me usaron y despues me ignoraron todo el tiempo,enojo
me perdi un momento importante y nadie lo sabe,triste
definitivamente me da mucha rabia desde hace dias,enojo
fijate que tengo miedo de decir algo fuera de lugar y trato de disimularlo,miedo
no te miento me ignoraron cuando tenia razon y es agotador,enojo
oye algo me dice que las cosas van a cambiar mal y me afecta,miedo
para serte honesto me fue muy mal en el examen y nadie lo entiende,triste
oye logre cerrar el trato que necesitaba y quisiera que alguien me ayudara,feliz
es que me canse de pedir ayuda y no recibirla,triste
hoy estoy muy nervioso con esa vuelta parce,miedo
te cuento que estoy emocionalmente agotado y ya,triste
desde ayer estoy demasiado molesto y me afecta mucho,enojo
es que llevo dias aguantando esto y ya no puedo pero necesitaba decirlo,enojo
siento que me estoy quedando sin opciones pero necesitaba decirlo,miedo
ahora mismo me trataron muy mal sin razon y no lo puedo ocultar,enojo
vieja tengo miedo de embarrarla con esa decision hermano,miedo
la verdad me dicen que exagero cuando digo como me siento,enojo
oye me independice por fin y no se que hacer,feliz
fijate que me dieron el viernes libre y no se como manejarlo,feliz
fijate que me toca salir tarde y me da miedo en la calle la verdad,miedo
no se si contarte pero me da terror mostrarme como soy de verdad y me afecta mucho,miedo
no te miento tengo panico de decir algo y que lo malinterpreten y quisiera que alguien me ayudara,miedo
en serio me angustia no saber como interpretar eso y quisiera que alguien me ayudara,miedo
la verdad las cosas ya no son como antes sinceramente,triste
es que todo cambio de golpe y me afecta,triste
estoy muy emocionado con lo que viene y no es facil,feliz
hoy no se si estoy listo para esto y me tiene mal,miedo
te juro que me dejo en visto y no respondio de verdad,triste
te juro que me molesta mucho que hagas eso y eso no esta bien,enojo
mira me toco irme del barrio que queria y no puedo evitarlo,triste
que dia tan especial fue hoy para mi de verdad,feliz
sinceramente todo me fastidia por todo lo que paso,enojo
la verdad estoy demasiado preocupado y no se que hacer,miedo
tengo miedo de que me cancelen por algo que dije y me cuesta aceptarlo,miedo
mira no me dejaron hablar y necesito que alguien me entienda,enojo
ahora mismo termine la semana sin ningun problema y me tiene agotado,feliz
lo que pasa es que estoy muy triste y no se que hacer de verdad,triste
hoy hoy me vi bien en el espejo y me gusto de verdad,feliz
mira me da susto pedir el favor porque me da pena pero bueno,miedo
definitivamente hoy fue maravilloso por todo lo que paso,feliz
que descarado eres en serio y no lo voy a tolerar,enojo
sinceramente todo esta mejorando y me encanta,feliz
la verdad estoy demasiado preocupado todo el tiempo,miedo
la verdad estoy con el animo muy por el piso y no se que hacer,triste
es que me duele el alma otra vez,triste
sinceramente llevo dias aguantando esto y ya no puedo pero ya no puedo mas,enojo
fijate que me hicieron fila tres horas y no me atendieron de verdad,enojo
es que me tienes cansado con eso,enojo
lo que pasa es que me siento realizado y no se que hacer,feliz
te digo que cumpli la meta que me habia puesto y nadie lo entiende,feliz
mira me tiene muy enojado esa situacion y no se que hacer,enojo
lo que es cierto es que me siento muy contento con el equipo y estoy muy contento,feliz
sinceramente compre mi primera casa y ya,feliz
sinceramente pude expresarme sin que me juzgaran y trato de disimularlo,feliz
fijate que me gane una chamba buenisima,feliz
pague y no me dieron lo que ofrecieron y nadie lo sabe,enojo
sinceramente me siento muy achantado hoy y me cuesta mucho,triste
ahora mismo todo lo que construi se cayo sinceramente,triste
sinceramente no me puedo quitar esa preocupacion de encima y ya,miedo
me toca salir tarde y me da miedo en la calle y nadie lo sabe,miedo
ultimamente estoy demasiado cansado otra vez,triste
desde ayer todo esta empeorando otra vez,triste
vieja me citaron a declarar y estoy muy nervioso la verdad,miedo
me da pena decirlo pero me da terror decepcionar a alguien que confio en mi y no lo digo seguido,miedo
es que no puedo dejar de preocuparme pero no digo nada,miedo
hoy que buena noticia me dieron hoy sin duda,feliz
definitivamente todo me irrita por todo lo que paso,enojo
sinceramente me tiene angustiado no saber que va a pasar,miedo
no te miento me toco el dia libre y no puedo evitarlo,feliz
parce tengo miedo de embarrarla con esa decision de verdad,miedo
en serio me respondieron con mala actitud sin razon y no es facil admitirlo,enojo
en este momento estoy disfrutando mucho esta semana,feliz
hoy me trataron como si yo fuera el problema y eso me duele,enojo
es que tengo miedo de caerle mal sin querer y no puedo evitarlo,miedo
hoy mi mejor amigo se fue para otro pais y me tiene mal,triste
desde ayer todo me irrita todo el tiempo,enojo
estoy rodeado de gente y me siento solo y no puedo evitarlo,triste
lei el mensaje mal y arruine todo y eso me tiene mal,triste
en serio me tiene harto tu falta de respeto,enojo
en este momento siento mucha presion ultimamente,miedo
la verdad no tengo ganas de nada todo el tiempo,triste
hoy nada de lo que hago vale la pena y me tiene mal,triste
te cuento que logre lo que queria y no se que hacer,feliz
te juro que que mal comportamiento tienes y punto,enojo
ultimamente me paraliza la idea de tener que hablar en grupo y no es facil admitirlo,miedo
me molesta tu actitud de siempre y no lo voy a tolerar,enojo
oye usaron lo que les conte en mi contra y trato de disimularlo,enojo
hoy me fue muy mal en el examen pero necesitaba decirlo,triste
mira me faltaron el respeto delante de todos de verdad,enojo
lo que pasa es que no voy a permitir que me hagas eso sin excusas,enojo
ahora mismo me dijeron que me quieren y eso me pesa,feliz
me da miedo que graben algo mio sin permiso y no se que hacer,miedo
desde hace dias no entiendo nada y me da verguenza preguntar y me pesa cargarlo solo,triste
definitivamente odio esta situacion esta semana,enojo
no se si contarte pero me pidieron algo de ultimo momento sinceramente,enojo
ahora mismo me siento horrible ultimamente,triste
mira me hicieron sentir que molestaba de verdad,enojo
oye me enfurece que actuen asi y necesito que alguien me entienda,enojo
parce tengo miedo de embarrarla con esa decision y ya,miedo
es que compre mi primer carro y me afecta,feliz
te digo que hoy me senti muy bien conmigo mismo y nadie lo entiende,feliz
de verdad estoy muy agradecido por este momento sin duda,feliz
para serte honesto siempre me pasa lo mismo con las mismas personas de verdad,enojo
mira lo que paso hice algo que me daba miedo y salio bien sinceramente,feliz
hoy hice algo que me daba miedo y salio bien y no lo digo seguido,feliz
no me dejaron terminar de hablar y ya,enojo
oye capturaron una conversacion privada y la compartieron,enojo
mira hicimos sancocho en familia y fue muy rico y nadie lo sabe,feliz
lo que es cierto es que me siento lleno de alegria de verdad,feliz
ultimamente me da mucha rabia esta semana,enojo
hermano salimos a rumbear y la pase muy bien pero bueno,feliz
hoy borre todas mis fotos porque no me gustaba nada y me afecta,triste
la verdad encontre lo que buscaba y ya,feliz
lo que pasa es que mi grupo hizo el trabajo sin contar conmigo de verdad,triste
en este momento me siento excelente ultimamente,feliz
te cuento que siento que todo el mundo sigue y yo me quede quieto hermano,triste
es que me dieron el trabajo que queria y ya,feliz
lo que pasa es que que rabia me da todo esto y me parece muy mal,enojo
te digo que tengo un miedo muy grande en este momento y eso me preocupa mucho,miedo
oye pude mantener una conversacion sin angustiarme y quisiera que alguien me ayudara,feliz
mira me fue bien en el icfes y no puedo evitarlo,feliz
es que estoy muy asustado por lo que viene,miedo
la verdad ya no tengo ganas y me duele mucho,triste
es que me angustia pensar que quiza elegi mal mi carrera y no es facil,miedo
sinceramente no puedo dejar de sentir miedo y me tiene muy nervioso,miedo
ahora mismo me siento en paz y necesito que alguien me entienda,feliz
eso estuvo muy mal hecho y ya me canse,enojo
desde hace dias me tratan diferente y no entienden por que me molesta de verdad,enojo
te juro que hable con alguien nuevo y no fue tan malo y nadie lo entiende,feliz
oye perdi tiempo en algo que no valio otra vez,enojo
estoy muy preocupado y me afecta mucho,miedo
sinceramente tengo miedo de decir algo fuera de lugar y nadie lo entiende,miedo
siento una angustia que me paraliza y eso me preocupa mucho,miedo
sinceramente tengo ansiedad de pensar en todo lo que falta,miedo
no te miento tengo miedo de que se den cuenta que no entiendo y eso me tiene mal,miedo
hermano me ignoraron cuando tenia toda la razon parce,enojo
mira extraño mucho a las personas que ya no estan y no se que hacer,triste
oye me mintieron en mi cara y me tiene mal,enojo
ahora mismo hoy no tuve que fingir que estaba bien y me pesa cargarlo solo,feliz
te juro que me invitaron a participar en algo importante y ya,feliz
te cuento que me fui de viaje y ya,feliz
estoy muy triste y sin animo de nada de verdad,triste
hoy me puse a pensar en lo peor y no puedo parar pero necesitaba decirlo,miedo
la verdad tengo miedo de responder mal y arruinar todo y no se que hacer,miedo
me molesta tu falta de consideracion en serio,enojo
la verdad me hicieron repetir el tramite tres veces,enojo
sinceramente me siento vacio y me afecta mucho,triste
hoy me salio el negocio que queria y me cuesta mucho,feliz
me siento vulnerable por todo lo que paso,miedo
no puedo creer que ya basta con esa actitud y eso no esta bien,enojo
ahora mismo me usaron y despues me ignoraron y necesito que alguien me entienda,enojo
la verdad es que eres una persona muy egoista y me parece muy mal,enojo
en serio extraño mucho a las personas que ya no estan y ya,triste
no estoy listo,miedo
sinceramente no quise hablar con nadie hoy y me afecta mucho,triste
la verdad es que me mandaron buenas noticias por whatsapp y me afecta mucho,feliz
en este momento estoy agotado emocionalmente y no se que hacer,triste
hoy todo me irrita y eso empeora todo,enojo
fijate que por fin me salio el pasaporte y ya,feliz
sinceramente no tolero mas esta situacion y no lo entiendo,enojo
ultimamente me encontre plata en un bolsillo que no sabia bro,feliz
mira me siento en paz de verdad,feliz
te cuento que me siento re bien parce pero bueno,feliz
ultimamente no logre lo que esperaba y no puedo evitarlo,triste
la verdad es que me dejo de seguir en redes sociales de verdad,triste
la verdad es que estoy muy apenado y no se que decir y me duele mucho,triste
no puedo evitar que no se que va a pasar y me aterra y no puedo calmarlo,miedo
me faltaron el respeto delante de todos y no se que hacer,enojo
es que me da miedo decepcionarme a mi mismo de verdad,miedo
no te miento todo esta mal organizado la verdad,enojo
me hicieron fila tres horas y no me atendieron y ya,enojo
hermano tengo panico de que me pregunten algo en clase,miedo
siento que si me equivoco no hay vuelta atras men,miedo
hoy me usaron cuando les convenia y despues nada la verdad,enojo
es que me hicieron una videollamada sorpresa y no es facil admitirlo,feliz
sinceramente tengo mucho temor de lo que viene de verdad,miedo
no te miento aprobe el examen de verdad,feliz
sinceramente estoy re contento con todo y me cuesta aceptarlo,feliz
te cuento que me toca salir tarde y me da miedo en la calle y eso me duele,miedo
fijate que me siento muy lejos de todos,triste
para serte honesto me cancelaron a ultimo momento y me tiene mal,enojo
es que logre cerrar el trato que necesitaba de verdad,feliz
te cuento que me da muy duro enfrentar esa conversacion parce,miedo
parce me tienen muy mamado con esa vuelta,enojo
me siento muy perdido con mi vida y no es facil,triste
te juro que me da ansiedad cuando hay silencio en la conversacion y me afecta mucho,miedo
en serio me aprobo el credito el banco y ya,feliz
desde hace dias nadie noto que algo me pasaba y quisiera que alguien me ayudara,triste
en serio salimos a rumbear y la pase muy bien y ya,feliz
ahora mismo todo esta empeorando ultimamente,triste
hoy estoy demasiado preocupado todo el tiempo,miedo
desde ayer estoy muy preocupado ultimamente,miedo
sinceramente me rindo de intentarlo y es agotador,triste
es que me citaron para hablar y no se de que y me tiene mal,miedo
es que tengo panico de que algo que dije llegue a las manos equivocadas pero bueno,miedo
no se siento que el tiempo se me acaba y no he hecho nada y me cuesta aceptarlo,miedo
me asusta mucho lo que podria pasar y no se que hacer,miedo
ultimamente no tuve ganas de comer todo el tiempo,triste
hoy me hicieron perder el tiempo,enojo
es que me siento muy bien con mi proceso,feliz
te juro que vi que me sacaron de un grupo y no dije nada y ya,triste
sinceramente dijeron cosas que no son verdad sobre mi y no lo puedo ocultar,enojo
me siento muy bien emocionalmente de verdad,feliz
ultimamente me salio el primer cliente de verdad,feliz
siento panico de lo que puede ocurrir y eso me preocupa mucho,miedo
definitivamente estoy muy enojado ultimamente,enojo
me toca salir tarde y me da miedo en la calle,miedo
te juro que siento que finjo estar bien tan seguido que ya ni se y me tiene pensando mucho,triste
me da pena decirlo pero no supe si era una broma o algo serio y me tiene agotado,triste
quede encantado con como salio todo la verdad,feliz
no me dejaron hablar todo el tiempo,enojo
oye dijeron cosas que no son verdad sobre mi y me afecta mucho,enojo
hoy logre ahorrar lo que necesitaba y no se que hacer,feliz
estoy muy decaido y sin esperanza y no se como seguir,triste
parce se aprovecharon de la buena fe mia,enojo
ahora mismo termine la semana sin ningun problema y nadie lo entiende,feliz
desde hace dias me siento muy lejos de ser feliz y me afecta mucho,triste
definitivamente me siento motivado desde hace dias,feliz
mira no puedo creer que hayas hecho eso y no lo entiendo,enojo
oye me fue muy mal en el examen y me cuesta mucho,triste
ultimamente nada me salio bien hoy,enojo
la verdad me estan ocultando algo y eso me pone nervioso,miedo
mira llegue y me dijeron que no habia cupo y me afecta,enojo
es que no me puedo quitar esa preocupacion de encima pero bueno,miedo
no puedo creer que que injusto es todo esto y no lo voy a tolerar,enojo
en serio me saca de quicio que no cambien nada men,enojo
tengo miedo de decir algo y que lo malinterpreten pero bueno,miedo
estoy lleno de energia y alegria,feliz
desde hace dias no hubo trafico hoy y no se que hacer,feliz
vi que me sacaron de un grupo y no dije nada y no es facil,triste
no te miento siento que me estoy quedando sin opciones y me tiene mal,miedo
es que hoy me fue de pelos y no puedo evitarlo,feliz
sabes que que bonito momento vivimos hoy y es lo mejor que me paso,feliz
te digo que siento que todos avanzan menos yo y no puedo evitarlo,triste
fijate que tengo panico de fallar cuando todos confian en mi,miedo
te cuento que me dejaron hacer todo el trabajo solo y no lo puedo ocultar,enojo
lo que pasa es que no es la primera vez y eso me tiene agotado y trato de disimularlo,enojo
estoy muy asustado de tomar esa decision y no puedo calmarlo,miedo
en serio siento un vacio enorme dentro de mi,triste
en serio siento tristeza y desesperanza ahora,triste
ultimamente todo esta mejorando,feliz
oye no me reconozco ultimamente pero bueno,triste
hoy me dicen que exagero cuando digo como me siento y no se que hacer,enojo
es que me llego un paquete que habia pedido y me tiene pensando mucho,feliz
sinceramente me dieron el trabajo que queria pero necesitaba decirlo,feliz
sinceramente esto es injusto todo el tiempo,enojo
mira me dieron acceso a la oportunidad que queria y no se que hacer,feliz
me hicieron fila tres horas y no me atendieron hermano,enojo
la verdad perdi una oportunidad importante y me afecta mucho,triste
no se si contarte pero tengo panico de decir algo y que lo malinterpreten y me tiene agotado,miedo
es que me llamaron de la empresa y no dijeron para que de verdad,miedo
la verdad es que siento una ansiedad muy fuerte ahora de verdad,miedo
mira me cancelaron la cita sin avisar y no puedo evitarlo,enojo
sabes que estoy muy satisfecho con el dia de hoy de verdad,feliz
para serte honesto usaron lo que les conte en mi contra sinceramente,enojo
oye eres increiblemente irresponsable de verdad,enojo
ultimamente me angustia no saber como interpretar eso y me cuesta mucho,miedo
te cuento que me llamaron de un numero desconocido y no puedo evitarlo,miedo
no te miento por fin me salio el pasaporte,feliz
me siento excelente hoy por todo lo que paso,feliz
sinceramente me dejaron y me afecta,triste
mira hicimos una reunioncita y quedo muy buena y eso me duele,feliz
fijate que hablaron de algo que yo no sabia y me senti excluido y trato de disimularlo,triste
te digo que me angustia saber que todo queda guardado en internet,miedo
fijate que cumpli mi meta del año,feliz
de verdad me siento muy agradecido con la vida,feliz
para serte honesto me tiene completamente harto y eso me pesa,enojo
hoy me tienen muy hastiado con lo mismo y no puedo evitarlo,enojo
lo que pasa es que tengo miedo de mandar ese mensaje y que lo tomen mal sinceramente,miedo
te juro que me enoja mucho lo que dijiste y punto,enojo
hoy me tiene muy irritado todo esto y eso me duele,enojo
ahora mismo no quiero mandar el audio por miedo a como sueno de verdad,miedo
me siento muy pleno con lo que estoy haciendo,feliz
es que me da miedo decepcionarme a mi mismo pero bueno,miedo
es que siento mucha ansiedad por lo desconocido y eso me preocupa mucho,miedo
definitivamente me siento vulnerable,miedo
oye el resultado me tiene muy angustiado y eso me pesa,miedo
es que me siento realizado y ya,feliz
lo que pasa es que nada me salio bien hoy y me tiene mal,enojo
me da pena decirlo pero hablaron de algo que yo no sabia y me senti excluido pero ya no puedo mas,triste
ahora mismo ya no aguanto mas y eso empeora todo,enojo
mira no me dejaron terminar de hablar,enojo
vieja me encontre con un amigo que no veia hace tiempo,feliz
parce me tienen muy mamado con esa vuelta y me tiene mal,enojo
estoy muy emocionado con lo que viene la verdad,feliz
sinceramente todo esta saliendo bien hoy,feliz
se fue mi perro hoy y no puedo evitarlo,triste
parce siento que la estoy embarrando en todo y nadie lo sabe,triste
sinceramente me siento muy lejos de ser feliz y no lo puedo ocultar,triste
realmente todo salio perfecto desde hace dias,feliz
la verdad es que que buen trabajo hiciste hoy y estoy muy agradecido,feliz
no te miento no se que va a pasar con mi vida sinceramente,miedo
hoy esto me parece una falta de respeto total y me tiene mal,enojo
me hace muy feliz lo que hiciste,feliz
te digo que me hace muy bien sentirme asi y estoy muy contento,feliz
no te miento me faltaron el respeto delante de todos de verdad,enojo
la verdad no puedo creer lo que hicieron y necesito que alguien me entienda,enojo
la verdad tengo miedo de fallar por todo lo que pasa,miedo
es que no entiendo nada y me da verguenza preguntar y no lo digo seguido,triste
lo que es cierto es que estoy muy contento con el resultado,feliz
estoy muy asustado por lo que viene y me tiene muy nervioso,miedo
es que la incertidumbre me tiene paralizado y no se que hacer,miedo
me da pena decirlo pero me fue bien en la sustentacion y no se que hacer,feliz
hoy que experiencia tan maravillosa fue,feliz
me ignoraron completamente sinceramente,enojo
me comparan con otros y eso me molesta mucho y no puedo evitarlo,enojo
en serio siento que el miedo no me deja avanzar y no lo puedo ocultar,miedo
no me puedo quitar esa preocupacion de encima de verdad,miedo
en este momento me siento increible y me afecta mucho,feliz
estoy muy nervioso con todo lo que pasa de verdad,miedo
no te miento por fin me salio el pasaporte pero bueno,feliz
es que hicieron como si yo no existiera en la reunion y me pesa cargarlo solo,enojo
te digo que tengo miedo de que me cancelen por algo que dije y me afecta,miedo
hoy llegue y me dijeron que no habia cupo,enojo
para serte honesto tuve que fingir que estaba bien toda la noche y trato de disimularlo,triste
me sorprendieron con algo que no me esperaba para nada y estoy muy feliz,feliz
es que tengo miedo de mandar ese mensaje y que lo tomen mal y eso me tiene mal,miedo
me siento inseguro y me afecta mucho,miedo
en este momento ya no tengo ganas desde hace dias,triste
oye fallecio alguien cercano y me tiene mal,triste
sinceramente no se si actue bien y eso no me deja tranquilo y me pesa cargarlo solo,miedo
de verdad me pone de muy buen humor esto sin duda,feliz
sonrei todo el tiempo pero por dentro lloraba sinceramente,triste
te digo que no se que quiero hacer con mi vida y ya,miedo
ultimamente ya no tengo fuerzas para nada,triste
ya no aguanto esta situacion y eso me pesa,enojo
te juro que nadie noto que algo me pasaba y me afecta mucho,triste
sinceramente estoy muy molesto con lo que hicieron hermano,enojo
es que tengo miedo de caerle mal sin querer y nadie lo entiende,miedo
oye me tiene muy enojado esa situacion,enojo
sinceramente no se si estan enojados conmigo o es mi imaginacion y eso me tiene mal,miedo
en serio aprobe todas las materias este semestre,feliz
ahora mismo me pusieron el visto y luego respondieron bien sinceramente,feliz
te cuento que me tocó pagar una multa que no era justa y me cuesta mucho,enojo
hoy me tienen harto con esto y no se que hacer,enojo
te juro que me mandaron un mensaje muy agresivo y me tiene agotado,enojo
ultimamente siento que voy por buen camino pero no digo nada,feliz
hoy me graduo el sabado en el paraninfo hermano,feliz
fijate que se rieron de como me exprese,enojo
es que saque mi licencia de conducir de verdad,feliz
sinceramente no me merecia este trato la verdad,enojo
no puedo evitar que siento un miedo enorme que no puedo controlar y no puedo calmarlo,miedo
ahora mismo me siento vulnerable y no se que hacer,miedo
en este momento esto arruino mi dia desde hace dias,enojo
oye me fue de maravilla en la entrevista y me cuesta mucho,feliz
te juro que que desconsiderado eres siempre en serio,enojo
te juro que pude expresarme sin que me juzgaran sinceramente,feliz
en serio tengo miedo de que las cosas cambien de repente pero necesitaba decirlo,miedo
sinceramente me duele mucho todo lo que ocurrio de verdad,triste
mira no se que va a pasar con mi vida la verdad,miedo
sinceramente me siento muy triste y me duele mucho,triste
la verdad sali del pais por primera vez,feliz
tengo miedo de que me rechacen si digo lo que pienso y nadie lo sabe,miedo
lo que pasa es que eres un maleducado sin remedio y me parece muy mal,enojo
lo que es cierto es que me alegra muchisimo lo que paso,feliz
no entiendo como puedes actuar asi y eso no esta bien,enojo
te cuento que siento que estoy de mas y no lo puedo ocultar,triste
sinceramente me cansa tu falta de madurez y no lo entiendo,enojo
la verdad no se si voy a poder con esto y me afecta mucho,miedo
es que nadie me eligio para su equipo sinceramente,triste
sinceramente hoy amaneci con toda la actitud,feliz
hoy me siento increible,feliz
sinceramente no se que va a pasar en este momento,miedo
desde hace dias me cobraron de mas sin avisar de verdad,enojo
no te miento tengo miedo de haber arruinado algo sin saberlo y eso me tiene mal,miedo
sinceramente me pusieron obstaculos que no tenian sentido y ya,enojo
hoy me dijeron que si y despues que no pero bueno,enojo
te digo que me da terror lo que pueda pasar despues y eso me preocupa mucho,miedo
de verdad me siento muy decaido en este momento,triste
ahora mismo todo esta funcionando bien desde hace dias,feliz
sinceramente siento tristeza cuando pienso en eso,triste
hoy todo me pesa demasiado pero no digo nada,triste
para serte honesto no supe si era una broma o algo serio pero ya no puedo mas,triste
es que hoy me senti comodo siendo yo mismo y trato de disimularlo,feliz
en serio me prometieron el trabajo y al final le dieron a otro y eso me duele,enojo
me da pena decirlo pero me mandaron audio de voz gritando y quisiera que alguien me ayudara,enojo
me da panico equivocarme y que no me perdonen y me tiene agotado,miedo
me llegó una carta del juzgado y no se que es y ya,miedo
siento una preocupacion muy grande y eso me preocupa mucho,miedo
es que me aterra no tener el control de nada y no se que hacer,miedo
en serio me tiene muy triste esta vuelta y no puedo evitarlo,triste
para serte honesto todo me genera ansiedad ultimamente otra vez,miedo
bro tengo miedo de decir algo y que lo malinterpreten,miedo
en serio me llamaron de la empresa y no dijeron para que y me tiene mal,miedo
sinceramente me siento muy triste ultimamente,triste
ultimamente nadie hace las cosas bien aqui y no se que hacer,enojo
hoy esto me molesta demasiado en este momento,enojo
te cuento que me toco dejar los estudios por plata,triste
que impotencia siento ahora y ya me canse,enojo
es que me tienen muy hastiado con lo mismo y me cuesta mucho,enojo
oye siento que nadie me toma en serio pero ya no puedo mas,enojo
me entristece mucho lo que paso y no lo puedo superar,triste
no te miento todo esta mal organizado y no se que hacer,enojo
te cuento que nada de lo que hago vale la pena y es agotador,triste
fijate que fallecio alguien cercano y ya,triste
te digo que siento panico cuando pienso en eso de verdad,miedo
me tiene muy irritado todo esto hermano,enojo
me pone muy nervioso tener que dar explicaciones de verdad,miedo
es que me mintieron descaradamente en la cara,enojo
estoy muy asustado por lo que viene y eso me preocupa mucho,miedo
que maravilloso es sentirse asi y estoy muy agradecido,feliz
vieja me asusta mucho lo que esta pasando en el barrio y no se que hacer,miedo
la verdad me tocó madrugar y no dormí nada y encima salio mal y no es facil,triste
es que me reconocieron el esfuerzo en el trabajo y me afecta mucho,feliz
te cuento que me llamaron de la empresa y no dijeron para que,miedo
la verdad es que publicaron algo mio sin pedirme permiso y me afecta mucho,enojo
parce me hablaron muy feo sin ninguna razon y me tiene mal,enojo
estoy muy bajo de animo y sin ganas y no se como seguir,triste
tengo miedo de que todo cambie y es agotador,miedo
no hubo trafico hoy todo el tiempo,feliz
hermano me asusta mucho lo que esta pasando en el barrio,miedo
en serio me ignoraron cuando tenia toda la razon y ya,enojo
en serio me siento muy solo en esta ciudad parce,triste
todo tiene sentido ahora y eso me pesa,feliz
sinceramente me paraliza la idea de tener que hablar en grupo sinceramente,miedo
definitivamente estoy muy preocupado ultimamente,miedo
la verdad me hicieron sentir mal por preguntar y ya,enojo
en serio me enoja mucho lo que dijiste de verdad,enojo
es que siento una inquietud muy grande ahora,miedo
fijate que me prometieron el trabajo y al final le dieron a otro y me tiene mal,enojo
es que se fue mi gato hoy,triste
te digo que siento una soledad muy grande ahora y no lo puedo superar,triste
tengo miedo de que me rechacen si digo lo que pienso y me tiene mal,miedo
mira me molesta mucho tu actitud,enojo
me citaron a declarar y estoy muy nervioso y me cuesta mucho,miedo
oye tengo miedo de que me quiten el trabajo y no se que hacer,miedo
hermano me citaron a declarar y estoy muy nervioso pero bueno,miedo
ahora mismo me siento muy feliz esta semana,feliz
me saca de quicio que no cambien nada y me cuesta aceptarlo,enojo
sinceramente siento que voy por buen camino y necesito que alguien me entienda,feliz
fijate que hicieron como si yo no existiera en la reunion y eso me tiene mal,enojo
hoy no duermo de la preocupacion y me afecta mucho,miedo
hoy tengo panico de decir algo y que lo malinterpreten y no se que hacer,miedo
encontre algo que habia perdido hace tiempo y no puedo evitarlo,feliz
realmente hoy fue maravilloso ultimamente,feliz
hoy me fue de pelos y ya,feliz
ultimamente me comi algo rico y me alegro el dia y me tiene pensando mucho,feliz
estoy muy emocionado con lo que viene bro,feliz
ahora mismo estoy agotado emocionalmente esta semana,triste
siento que voy por buen camino y me tiene mal,feliz
definitivamente estoy emocionado y me encanta,feliz
en serio me hace muy bien sentirme asi sin duda,feliz
ultimamente me paraliza la idea de tener que hablar en grupo y trato de disimularlo,miedo
te cuento que me cobraron de mas y no me quieren devolver sinceramente,enojo
la verdad no se que va a pasar todo el tiempo,miedo
lo que pasa es que me siento desconectado de todo y es agotador,triste
la verdad me ignoraron durante horas sinceramente,enojo
ahora mismo esto arruino mi dia todo el tiempo,enojo
te cuento que quedamos de una con el plan y me cuesta mucho,feliz
hoy no quiero salir solo ultimamente,miedo
para serte honesto me dejaron solo en esto otra vez,triste
hoy no hubo trafico hoy y es agotador,feliz
hoy me da ansiedad publicar algo y que lo juzguen y no se que hacer,miedo
fijate que mi equipo gano hoy y estoy feliz la verdad,feliz
ahora mismo mi grupo de trabajo funciono muy bien y no lo digo seguido,feliz
fijate que me toco el dia libre y necesito que alguien me entienda,feliz
no puedo creer que que manera tan irresponsable de actuar,enojo
todo salió bien,feliz
me tienen muy hastiado con lo mismo,enojo
te cuento que me pidieron que fuera a recursos humanos hermano,miedo
hoy me fue de maravilla en la entrevista pero bueno,feliz
es que estoy muy asustado con lo que puede pasar de verdad,miedo
mira me escribio la persona que me gusta y no se que hacer,feliz
no se si contarte pero tengo miedo de que me alejen si se dan cuenta como soy y nadie lo entiende,miedo
ultimamente me encontre plata en un bolsillo que no sabia y ya,feliz
hoy me da ansiedad ver cuanta gente vio mi historia la verdad,miedo
me siento muy achantado hoy de verdad,triste
te digo que me mencionaron en algo que me puso en ridiculo y me tiene pensando mucho,enojo
desde hace dias me trataron como si no existiera sinceramente,enojo
en serio me da demasiada rabia y eso empeora todo,enojo
en serio me faltaron el respeto delante de todos,enojo
fijate que logre cerrar el trato que necesitaba y no se que hacer,feliz
hoy hoy me senti muy bien conmigo mismo men,feliz
oye me contactaron por mi trabajo y quede feliz y no se que hacer,feliz
ultimamente esto arruino mi dia otra vez,enojo
hoy estoy emocionalmente agotado y me afecta mucho,triste
sabes que me siento muy feliz ahora mismo en serio,feliz
no te miento me perdi un momento importante y ya,triste
es que me invitaron a participar en un proyecto y no es facil admitirlo,feliz
la verdad esto me parece una falta de respeto total,enojo
en serio termine todo lo que tenia pendiente y quisiera que alguien me ayudara,feliz
es que me sorprendieron hoy y no puedo evitarlo,feliz
mira mi familia esta pasando un momento muy dificil y ya,triste
fijate que saque mi licencia de conducir pero bueno,feliz
sinceramente publico algo que me dejo muy mal y me afecta mucho,triste
la verdad me costo mucho levantarme hoy otra vez,triste
me toca salir tarde y me da miedo en la calle y no es facil,miedo
sinceramente me duele mucho haber fallado en eso de verdad,triste
ahora mismo me saca de quicio todo esto,enojo
sinceramente dije algo que no quise decir y no se como explicarlo y no se como manejarlo,triste
te cuento que me hablaron muy feo sin ninguna razon y me tiene mal,enojo
oye abusaron de mi confianza y no se que hacer,enojo
definitivamente estoy agradecido por todo y me afecta mucho,feliz
ahora mismo tengo miedo de que no me entiendan y no se que hacer,miedo
la verdad es que siento panico de lo que puede ocurrir y eso me preocupa mucho,miedo
hoy me cobraron mas de lo que decia el precio y ya,enojo
la verdad es que publicaron algo mio sin pedirme permiso y eso me tiene mal,enojo
te juro que me cansa tu falta de madurez y no lo entiendo,enojo
me preocupa demasiado esto otra vez,miedo
perdi mi trabajo hoy y ya,triste
oye siento que todo el mundo sigue y yo me quede quieto de verdad,triste
fijate que no se si estoy listo para esto de verdad,miedo
para serte honesto me dieron la nota que esperaba y no lo digo seguido,feliz
la verdad fallecio alguien cercano y nadie lo sabe,triste
la verdad nacio mi hija,feliz
desde hace dias me pusieron el visto y luego respondieron bien sinceramente,feliz
tengo miedo de decir algo y que lo tomen mal hermano,miedo
sinceramente me siento inseguro y no se que hacer,miedo
ultimamente logre lo que queria la verdad,feliz
todo esta fluyendo muy bien ultimamente,feliz
no tenemos para el arriendo este mes,triste
lo que pasa es que me entristece mucho lo que paso,triste
men estoy cansado de aparentar que todo esta bien de verdad,triste
ultimamente esto arruino mi dia y estoy cansado,enojo
te juro que no tolero mas esta situacion sin excusas,enojo
me siento orgulloso esta semana,feliz
no se si contarte pero me dijeron que exageraba sinceramente,enojo
me da pena decirlo pero no supe leer la situacion y meti la pata y eso me tiene mal,triste
estoy muy asustado con lo que puede pasar y eso me duele,miedo
para serte honesto me dejo en visto y no respondio y no se que hacer,triste
estoy muy bravo con lo que paso y no puedo evitarlo,enojo
hoy me di cuenta que avance mucho y no se que hacer,feliz
fijate que me siento realizado y me tiene mal,feliz
hoy que buen momento para estar feliz y es lo mejor que me paso,feliz
ahora mismo me da terror que noten que estoy nervioso pero necesitaba decirlo,miedo
no se todo el mundo esta en planes y yo solo en casa de verdad,triste
te juro que tengo miedo de que me cancelen por algo que dije,miedo
ahora mismo todo me hace enojar ultimamente,enojo
parce me tocó madrugar y no dormí nada y encima salio mal pero bueno,triste
hoy no se si voy a poder con esto otra vez,miedo
es que me hablaron muy feo sin ninguna razon y me cuesta mucho,enojo
la verdad me usaron cuando les convenia y despues nada parce,enojo
me senti aceptado como soy y no puedo evitarlo,feliz
lo que pasa es que mi familia esta bien todo el tiempo,feliz
en este momento estoy disfrutando mucho hoy,feliz
lo que es cierto es que me siento muy contento con el equipo y es lo mejor que me paso,feliz
es que me da pavor la incertidumbre que siento,miedo
el transporte salio tardisimo y llegue tarde por eso y ya,enojo
la verdad me siento muy feliz desde hace dias,feliz
es que hoy llore sin saber por que y eso me pesa,triste
ultimamente me da mucha rabia y me afecta mucho,enojo
de verdad me siento muy bien con todo y es lo mejor que me paso,feliz
me da mucha rabia lo que hiciste,enojo
la verdad me exigen resultados sin darme las herramientas y me cuesta aceptarlo,enojo
cambio su estado y supe que era por mi,triste
mira que mal te portas siempre y eso no esta bien,enojo
en serio se aprovecharon de la buena fe mia pero bueno,enojo
es que siento que me quede atras y no se que hacer,triste
es que me cancelaron la cita sin avisar la verdad,enojo
la vida esta siendo buena conmigo y es agotador,feliz
hoy siento que no tengo control de nada de verdad,miedo
tengo miedo de decir algo y que lo tomen mal y eso me duele,miedo
sinceramente siento que perdi una etapa de mi vida sinceramente,triste
mira me dejaron y no puedo evitarlo,triste
estoy muy cansado de lucharla solo hermano,triste
me da pena que se den cuenta que no entendi de verdad,miedo
la verdad me case hoy,feliz
ultimamente me encontre plata en un bolsillo que no sabia,feliz
oye siento que fracase todo el tiempo,triste
sinceramente termine todo lo que tenia pendiente y no se que hacer,feliz
es que me da terror pensar que no hay salida,miedo
hoy todos parecen entender menos yo y quisiera que alguien me ayudara,triste
ultimamente tengo miedo de lo que piensen de mi y es agotador,miedo
fijate que me salio el negocio que queria y me tiene mal,feliz
las cosas estan saliendo como quiero y no se que hacer,feliz
te digo que siento una soledad muy grande ahora y no se como seguir,triste
no puedo evitar que me da mucho temor el futuro cercano,miedo
oye estoy esperando una respuesta y me tiene nervioso la verdad,miedo
realmente me siento horrible hoy por todo lo que paso,triste
no te miento la vida esta siendo buena conmigo pero no digo nada,feliz
ultimamente me escribieron para disculparse y me alegro y no se que hacer,feliz
fijate que me tiene angustiado no saber que va a pasar y no lo puedo ocultar,miedo
hoy estoy que no me la creo,feliz
desde hace dias me da pavor equivocarme otra vez,miedo
mira me canse de ser el que siempre aguanta,triste
me da pena decirlo pero me tratan diferente y no entienden por que me molesta y me tiene agotado,enojo
sinceramente subi algo y nadie reacciono y me senti invisible y nadie lo entiende,triste
te digo que estoy emocionado con las noticias y estoy muy contento,feliz
ultimamente estoy re contento con todo de verdad,feliz
estoy muy molesto con lo que hicieron hermano,enojo
ultimamente me encanta este momento desde hace dias,feliz
no te miento termine la semana sin ningun problema y no lo digo seguido,feliz
en este momento todo me irrita todo el tiempo,enojo
te cuento que nacio mi hija la verdad,feliz
oye que mal comportamiento tienes y me parece muy mal,enojo
lo que pasa es que me eliminó de sus contactos sin decir nada y no puedo evitarlo,triste
ultimamente siento que cargue solo con todo todo el tiempo,triste
hoy nacio mi hija y no se que hacer,feliz
la verdad me da demasiada rabia de verdad,enojo
mira usaron mis ideas sin darme credito,enojo
la verdad estoy demasiado preocupado ultimamente,miedo
me dieron el viernes libre y no lo digo seguido,feliz
fijate que me estan ocultando algo y eso me pone nervioso la verdad,miedo
realmente me siento excelente hoy por todo lo que paso,feliz
para serte honesto no se si estan enojados conmigo o es mi imaginacion pero ya no puedo mas,miedo
hoy todo el mundo parece tener todo claro menos yo la verdad,triste
es que hoy fue un dia muy gris,triste
sinceramente me siento lleno de energia desde hace dias,feliz
tengo mucho miedo desde hace dias,miedo
ultimamente me da mucho miedo entrar al salon y que todos me miren y me afecta mucho,miedo
desde hace dias tengo miedo de haber arruinado algo sin saberlo y no se como manejarlo,miedo
en este momento estoy disfrutando mucho y me encanta,feliz
todo esta fluyendo muy bien ultimamente y no puedo evitarlo,feliz
sinceramente me hablaron como si fuera tonto,enojo
realmente todo me afecta demasiado otra vez,triste
sinceramente me ignoraron cuando trate de explicarme y me pesa cargarlo solo,enojo
en serio minimizaron lo que sentia y no se como manejarlo,enojo
sinceramente me da pena hablar en publico y manana me toca la verdad,miedo
tengo miedo de que me quiten el trabajo y me cuesta mucho,miedo
me tocó pagar una multa que no era justa y eso me duele,enojo
para serte honesto tengo miedo de caerle mal sin querer y me afecta mucho,miedo
sinceramente me siento invisible y me afecta mucho,triste
me da pena decirlo pero me dejo en visto y no respondio y no se como manejarlo,triste
hoy sonrei todo el tiempo pero por dentro lloraba y no se que hacer,triste
desde hace dias estoy al limite de mi paciencia otra vez,enojo
desde hace dias nadie entendio como me sentia y no puedo evitarlo,triste
todo esta mejorando todo el tiempo,feliz
es que me preocupa no poder pagar el arriendo el otro mes de verdad,miedo
en serio me tiene muy triste esta vuelta y ya,triste
ultimamente tengo miedo de llegar a cierta edad sin haber logrado nada,miedo
es que vi las historias de todos y me senti muy mal,triste
vieja me tiene muy irritado todo esto y ya,enojo
parce me tocó pagar una multa que no era justa,enojo
hoy me tiene muy intranquilo todo esto y ya,miedo
la verdad estoy harto de esto otra vez,enojo
me case hoy y nadie lo sabe,feliz
te cuento que me escribio la persona que me gusta y eso me pesa,feliz
es que me salio el negocio que queria y ya,feliz
lo que pasa es que vi que estaba en linea pero no me respondio y me cuesta mucho,triste
la verdad todo me afecta demasiado y no se que hacer,triste
oye no puedo soportar esta situacion y punto,enojo
la verdad me siento muy perdido con mi vida y no se que hacer,triste
la verdad es que tengo miedo de que mi respuesta suene agresiva y no es facil admitirlo,miedo
parce me sacaron de la jugada sin ninguna explicacion,enojo
te cuento que me dieron informacion falsa de verdad,enojo
ultimamente minimizaron lo que sentia de verdad,enojo
desde ayer estoy muy enojado otra vez,enojo
la verdad por fin lo logre otra vez,feliz
honestamente esto me molesta mucho otra vez,enojo
es que se aprovecharon de que no sabia y ya,enojo
desde ayer me siento sin energia desde hace dias,triste
ahora mismo que problema tan absurdo por todo lo que paso,enojo
la verdad me da miedo ir al medico y me afecta mucho,miedo
hoy me siento muy triste y me duele mucho,triste
me dejaron esperando sin explicacion pero bueno,enojo
mira aprobe el examen pero no digo nada,feliz
tengo miedo de hablar ultimamente,miedo
es que tengo miedo de que me alejen si se dan cuenta como soy y quisiera que alguien me ayudara,miedo
mira lo que paso me ignoraron cuando trate de explicarme y me tiene agotado,enojo
hoy me ignoraron cuando tenia toda la razon,enojo
es que que actitud tan mala la tuya sin excusas,enojo
hoy tengo panico de que algo que dije llegue a las manos equivocadas de verdad,miedo
hoy me comparo mucho con los demas y me hace mal y no se que hacer,triste
no te miento me ignoraron durante horas y ya,enojo
te cuento que me dejaron de verdad,triste
que buena noticia para terminar el dia y es lo mejor que me paso,feliz
de verdad que manera tan irresponsable de actuar,enojo
oye me tratan diferente y no entienden por que me molesta y me tiene agotado,enojo
me aterra quedar mal frente a todos y ya,miedo
en este momento todo salio excelente esta semana,feliz
no se que quiero hacer con mi vida la verdad,miedo
no puedo creer que no puedo creer lo que hiciste sin excusas,enojo
me dieron la beca de la universidad publica parce,feliz
no se si contarte pero pude decir lo que sentia sin miedo y me afecta mucho,feliz
ultimamente estoy cansado mentalmente,triste
siento una tristeza que me invade todo,triste
sinceramente no entendi bien el tono y eso me tiene angustiado,miedo
ahora mismo gane el concurso y es agotador,feliz
oye me dejo mi novio y estoy muy mal,triste
la verdad aprobe todas las materias este semestre y me cuesta mucho,feliz
ahora mismo me siento sin energia desde hace dias,triste
es que no me dejaron terminar de hablar,enojo
desde hace dias por fin me contestaron y me cuesta mucho,feliz
la verdad me tiene muy irritado todo lo que esta pasando men,enojo
fijate que me da terror enfrentar esto solo otra vez,miedo
pague y no me dieron lo que ofrecieron y me tiene mal,enojo
mira llegue a tiempo a todo y necesito que alguien me entienda,feliz
que experiencia tan maravillosa fue y estoy muy agradecido,feliz
me exigen resultados sin darme las herramientas y ya,enojo
la verdad estoy muy emocionado esta semana,feliz
mira me siento realizado y me tiene mal,feliz
sinceramente tengo miedo de que me juzguen de verdad,miedo
hoy me fue de pelos y me tiene mal,feliz
no se me dieron acceso a la oportunidad que queria la verdad,feliz
mira me dieron la visa pero necesitaba decirlo,feliz
la verdad me robaron el celular y estoy muy mal y no es facil,triste
me da pena decirlo pero termine la semana sin ningun problema y me cuesta mucho,feliz
la verdad que problema tan absurdo desde hace dias,enojo
lo hizo de nuevo,enojo
te cuento que el resultado me tiene muy angustiado la verdad,miedo
mira lo que paso me fue bien en la sustentacion y no lo digo seguido,feliz
definitivamente todo esta empeorando en este momento,triste
mira mi mejor amigo se fue a vivir lejos pero bueno,triste
es que hoy amaneci con toda la actitud y nadie lo sabe,feliz
sinceramente tengo panico de no saber como actuar en esa situacion y eso me tiene mal,miedo
la verdad estoy muy preocupado ultimamente,miedo
te cuento que hicieron lo que quisieron sin preguntarme nada y no es facil,enojo
mira me pone ansioso salir de casa y no lo puedo ocultar,miedo
vieja hoy fue un parche buenisimo de verdad,feliz
te cuento que me siento muy bien conmigo mismo y eso me pesa,feliz
te juro que me dicen que exagero cuando digo como me siento,enojo
me dejaron esperando sin explicacion y no se que hacer,enojo
sinceramente siento que el tiempo se me acaba y no he hecho nada y me cuesta aceptarlo,miedo
fijate que me corrigieron el tono sin escuchar lo que dije sinceramente,enojo
me hablaron como si fuera tonto y nadie lo sabe,enojo
para serte honesto extraño como eran las cosas antes,triste
realmente me siento motivado ultimamente,feliz
ultimamente hoy no tengo que trabajar y me afecta mucho,feliz
te cuento que siento que me estoy quedando sin opciones,miedo
realmente estoy harto de esto ultimamente,enojo
en serio tengo miedo de lo que piensen de mi y eso me pesa,miedo
la verdad es que me etiquetaron en algo que me alegro el dia y me tiene agotado,feliz
hoy todo me hace enojar desde hace dias,enojo
mira no puedo creer que hayas hecho eso y punto,enojo
fijate que me mintieron en mi cara de verdad,enojo
mira me tiene muy irritado todo esto,enojo
fijate que no se si voy a poder con lo que viene,miedo
es que me pusieron a hacer el trabajo de todos hermano,enojo
ahora mismo usaron lo que les conte en mi contra y me afecta mucho,enojo
tengo un mal presentimiento con eso y no es facil,miedo
mi mejor amigo se fue para otro pais pero bueno,triste
es que me etiquetaron en algo que me alegro el dia pero necesitaba decirlo,feliz
fijate que todo el mundo sigue y yo estoy quieto,triste
te cuento que termino mi carrera y me afecta mucho,feliz
ahora mismo me hicieron perder el tiempo esta semana,enojo
desde hace dias me quede callado cuando debi haber hablado y no puedo evitarlo,triste
es que estoy muy asustado sin saber que hacer,miedo
oye hicimos sancocho en familia y fue muy rico y nadie lo sabe,feliz
hoy hoy me di cuenta que avance mucho,feliz
te cuento que me hablaron como si fuera tonto y ya,enojo
sinceramente me tratan diferente y no entienden por que me molesta y no lo digo seguido,enojo
oye me da terror mostrarme como soy de verdad y no lo digo seguido,miedo
te digo que me preocupa mucho el futuro economico y me cuesta aceptarlo,miedo
en serio me sacaron de la jugada sin ninguna explicacion y no puedo evitarlo,enojo
te digo que me di cuenta que nadie me busca si yo no busco y me tiene pensando mucho,triste
hoy cumpli mi meta del año de verdad,feliz
hoy las cosas estan saliendo como quiero,feliz
lo que pasa es que estoy muy bajoneado sin poder levantarme,triste
desde hace dias me da ansiedad abrir ese chat,miedo
oye no se que va a pasar con mi vida sinceramente,miedo
me tratan diferente por ser joven y me cuesta aceptarlo,enojo
fijate que pague y no me dieron lo que ofrecieron la verdad,enojo
oye me dijeron que era muy sensible por sentirme mal y me afecta mucho,enojo
hoy ya no quiero esforzarme y no puedo evitarlo,triste
te juro que se burlaron de algo que me costo decir pero necesitaba decirlo,enojo
me siento muy motivado y feliz y estoy muy contento,feliz
ahora mismo me cambiaron el trabajo sin consultarme y me afecta mucho,enojo
desde hace dias me preocupa haber dicho algo sin darme cuenta y no se como manejarlo,miedo
no te miento me rindo de intentarlo y no puedo evitarlo,triste
fijate que me mandaron buenas noticias por whatsapp y me tiene agotado,feliz
me comparan con otros y eso me molesta mucho y nadie lo entiende,enojo
te cuento que me siento muy achantado hoy la verdad,triste
ultimamente me siento muy bien conmigo mismo pero no digo nada,feliz
si esto no funciona no se que voy a hacer,miedo
me siento muy pleno con lo que estoy haciendo bro,feliz
te cuento que me siento en paz y es agotador,feliz
mira me siento muy lejos de todos y nadie lo sabe,triste
lo que pasa es que siempre me pasa lo mismo con las mismas personas y eso me tiene mal,enojo
ahora mismo siento que voy por buen camino y necesito que alguien me entienda,feliz
fijate que hice algo que me daba miedo y salio bien y no se como manejarlo,feliz
es que estoy al limite de mi paciencia pero no digo nada,enojo
no se como decirlo sin que se enojen y me tiene agotado,miedo
me da pena decirlo pero entregue el proyecto a tiempo y no es facil admitirlo,feliz
hoy me tocó madrugar y no dormí nada y encima salio mal y me tiene mal,triste
no te miento tengo miedo de decepcionar a todos y no puedo evitarlo,miedo
se llevaron el credito de lo que yo hice pero no digo nada,enojo
te juro que eres una persona muy egoista y eso no esta bien,enojo
hoy me senti aceptado como soy,feliz
sinceramente perdi algo muy importante y eso me pesa,triste
mira pague y no me dieron lo que ofrecieron,enojo
lo que pasa es que perdi una oportunidad importante y es agotador,triste
ahora mismo no soporto esta situacion y me afecta mucho,enojo
no te miento me respondieron con mala cara sin razon y me afecta,enojo
oye me da miedo ir al medico y no lo puedo ocultar,miedo
no te miento no me dejaron terminar de hablar de verdad,enojo
la verdad es que me aterra pensar en perder el control y no se que hacer,miedo
es que ya les dije mil veces y no cambia nada y me cuesta mucho,enojo
para serte honesto cargue con toda la responsabilidad del grupo y trato de disimularlo,enojo
en serio me canse de pedir lo mismo sin resultado sinceramente,enojo
te digo que tengo panico de que algo malo pase de verdad,miedo
sinceramente tengo miedo de fallar desde hace dias,miedo
oye me parece una falta de respeto sin excusas,enojo
me tiene muy bajoneado lo que paso de verdad,triste
hoy me tratan diferente y no entienden por que me molesta y trato de disimularlo,enojo
la verdad tengo un mal presentimiento desde ayer y no puedo evitarlo,miedo
es que siento que todo el mundo sigue y yo me quede quieto y ya,triste
ultimamente me pusieron el visto y luego respondieron bien y no puedo evitarlo,feliz
fijate que me prometieron el trabajo y al final le dieron a otro y ya,enojo
hoy me hablaron muy feo sin ninguna razon y eso me duele,enojo
para serte honesto alguien me entendio sin que yo explicara mucho,feliz
me pone ansioso salir de casa y no lo puedo ocultar,miedo
sinceramente me da pavor equivocarme y me tiene mal,miedo
hoy fue un dia increible de verdad y ya,feliz
me duele mucho lo que significa esto y no se como seguir,triste
sinceramente me da terror decepcionar a alguien que confio en mi y no es facil admitirlo,miedo
llegue a tiempo a todo todo el tiempo,feliz
desde hace dias mi jefe quedo contento con mi trabajo pero ya no puedo mas,feliz
fijate que se aprovecharon de la buena fe mia y me tiene mal,enojo
fijate que me preocupa tanto que no puedo dormir sinceramente,miedo
la verdad extraño mucho a las personas que ya no estan,triste
en serio que noticia tan buena me dieron y es lo mejor que me paso,feliz
la verdad quiero estar solo por todo lo que paso,triste
oye me dejaron esperando sin explicacion y ya,enojo
sabes que me alegra ver que todo salio bien y estoy muy contento,feliz
no te miento me di cuenta que no me invitaron a la reunion sinceramente,triste
desde hace dias estoy al limite de mi paciencia sinceramente,enojo
no se si contarte pero me excluyeron de la decision sin explicacion y no se como manejarlo,enojo
sinceramente estoy muy emocionado ultimamente,feliz
me mintieron en mi cara y me afecta mucho,enojo
la verdad es que tengo miedo de que me alejen si se dan cuenta como soy y me pesa cargarlo solo,miedo
fijate que todo el mundo sigue y yo estoy quieto la verdad,triste
me fue bien en la sustentacion,feliz
te digo que estoy muy preocupado por lo que puede venir,miedo
te digo que estoy muy nervioso con esta situacion y no puedo calmarlo,miedo
no te miento me salio redondo todo hoy y no puedo evitarlo,feliz
hoy se fue mi gato hoy,triste
la verdad compre mi primera casa y no se que hacer,feliz
en serio hicimos sancocho en familia y fue muy rico hermano,feliz
es que me comparo mucho con los demas y me hace mal bro,triste
me llego un paquete que habia pedido,feliz
ahora mismo tengo miedo de fallar y me afecta mucho,miedo
la verdad el silencio de esa persona me preocupa mucho la verdad,miedo
en serio me tiene completamente harto y eso me pesa,enojo
ahora mismo me mandaron un audio muy lindo y me cuesta mucho,feliz
te cuento que me prometieron algo y no lo cumplieron y ya,enojo
en este momento todo esta saliendo bien desde hace dias,feliz
tengo miedo de que me quiten el trabajo hermano,miedo
te digo que que buena noticia para empezar el dia,feliz
estoy muy asustado de tomar esa decision,miedo
ultimamente cambiaron las reglas sin avisarme y me tiene agotado,enojo
men todo el mundo esta en planes y yo solo en casa bro,triste
parce me toco irme del barrio que queria,triste
sinceramente me canse de aguantarte en serio,enojo
no te miento siento que a nadie le importo y no lo puedo ocultar,triste
hoy manana es el dia y no estoy listo,miedo
te cuento que me tiene muy enojado esa situacion y me cuesta mucho,enojo
estoy muy asustado y no se que hacer,miedo
no te miento siento que algo esta pasando y nadie me dice que y ya,miedo
siento una tristeza que no puedo superar y no lo puedo superar,triste
en este momento estoy demasiado cansado por todo lo que paso,triste
no te miento no alcance el cupo en la universidad publica,triste
fijate que hoy fue exactamente lo que necesitaba y me tiene pensando mucho,feliz
de verdad no te lo voy a perdonar tan facil y no lo voy a tolerar,enojo
es que me quede sin trabajo y no se que hacer y ya,triste
para serte honesto nadie entendio como me sentia y me tiene mal,triste
es que mi mejor amigo se fue para otro pais parce,triste
me echaron la culpa de algo que no hice y no puedo evitarlo,enojo
mira nada de lo que hago vale la pena y ya,triste
oye tengo miedo de tomar la decision equivocada y no puedo evitarlo,miedo
desde hace dias hicieron algo injusto y nadie dijo nada y eso me pesa,enojo
men me siento solo aunque este rodeado de gente,triste
me alegra mucho saber eso y estoy muy contento,feliz
es que nacio mi hijo pero necesitaba decirlo,feliz
fijate que el partido de colombia salio bien pero bueno,feliz
hoy me robaron el celular y estoy muy mal,triste
la verdad me pusieron obstaculos que no tenian sentido y me tiene mal,enojo
oye siento que el tiempo paso y yo no hice nada sinceramente,triste
es que eres increiblemente irresponsable sin excusas,enojo
ahora mismo me siento motivado y me afecta mucho,feliz
te digo que tengo miedo de no tener a nadie conmigo y no puedo calmarlo,miedo
para serte honesto no supe leer la situacion y meti la pata y eso me tiene mal,triste
en serio tuve que fingir que estaba bien toda la noche y me tiene agotado,triste
la verdad me toco dejar los estudios por plata pero bueno,triste
en serio me mintieron en mi cara todo el tiempo,enojo
te digo que me siento muy desconectado de todo y de todos,triste
hoy me ignoraron cuando tenia toda la razon y nadie lo sabe,enojo
tengo miedo de decepcionar a todos y no se que hacer,miedo
sinceramente tengo miedo de que me quiten el trabajo y me cuesta mucho,miedo
no te miento dije algo que no quise decir y no se como explicarlo y me afecta mucho,triste
te digo que tengo miedo de equivocarme y arrepentirme despues la verdad,miedo
quedamos de una con el plan parce,feliz
mira me toco el dia libre todo el tiempo,feliz
fijate que perdi tiempo en algo que no valio sinceramente,enojo
es que siento que algo esta pasando y nadie me dice que y me tiene mal,miedo
en serio tengo panico de que me pregunten algo en clase hermano,miedo
la verdad es que estoy muy bajo de animo desde entonces,triste
ahora mismo estoy emocionalmente agotado pero no digo nada,triste
me da terror enfrentar esto solo de verdad,miedo
me entristece mucho esta situacion de verdad,triste
siento una angustia que me paraliza y no se que hacer,miedo
en serio no se si lo que estoy haciendo es lo correcto de verdad,miedo
por fin publique lo que venia trabajando y no puedo evitarlo,feliz
para serte honesto todo esta mal organizado y no lo puedo ocultar,enojo
en serio hoy fue un parche buenisimo,feliz
ultimamente me siento vulnerable desde hace dias,miedo
oye me pusieron en evidencia en un grupo y no se que hacer,enojo
es que llegue y me dijeron que no habia cupo,enojo
la verdad estoy demasiado angustiado para pensar y me afecta mucho,miedo
la verdad termine de pagar mi deuda y ya,feliz
mira me costo mucho levantarme hoy y me tiene mal,triste
el silencio de esa persona me preocupa mucho la verdad,miedo
oye hoy fue un parche buenisimo y me tiene mal,feliz
fijate que me cancelaron la cita sin avisar,enojo
no te miento pase el dia en cama y ya,triste
sinceramente tengo ansiedad de pensar en el futuro,miedo
de verdad que desconsiderado eres siempre y me parece muy mal,enojo
que dia tan especial fue hoy para mi sin duda,feliz
estoy realmente frustrado otra vez,enojo
la verdad me hablaron muy feo sin ninguna razon y no es facil,enojo
me da terror pensar que no hay salida y eso me preocupa mucho,miedo
que suerte tan grande la mia en serio,feliz
me da pena decirlo pero alguien noto que estaba bien y me lo dijo y no es facil admitirlo,feliz
lo que pasa es que estoy muy triste con lo que me conto y no lo puedo superar,triste
en serio me trataron como si no existiera y es agotador,enojo
hoy termine el curso que venia haciendo,feliz
se burlaron de algo que me costo decir y me afecta mucho,enojo
hoy me prometieron el trabajo y al final le dieron a otro y ya,enojo
oye me da ansiedad abrir ese chat y quisiera que alguien me ayudara,miedo
en serio por fin lo logre de verdad,feliz
hoy esto me molesta mucho ultimamente,enojo
desde hace dias estoy con las personas que amo y ya,feliz
no se si contarte pero no entendi el tono del mensaje y me confundi de verdad,triste
te cuento que defendi mi proyecto y quede bien y no puedo evitarlo,feliz
realmente me siento excelente ultimamente,feliz
bro me tratan diferente por ser joven,enojo
mira me dijeron que me quieren y eso me pesa,feliz
te cuento que me hablaron muy feo sin ninguna razon,enojo
hoy me prometieron algo y no lo cumplieron pero bueno,enojo
estoy agotado emocionalmente y no se que hacer,triste
realmente tengo ansiedad desde hace dias,miedo
no te miento no se si ese mensaje significaba lo que creo pero ya no puedo mas,miedo
realmente tengo panico todo el tiempo,miedo
la verdad vi que me sacaron de un grupo y no dije nada,triste
me siento muy triste y no se que hacer,triste
es que compre mi primera casa,feliz
te cuento que todo esta mal organizado y ya,enojo
en serio me echaron la culpa de algo que no hice y eso me pesa,enojo
sinceramente tengo temor de que todo salga mal de verdad,miedo
parce ya no hablo con mi parcero de toda la vida pero bueno,triste
ahora mismo no puedo mas con tanto pero no digo nada,triste
te cuento que hoy fue un parche buenisimo,feliz
mira me hablaron muy mal pero no digo nada,enojo
me da pena decirlo pero hoy no tuve que fingir que estaba bien y eso me tiene mal,feliz
me da pena decirlo pero me ignoraron cuando trate de explicarme,enojo
que rabia me da todo esto,enojo
que alegria me da ver tus logros y es lo mejor que me paso,feliz
en serio me etiquetaron en algo que me alegro el dia y nadie lo entiende,feliz
definitivamente todo me hace enojar y me afecta mucho,enojo
oye no quiero mandar el audio por miedo a como sueno y no puedo evitarlo,miedo
es que el profesor me felicito por el trabajo pero ya no puedo mas,feliz
es que dijeron mentiras sobre mi en redes bro,enojo
para serte honesto por fin me contestaron y trato de disimularlo,feliz
sinceramente me tienen harto con esto todo el tiempo,enojo
ahora mismo todo esta mal organizado y no puedo evitarlo,enojo
es que sali del pais por primera vez y ya,feliz
vi que estaba en linea pero no me respondio y no puedo evitarlo,triste
me graduo el sabado en el paraninfo y eso me duele,feliz
ahora mismo me encanta este momento desde hace dias,feliz
la verdad mi abuelo ya no esta y ya,triste
estoy muy mamado de todo y nadie lo sabe,triste
que alegria tan grande la que siento en serio,feliz
en serio siento que finjo estar bien tan seguido que ya ni se y me tiene pensando mucho,triste
la verdad siento que fracase pero no digo nada,triste
ultimamente tengo mucho miedo esta semana,miedo
te digo que siento una pena muy grande ahora y me duele mucho,triste
men me canse de pedir ayuda y no recibirla y me cuesta aceptarlo,triste
oye me tiene muy cansado esta gente y no puedo evitarlo,enojo
te cuento que me hicieron sentir mal por preguntar y me tiene mal,enojo
fijate que nadie noto que algo me pasaba y eso me tiene mal,triste
sinceramente siento que me quede atras y no puedo evitarlo,triste
es que tengo miedo de responder mal y arruinar todo bro,miedo
sinceramente mi grupo hizo el trabajo sin contar conmigo sinceramente,triste
fijate que me siento muy achantado hoy y no se que hacer,triste
te cuento que me salio el negocio que queria y me tiene mal,feliz
me siento muy motivado y feliz de verdad,feliz
sinceramente nada tiene sentido por todo lo que paso,triste
te cuento que quede muy contento con el resultado,feliz
vi algo que me dejo muy intranquilo la verdad,miedo
lo que pasa es que tengo miedo de decepcionar a todos y necesito que alguien me entienda,miedo
es que me angustia pensar que quiza elegi mal mi carrera y me tiene pensando mucho,miedo
me entristece mucho lo que paso y quisiera que no fuera así,triste
lo que pasa es que no puedo mas con esta situacion y punto,enojo
la verdad es que siento una pena muy grande ahora y me duele mucho,triste
hoy que descaro tan grande el de esa gente hermano,enojo
sinceramente fallecio alguien cercano sinceramente,triste
ultimamente ya no tengo ganas,triste
fijate que termine de pagar mi deuda sinceramente,feliz
te digo que siento una angustia que no me deja dormir y eso me preocupa mucho,miedo
no puedo evitar que siento una inquietud constante ahora,miedo
siento mucha angustia en este momento de verdad,miedo
en serio tengo panico de decir algo y que lo malinterpreten sinceramente,miedo
fijate que estoy muy molesto con lo que hicieron parce,enojo
me tiene muy irritado todo esto,enojo
ultimamente todo salio excelente y no se que hacer,feliz
me siento muy bien con mi proceso y me afecta,feliz
no te miento me preocupa tanto que no puedo dormir pero no digo nada,miedo
que alegria tan grande la mia de verdad,feliz
la verdad es que tengo miedo de haber arruinado algo sin saberlo de verdad,miedo
lo que es cierto es que estoy muy satisfecho con el dia de hoy sin duda,feliz
te cuento que tengo miedo de embarrarla con esa decision de verdad,miedo
la verdad estoy con el animo muy por el piso y ya,triste
sinceramente gane el concurso pero no digo nada,feliz
ultimamente tengo miedo de que mis sueños no sean suficientes bro,miedo
mira estoy emocionalmente agotado y me tiene mal,triste
definitivamente me siento sin energia desde hace dias,triste
en serio me dieron una sorpresa muy bonita hoy la verdad,feliz
ahora mismo siento que no encajo en ningún lado y necesito que alguien me entienda,triste
oye todo me genera ansiedad ultimamente y no se que hacer,miedo
bro hoy el clima estuvo perfecto y no es facil,feliz
ultimamente me quitaron el like y eso me bajo el animo,triste
ultimamente tengo miedo de que me cancelen por algo que dije bro,miedo
siento que algo malo va a pasar y ya,miedo
la verdad me siento orgulloso y no se que hacer,feliz
no te miento todo el mundo sigue y yo estoy quieto pero necesitaba decirlo,triste
la verdad es que no entendi bien el tono y eso me tiene angustiado pero necesitaba decirlo,miedo
hoy extraño como era todo antes la verdad,triste
ahora mismo me corrigieron el tono sin escuchar lo que dije y quisiera que alguien me ayudara,enojo
mira mi familia se fue a vivir lejos y me siento solo pero bueno,triste
definitivamente hoy fue un gran dia ultimamente,feliz
no se si voy a poder sostenerme solo y ya,miedo
oye quise decir algo pero no encontre las palabras y quisiera que alguien me ayudara,triste
oye estoy muy molesto con lo que hicieron parce,enojo
estoy muy deprimido en este momento,triste
en serio me pelee con mi mejor amigo y me duele mucho,triste
ahora mismo gane el concurso y necesito que alguien me entienda,feliz
sinceramente estoy muy ido hoy no se que me pasa y me tiene mal,triste
me hicieron repetir el tramite tres veces sinceramente,enojo
parce me salio el cupo en el sena,feliz
en serio hicieron como si yo no existiera en la reunion y me cuesta mucho,enojo
mira encontre lo que buscaba sinceramente,feliz
me graduo este sabado y me tiene mal,feliz
te cuento que quede encantado con como salio todo de verdad,feliz
sabes que me alegra mucho tu compania y estoy muy agradecido,feliz
ahora mismo siento demasiado temor todo el tiempo,miedo
en serio tengo miedo de decir algo fuera de lugar y me tiene agotado,miedo
ultimamente me piden experiencia para un trabajo de principiante de verdad,enojo
definitivamente todo me irrita todo el tiempo,enojo
ultimamente no me toman en serio por mi edad,enojo
sinceramente ya no se que hacer en este momento,triste
me mintieron descaradamente en la cara y me cuesta mucho,enojo
definitivamente estoy temblando de nervios y me afecta mucho,miedo
la verdad me tiene con los nervios destrozados y no es facil,miedo
no te miento me dijeron que exageraba y no se como manejarlo,enojo
te digo que me pone de muy buen humor esto en serio,feliz
la verdad es que estoy muy contento con los avances en serio,feliz
te digo que que felicidad tan grande siento ahora y es lo mejor que me paso,feliz
es que me angustia pensar que quiza elegi mal mi carrera la verdad,miedo
sinceramente me siento muy bien conmigo mismo la verdad,feliz
no te miento no supe si era una broma o algo serio y trato de disimularlo,triste
te digo que siento que estoy muy solo en todo esto y me duele mucho,triste
ultimamente estoy demasiado molesto otra vez,enojo
vieja me toca salir tarde y me da miedo en la calle y eso me duele,miedo
la verdad es que estoy muy decaido y no quiero hablar y me duele mucho,triste
la verdad es que estoy muy bajo de animo y sin ganas,triste
fijate que me echaron sin explicacion la verdad,triste
la verdad me fue bien en el icfes parce,feliz
mira siento que el tiempo paso y yo no hice nada y no se que hacer,triste
mira lo que paso usaron lo que les conte en mi contra y me cuesta mucho,enojo
realmente me siento derrotado esta semana,triste
no te miento siento que no soy tan inteligente como los demas y nadie lo entiende,triste
en serio me tiene con los nervios destrozados y ya,miedo
sabes que que buena suerte la mia hoy y estoy muy contento,feliz
hoy tengo miedo de decir algo y que lo tomen mal parce,miedo
oye alguien noto que estaba bien y me lo dijo y me afecta mucho,feliz
fijate que hoy fui honesto y salio bien y eso me tiene mal,feliz
hermano me tiene muy preocupado lo que esta pasando,miedo
me tienen hasta la coronilla,enojo
es que siento que estoy de mas y es agotador,triste
fijate que quedamos de una con el plan la verdad,feliz
de verdad no voy a tolerar ese comportamiento y eso no esta bien,enojo
ultimamente abusaron de mi confianza y me tiene mal,enojo
realmente todo esta empeorando en este momento,triste
me canse de esperar que las cosas cambien solas y ya,triste
oye hoy fue un dia increible de verdad y no se que hacer,feliz
siento que cargo con demasiado para mi edad y no es facil,triste
es que defendi mi proyecto y quede bien,feliz
es que nadie noto que algo me pasaba,triste
ahora mismo el resultado me tiene muy angustiado sinceramente,miedo
te digo que ya no aguanto mas esa situacion la verdad,enojo
la verdad me da demasiada rabia en este momento,enojo
sabes que estoy muy contento con lo que paso,feliz
te digo que me siento muy triste y sin motivacion y no lo puedo superar,triste
es que me da susto pedir el favor porque me da pena y me tiene mal,miedo
la verdad estoy muy molesto con lo que hicieron y me cuesta mucho,enojo
me dicen que me esfuerce mas cuando ya doy todo y me tiene pensando mucho,enojo
en serio tengo miedo de decir algo fuera de lugar y no es facil admitirlo,miedo
no se si contarte pero se burlaron de algo que me costo decir y me pesa cargarlo solo,enojo
lo que pasa es que tengo miedo de decir algo fuera de lugar y me tiene agotado,miedo
te cuento que hoy me fue de pelos,feliz
no te miento me duele el alma todo el tiempo,triste
para serte honesto me sorprendieron hoy y ya,feliz
oye que caradureza la tuya,enojo
la verdad fuimos a la finca y fue muy bacano y me cuesta mucho,feliz
hoy no puedo mas con tanto y no puedo evitarlo,triste
oye siento que no le importo a nadie de verdad y me tiene agotado,triste
me trataron como si yo fuera el problema y no se que hacer,enojo
oye quede encantado con como salio todo pero bueno,feliz
oye me siento muy lejos de todos pero necesitaba decirlo,triste
en serio que experiencia tan maravillosa fue de verdad,feliz
te digo que siento mucho miedo en este momento,miedo
sinceramente publicaron algo mio sin pedirme permiso y me afecta mucho,enojo
en serio me da panico enviar ese mensaje y quedar mal men,miedo
te cuento que me llamaron para el trabajo en medellin,feliz
te cuento que llegue a tiempo a todo y no lo puedo ocultar,feliz
estoy muy nervioso y asustado por todo y eso me preocupa mucho,miedo
siento que finjo estar bien tan seguido que ya ni se y no puedo evitarlo,triste
no te miento termine de pagar mi deuda,feliz
hoy me subieron el sueldo sinceramente,feliz
te juro que me paraliza no saber cual es el camino correcto,miedo
para serte honesto me dejaron hacer todo el trabajo solo de verdad,enojo
te juro que tengo ansiedad de pensar en el futuro y ya,miedo
me alegra mucho tu compania y estoy muy agradecido,feliz
mi abuela ya no esta y no se que hacer,triste
te cuento que estoy muy asustado con lo que puede pasar y ya,miedo
no te miento el profesor me humillo frente a todos y no se que hacer,triste
no te miento me asusta mucho lo que esta pasando en el barrio,miedo
no puedo evitar que estoy muy nervioso por lo que puede pasar y eso me preocupa mucho,miedo
en este momento estoy muy emocionado esta semana,feliz
me tiene muy irritado todo esto y eso me duele,enojo
nos separamos despues de mucho tiempo pero bueno,triste
estoy emocionado con las noticias de verdad,feliz
oye no entiendo como la gente puede ser asi y no es facil,enojo
la verdad me da ansiedad conocer gente nueva todo el tiempo,miedo
realmente esto es injusto otra vez,enojo
la verdad no me dejaron hablar y ya,enojo
me da mucho miedo no estar listo y no se que hacer,miedo
no te miento me trataron como si no existiera y me tiene mal,enojo
no te miento tengo miedo de ver lo que me respondieron y me tiene agotado,miedo
no se si contarte pero me mandaron audio de voz gritando y no se que hacer,enojo
fijate que hice algo que me daba miedo y salio bien y trato de disimularlo,feliz
en serio me tienes harto de verdad sin excusas,enojo
hoy me siento muy lejos de ser feliz y no puedo evitarlo,triste
siento una ansiedad horrible en este momento y eso me preocupa mucho,miedo
la verdad es que siento panico cada vez que pienso en eso y no puedo calmarlo,miedo
desde ayer me hicieron perder el tiempo y me afecta mucho,enojo
mira mi abuela ya no esta y ya,triste
de verdad estoy muy apenado por lo sucedido,triste
hoy me tiene muy enojado esa situacion la verdad,enojo
en serio me da mucha pena decirle eso a la gente,miedo
desde hace dias me sorprendieron hoy pero no digo nada,feliz
en serio me da terror mostrarme como soy de verdad y me cuesta mucho,miedo
para serte honesto esto me parece una falta de respeto total y no puedo evitarlo,enojo
no puedo evitar que me da mucho miedo el futuro,miedo
la verdad me dieron la visa y ya,feliz
hoy me aterra quedar mal frente a todos y no es facil,miedo
ahora mismo me escribio la persona que me gusta,feliz
es que tengo miedo de que todo se derrumbe y no se que hacer,miedo
hoy no me puedo quitar esa preocupacion de encima la verdad,miedo
no puedo creer que que falta de respeto tan grande y eso no esta bien,enojo
oye me da muy duro enfrentar esa conversacion pero bueno,miedo
oye me cuesta aceptar que eso ya termino de verdad,triste
te juro que tuve que fingir que estaba bien toda la noche y no lo digo seguido,triste
ahora mismo estoy realmente frustrado en este momento,enojo
fijate que siento que voy por buen camino y no puedo evitarlo,feliz
te cuento que se fue mi gato hoy,triste
te juro que hoy todo el transporte me funciono perfecto y me cuesta aceptarlo,feliz
oye no logre lo que esperaba y es agotador,triste
la verdad es que siento una tristeza que no puedo explicar y no se como seguir,triste
fijate que aprobe todas las materias este semestre y no se que hacer,feliz
fijate que no se que va a pasar con mi vida la verdad,miedo
me hicieron sentir que molestaba y no puedo evitarlo,enojo
no te miento estoy rodeado de gente y me siento solo y no lo puedo ocultar,triste
siento una inquietud muy grande ahora,miedo
me da pena decirlo pero llevo dias aguantando esto y ya no puedo pero ya no puedo mas,enojo
me da pena decirlo pero vi que estaba en linea pero no me respondio y no se que hacer,triste
cambiaron todo sin avisarme y ya,enojo
desde ayer me siento furioso otra vez,enojo
te juro que hice algo que me daba miedo y salio bien y me pesa cargarlo solo,feliz
mira lo que paso me copiaron el trabajo y lo publicaron como propio y me pesa cargarlo solo,enojo
realmente me siento nervioso por todo lo que paso,miedo
mira si esto no funciona no se que voy a hacer y nadie lo sabe,miedo
vieja tengo miedo de que me quiten el trabajo la verdad,miedo
desde hace dias el profesor me felicito por el trabajo y trato de disimularlo,feliz
te juro que me asusta no saber si voy a conseguir trabajo y nadie lo entiende,miedo
sinceramente tengo panico de no saber como actuar en esa situacion de verdad,miedo
en este momento estoy muy contento hoy,feliz
la verdad me siento tranquilo y feliz esta semana,feliz
definitivamente hoy fue un mal dia ultimamente,triste
oye me dicen que me esfuerce mas cuando ya doy todo y no se que hacer,enojo
mira ya me colmaste la paciencia,enojo
la verdad es que alguien me entendio sin que yo explicara mucho y eso me tiene mal,feliz
desde hace dias me interrumpieron todo el tiempo y necesito que alguien me entienda,enojo
extraño como eran las cosas antes y eso me pesa,triste
definitivamente no se que va a pasar y me afecta mucho,miedo
en serio me sacaron de la jugada sin ninguna explicacion y ya,enojo
parce me faltaron el respeto delante de todos y ya,enojo
me case hoy y me afecta,feliz
realmente estoy demasiado preocupado,miedo
sinceramente tengo miedo de que mi respuesta suene agresiva sinceramente,miedo
mira tengo un mal presentimiento con eso y nadie lo sabe,miedo
hoy el transporte salio tardisimo y llegue tarde por eso pero bueno,enojo
es que manana es el dia y no estoy listo y me afecta,miedo
siento que se me acaba el tiempo la verdad,miedo
estoy muy molesto con lo que hicieron la verdad,enojo
me enfurece que actuen asi y eso me pesa,enojo
ya me canse de repetirte lo mismo y ya me canse,enojo
en serio que buena noticia me alegra el dia sin duda,feliz
me faltaron el respeto delante de todos y no es facil,enojo
fijate que me llamaron de la empresa y no dijeron para que y no puedo evitarlo,miedo
estoy muy bacano con la noticia y no se que hacer,feliz
definitivamente estoy agradecido por todo por todo lo que paso,feliz
no se si contarte pero no entendi bien el tono y eso me tiene angustiado sinceramente,miedo
me siento muy contento con el equipo y estoy muy contento,feliz
ultimamente tengo miedo de que me juzguen otra vez,miedo
sinceramente no duermo de la preocupacion y eso me pesa,miedo
fijate que me siento orgulloso de donde estoy la verdad,feliz
siento una ansiedad muy fuerte ahora,miedo
te cuento que termino mi carrera y ya,feliz
definitivamente tengo miedo de hablar,miedo
sinceramente me copiaron el trabajo y lo publicaron como propio,enojo
estoy muy bajoneado sin poder levantarme y me duele mucho,triste
te juro que me tienen harto con todo esto sin excusas,enojo
lo que pasa es que me dijeron que me quieren y no puedo evitarlo,feliz
ahora mismo lei el mensaje mal y arruine todo sinceramente,triste
para serte honesto estoy demasiado angustiado para pensar y es agotador,miedo
me llamaron de la empresa y no dijeron para que y nadie lo sabe,miedo
es que todo esta fluyendo muy bien ultimamente,feliz
me dejaron plantado y ni se disculparon de verdad,enojo
te cuento que me da pena que se den cuenta que no entendi y eso me duele,miedo
ahora mismo todo esta funcionando bien todo el tiempo,feliz
sinceramente siento que estoy de mas y ya,triste
hoy me respondio el mensaje que esperaba y no puedo evitarlo,feliz
te cuento que me da mucha pena decirle eso a la gente de verdad,miedo
en este momento me siento feliz ultimamente,feliz
estoy con una nota hoy y no es facil,feliz
vieja me usaron cuando les convenia y despues nada y ya,enojo
la verdad me siento muy lejos de todos y no se que hacer,triste
en serio me dijeron que cambie como si estuviera mal ser yo y eso me tiene mal,triste
me invitaron a salir,feliz
fijate que me quitaron el like y eso me bajo el animo,triste
ultimamente por fin me contestaron sinceramente,feliz
no te miento me da panico equivocarme y que no me perdonen y me afecta mucho,miedo
en este momento me siento furioso otra vez,enojo
es que tengo miedo de ver lo que me respondieron y no se como manejarlo,miedo
realmente estoy realmente frustrado todo el tiempo,enojo
mira abusaron de mi confianza la verdad,enojo
en serio me trataron muy mal sin razon y es agotador,enojo
ya me colmaste la paciencia,enojo
definitivamente recibi buenas noticias,feliz
sinceramente gane el concurso y me tiene mal,feliz
me llegó una carta del juzgado y no se que es y no se que hacer,miedo
te juro que nadie noto que algo me pasaba pero necesitaba decirlo,triste
parce hicimos sancocho en familia y fue muy rico la verdad,feliz
en serio por fin me contestaron y me afecta mucho,feliz
no alcance el cupo en la universidad publica de verdad,triste
mira lo que paso llevo dias aguantando esto y ya no puedo de verdad,enojo
mira ya no tengo energia para nada de lo que antes me gustaba de verdad,triste
me bloquearon sin darme ninguna explicacion y no se que hacer,enojo
ultimamente me invitaron a participar en un proyecto y no se que hacer,feliz
oye me embargaron la cuenta y no entiendo por que y me cuesta mucho,miedo
vieja me preocupa no poder pagar el arriendo el otro mes la verdad,miedo
es que me da ansiedad ver cuanta gente vio mi historia y me afecta,miedo
para serte honesto alguien me entendio sin que yo explicara mucho y quisiera que alguien me ayudara,feliz
estoy muy bajo de animo desde entonces y no se como seguir,triste
no te miento siento que no le importo a nadie de verdad y me afecta mucho,triste
no se no me reconozco ultimamente y me tiene pensando mucho,triste
mira me dijeron que me quieren todo el tiempo,feliz
te digo que que experiencia tan maravillosa fue y estoy muy contento,feliz
la verdad me salio rico lo que cocine pero no digo nada,feliz
en serio estoy muy triste con lo que me conto,triste
me puse a pensar en lo peor y no puedo parar y no se que hacer,miedo
la verdad es que tengo panico de enfrentar esto solo y me tiene muy nervioso,miedo
en este momento me encanta este momento por todo lo que paso,feliz
no te miento me tiene con los nervios destrozados y no es facil,miedo
la verdad logre ahorrar lo que necesitaba y nadie lo sabe,feliz
oye me contactaron por mi trabajo y quede feliz,feliz
me hicieron perder un dia entero la verdad,enojo
parce hoy fue un parche buenisimo y me tiene mal,feliz
sinceramente siento panico cada vez que pienso en eso y no puedo calmarlo,miedo
desde ayer estoy pasando un gran momento por todo lo que paso,feliz
realmente estoy disfrutando mucho,feliz
no te miento ya no tengo fuerzas para nada y eso me pesa,triste
oye dijeron mentiras sobre mi en redes,enojo
hoy vi que me sacaron de un grupo y no dije nada la verdad,triste
hoy me siento destruido y no se que hacer,triste
me siento muy vacio aunque tenga cosas que hacer pero bueno,triste
ahora mismo me senti aceptado como soy y me pesa cargarlo solo,feliz
hoy que buen momento para estar feliz y no lo puedo creer,feliz
la verdad me da miedo pedir ayuda y no lo puedo ocultar,miedo
hoy me da demasiada rabia en este momento,enojo
es que consegui apartamento en arriendo bien precio de verdad,feliz
en serio me cambiaron el turno sin avisarme y me cuesta mucho,enojo
fijate que me trataron diferente a los demas y ya,enojo
para serte honesto tuve que repetir lo mismo mil veces y me afecta mucho,enojo
me faltaron el respeto delante de todos pero bueno,enojo
estoy muy feliz con mi vida sin duda,feliz
sinceramente me sorprendieron hoy y es agotador,feliz
oye me critican las decisiones sin conocer mi situacion,enojo
sinceramente me salio el primer cliente la verdad,feliz
realmente esto me molesta mucho todo el tiempo,enojo
ultimamente me siento motivado desde hace dias,feliz
me siento muy desconectado de todo y de todos,triste
lo que pasa es que eres increiblemente irresponsable y me parece muy mal,enojo
ahora mismo me siento muy bien conmigo mismo otra vez,feliz
mira me salio el primer cliente,feliz
realmente me siento vacio desde hace dias,triste
hoy me dejaron esperando sin explicacion y me tiene mal,enojo
me toco irme del barrio que queria la verdad,triste
te cuento que sali del pais por primera vez,feliz
mira mi familia se fue a vivir lejos y me siento solo y ya,triste
ya no hablo con alguien que queria mucho pero necesitaba decirlo,triste
sinceramente defendi mi proyecto y quede bien pero necesitaba decirlo,feliz
ultimamente me siento horrible y no se que hacer,triste
realmente todo me irrita desde hace dias,enojo
consegui apartamento en arriendo bien precio la verdad,feliz
para serte honesto me escribio la persona que me gusta de verdad,feliz
me pone muy nervioso tener que dar explicaciones y ya,miedo
sinceramente siento que no encajo en ningún lado y no se que hacer,triste
es que me dijeron que si y despues que no y nadie lo sabe,enojo
sinceramente logre lo que queria y me afecta mucho,feliz
te juro que que actitud tan mala la tuya y punto,enojo
no se si contarte pero tuve que fingir que estaba bien toda la noche y no se como manejarlo,triste
mira lo que paso tengo miedo de que me alejen si se dan cuenta como soy y quisiera que alguien me ayudara,miedo
realmente todo me irrita ultimamente,enojo
sinceramente hoy me senti muy a gusto con todo y ya,feliz
oye que fastidio me da esta situacion sin excusas,enojo
parce estoy muy cansado de lucharla solo de verdad,triste
te cuento que nadie hace las cosas bien aqui y no puedo evitarlo,enojo
oye me dijeron que cambie como si estuviera mal ser yo y nadie lo entiende,triste
ahora mismo no se que va a pasar con mi vida y me afecta mucho,miedo
de verdad me siento muy dichoso en este momento y estoy muy agradecido,feliz
fijate que me da pena que se den cuenta que no entendi y me cuesta mucho,miedo
hoy todo salio mal ultimamente,triste
sinceramente aprobe la materia que tenia perdida y me tiene agotado,feliz
lo que pasa es que estoy muy apenado por lo que paso de verdad,triste
sinceramente estoy muy asustado y no se que hacer de verdad,miedo
en serio me dejo mi novia y estoy muy bajoneado pero bueno,triste
me hicieron sentir que molestaba y ya,enojo
mira no se que quiero hacer con mi vida la verdad,miedo
oye quise decir algo pero no encontre las palabras de verdad,triste
me toco vender el carro que tanto queria de verdad,triste
oye quedamos de una con el plan y eso me duele,feliz
no puedo evitar que tengo mucho miedo de lo desconocido,miedo
hoy tuve que repetir lo mismo mil veces y me afecta mucho,enojo
en este momento me hicieron perder el tiempo desde hace dias,enojo
fuimos a la finca y fue muy bacano y me cuesta mucho,feliz
parce me da muy duro enfrentar esa conversacion la verdad,miedo
realmente estoy demasiado molesto ultimamente,enojo
te cuento que manana tengo una prueba importante y estoy nervioso y ya,miedo
fijate que termine mi tesis la verdad,feliz
de verdad me siento muy decaido sin saber por que,triste
termine el curso que venia haciendo y me tiene pensando mucho,feliz
hoy no me dejaron terminar de hablar y ya,enojo
realmente me siento lleno de energia esta semana,feliz
mira lo que paso me di cuenta que no me invitaron a la reunion y no es facil admitirlo,triste
que situacion tan frustrante esta de verdad,enojo
te cuento que tengo miedo de embarrarla con esa decision,miedo
lo que pasa es que me etiquetaron en algo que me alegro el dia sinceramente,feliz
mira ya nada es igual,triste
fijate que me salio el traslado que pedi,feliz
me entristece mucho esta situacion y me duele mucho,triste
en serio que irresponsable eres con todo y ya me canse,enojo
siento que todos avanzan menos yo,triste
me da demasiada rabia,enojo
ya no quiero esforzarme pero no digo nada,triste
no te miento me tocó pagar una multa que no era justa,enojo
ultimamente hoy hice algo que me daba mucho miedo y salio bien y no se que hacer,feliz
sinceramente me da ansiedad abrir ese chat y me cuesta mucho,miedo
dijeron mentiras sobre mi en redes y me afecta,enojo
lo que pasa es que eres una persona muy egoista,enojo
vieja me da pena que se den cuenta que no entendi,miedo
la verdad estoy muy molesto con lo que hicieron y me tiene mal,enojo
mira me siento muy achantado hoy,triste
te digo que me di cuenta que nadie me busca si yo no busco,triste
la verdad encontre algo que habia perdido hace tiempo y me afecta,feliz
la verdad me pusieron a hacer el trabajo de todos,enojo
mira quede encantado con como salio todo y me tiene mal,feliz
por fin me compre lo que queria y no puedo evitarlo,feliz
parce me puse muy feliz con eso,feliz
en serio que dia tan maravilloso fue hoy,feliz
parce me da pena que se den cuenta que no entendi y ya,miedo
eres un egoista de primera,enojo
te cuento que tengo un presentimiento muy malo sinceramente,miedo
me di cuenta que nadie me busca si yo no busco de verdad,triste
fijate que estoy muy ilusionado con lo que viene y es agotador,feliz
hoy hable con alguien nuevo y no fue tan malo y nadie lo entiende,feliz
te digo que que buena noticia para terminar el dia y estoy muy agradecido,feliz
sinceramente siento mucha ansiedad por lo desconocido y eso me preocupa mucho,miedo
ahora mismo pude expresarme sin que me juzgaran y no se como manejarlo,feliz
tengo una angustia enorme en este momento y me tiene muy nervioso,miedo
es que me dieron el trabajo que queria y nadie lo sabe,feliz
sinceramente sali del pais por primera vez y me tiene mal,feliz
hoy tengo miedo de equivocarme y arrepentirme despues bro,miedo
fijate que me salio la receta que estaba intentando y ya,feliz
en serio llegue a tiempo a todo otra vez,feliz
en serio vi que estaba en linea pero no me respondio y trato de disimularlo,triste
es que por fin me compre lo que queria sinceramente,feliz
lo que pasa es que siento que algo se rompio dentro de mi y es agotador,triste
fijate que me dejo de seguir en redes sociales y me pesa cargarlo solo,triste
desde ayer me siento horrible y me duele mucho,triste
hoy hoy todo fluyo bien y no se que hacer,feliz
el partido de colombia salio bien y me cuesta mucho,feliz
fijate que logre terminar algo que habia dejado pendiente y no se como manejarlo,feliz
no se si contarte pero ya les dije mil veces y no cambia nada y no lo digo seguido,enojo
fijate que me duele el alma y eso me pesa,triste
eso no estuvo bien para nada,enojo
en serio me canse de pedir ayuda y no recibirla y me afecta,triste
oye logre terminar algo que habia dejado pendiente y quisiera que alguien me ayudara,feliz
desde hace dias me aceptaron en la universidad y me afecta mucho,feliz
te cuento que tengo miedo de tomar la decision equivocada y no se que hacer,miedo
es que me copiaron el contenido y ni siquiera lo cambiaron y me tiene pensando mucho,enojo
hoy quede muy contento con el resultado parce,feliz
que buen momento para estar feliz,feliz
en serio nadie me eligio para su equipo y no se como manejarlo,triste
ahora mismo me siento lleno de energia y me afecta mucho,feliz
estoy muy triste con la situacion actual y me duele mucho,triste
me siento muy contento con todo,feliz
la verdad es que que buen momento para estar feliz,feliz
es que hoy descanse bien por primera vez en mucho tiempo men,feliz
honestamente estoy demasiado molesto desde hace dias,enojo
tengo temor de que todo cambie de golpe,miedo
te digo que estoy muy bajoneado sin poder levantarme y no se como seguir,triste
hoy mi mejor amigo se fue a vivir lejos y me afecta,triste
oye me dieron el trabajo que queria,feliz
para serte honesto tengo miedo de que me rechacen si digo lo que pienso y no se como manejarlo,miedo
sinceramente me da mucho temor el futuro cercano y me tiene muy nervioso,miedo
definitivamente estoy cansado mentalmente desde hace dias,triste
la verdad es que me siento muy afortunado y no lo puedo creer,feliz
fijate que estoy muy nervioso con esa vuelta,miedo
te digo que siento un dolor muy grande en el pecho y me duele mucho,triste
la verdad no tengo ganas de nada por todo lo que paso,triste
te cuento que no me puedo quitar esa preocupacion de encima,miedo
hoy me di cuenta que nadie me busca si yo no busco de verdad,triste
no te miento todo cambio de golpe y me afecta,triste
es que me di cuenta que nadie me busca si yo no busco y me afecta,triste
mira tengo miedo de que me quiten el trabajo la verdad,miedo
ultimamente tengo miedo de decepcionar a todos pero no digo nada,miedo
hoy no me puedo sacar esta sensacion de encima,miedo
vieja mi familia estuvo muy unida hoy y me tiene mal,feliz
es que tengo un miedo horrible que no me deja y me tiene muy nervioso,miedo
mira lo que paso dije algo que no quise decir y no se como explicarlo y no lo digo seguido,triste
lo que pasa es que me mandaron un mensaje muy agresivo y nadie lo entiende,enojo
no se que va a pasar con mi vida todo el tiempo,miedo
hoy me cobraron mas de lo que decia el precio y no se que hacer,enojo
hoy me hablaron muy feo sin ninguna razon,enojo
en este momento me siento muy triste y me duele mucho,triste
en serio tengo un presentimiento muy malo y es agotador,miedo
te cuento que me puse muy feliz con eso parce pero bueno,feliz
hoy me mandaron un mensaje raro y no entiendo que quieren de verdad,miedo
oye me angustia saber que todo queda guardado en internet de verdad,miedo
la verdad es que me asusta pensar en las consecuencias,miedo
es que me cambiaron el turno sin avisarme,enojo
la verdad aprobe el examen,feliz
para serte honesto tengo miedo de que mi respuesta suene agresiva y eso me tiene mal,miedo
sinceramente tengo miedo de ver lo que me respondieron y no lo digo seguido,miedo
me fui de viaje,feliz
la verdad es que me hace muy feliz lo que hiciste de verdad,feliz
en serio me pone ansioso salir de casa y me afecta mucho,miedo
te cuento que todo esta mal organizado y necesito que alguien me entienda,enojo
es que me pidieron algo de ultimo momento y nadie lo entiende,enojo
ahora mismo estoy pasando un gran momento desde hace dias,feliz
parce me tiene muy intranquilo todo esto y ya,miedo
siento una ansiedad tremenda ahora y eso me preocupa mucho,miedo
es que me asusta mucho lo que podria pasar de verdad,miedo
me siento muy pleno y contento sin duda,feliz
te cuento que me tiene muy irritado todo esto y ya,enojo
no se si contarte pero me da ansiedad abrir ese chat y quisiera que alguien me ayudara,miedo
en serio me di cuenta que no me invitaron a la reunion y no puedo evitarlo,triste
fijate que me da ansiedad cuando hay silencio en la conversacion y me cuesta mucho,miedo
honestamente ya basta con esa actitud de verdad,enojo
hoy me da panico enviar ese mensaje y quedar mal men,miedo
de verdad no se puede confiar en ti,enojo
no te miento ya les dije mil veces y no cambia nada pero necesitaba decirlo,enojo
te digo que me borraron un comentario que tenia toda la razon de verdad,enojo
fijate que me salio redondo todo hoy y nadie lo sabe,feliz
no se si contarte pero tengo miedo de haber arruinado algo sin saberlo y nadie lo entiende,miedo
honestamente eso no estuvo bien para nada,enojo
no te miento me cayo muy bien esa persona y me cuesta mucho,feliz
honestamente que actitud tan mala la tuya sin excusas,enojo
sinceramente siento demasiado temor y me afecta mucho,miedo
lo que pasa es que publico algo que me dejo muy mal y eso me tiene mal,triste
me siento increiblemente bien de verdad,feliz
hoy no puedo dejar de preocuparme,miedo
no te miento me tiene muy enojado esa situacion hermano,enojo
me dieron la beca y es agotador,feliz
es que me trataron como si yo fuera el problema y no puedo evitarlo,enojo
en serio estoy cansado de aparentar que todo esta bien y me cuesta aceptarlo,triste
oye no supe como responder y ahora me arrepiento de verdad,triste
te cuento que me sacaron de la jugada sin ninguna explicacion,enojo
lo que pasa es que me entristece mucho esta situacion de verdad,triste
la verdad me estan ocultando algo y eso me pone nervioso y me tiene mal,miedo
estoy muy nervioso con todo lo que pasa y no se que hacer,miedo
oye me fui de la reunion antes porque no podia mas de verdad,triste
en serio me entristece mucho pensar en eso y no se como seguir,triste
no te miento me da ansiedad conocer gente nueva y ya,miedo
vieja me toca salir tarde y me da miedo en la calle y no puedo evitarlo,miedo
te cuento que siento que no encajo en ningún lado y ya,triste
no te miento me ignoraron cuando tenia razon y eso me pesa,enojo
no te miento tengo panico de decir algo y que lo malinterpreten pero necesitaba decirlo,miedo
mira siento que todo el mundo sigue y yo me quede quieto hermano,triste
en serio estoy muy apagado y sin energia y no se como seguir,triste
en serio vi que estaba en linea pero no me respondio y me pesa cargarlo solo,triste
mira quede muy contento con el resultado pero bueno,feliz
no se si contarte pero cambio su estado y supe que era por mi de verdad,triste
estoy furioso contigo y eso no esta bien,enojo
me da panico equivocarme y que no me perdonen y me pesa cargarlo solo,miedo
hoy tengo miedo de llegar a cierta edad sin haber logrado nada y nadie lo entiende,miedo
sinceramente tengo panico de que me pregunten algo frente a todos y eso me tiene mal,miedo
te cuento que siento que cargue solo con todo sinceramente,triste
hermano se aprovecharon de la buena fe mia parce,enojo
te juro que me encontre plata en un bolsillo que no sabia y no puedo evitarlo,feliz
te cuento que me tiene muy cansado esta gente y no es facil,enojo
oye pase el dia en cama y necesito que alguien me entienda,triste
fijate que siento que fracase y me afecta mucho,triste
te cuento que me da terror enfrentar esto solo y no se que hacer,miedo
te juro que me cansa tu falta de madurez,enojo
que rabia me da todo esto y eso no esta bien,enojo
desde ayer me siento increible otra vez,feliz
en serio me senti aceptado como soy y quisiera que alguien me ayudara,feliz
hoy me siento muy achantado hoy y no es facil,triste
fijate que me tiene muy bravo la falta de respeto,enojo
sinceramente hoy todo el transporte me funciono perfecto bro,feliz
no te miento estoy esperando una respuesta y me tiene nervioso y necesito que alguien me entienda,miedo
en este momento recibi buenas noticias,feliz
parce por fin me salio el pasaporte,feliz
te cuento que siento que a nadie le importo y me tiene mal,triste
que dia tan exitoso fue hoy,feliz
te juro que me asusta que piensen que soy raro pero necesitaba decirlo,miedo
en serio siento una tristeza que no puedo explicar,triste
ahora mismo el resultado me tiene muy angustiado y es agotador,miedo
mira llegue a los seguidores que queria y no se que hacer,feliz
en serio no alcance el cupo en la universidad publica,triste
la verdad ya no se que hacer todo el tiempo,triste
la verdad me siento muy desconectado de todo y de todos la verdad,triste
para serte honesto me siento completo y me tiene mal,feliz
lo que pasa es que no hubo trafico hoy de verdad,feliz
en este momento me siento orgulloso ultimamente,feliz
te juro que me mandaron buenas noticias por whatsapp y me afecta mucho,feliz
no te miento tuve que repetir lo mismo mil veces y eso me pesa,enojo
siento que cargo con demasiado para mi edad men,triste
en serio me mintieron descaradamente en la cara y no es facil,enojo
me da pena decirlo pero minimizaron lo que sentia y trato de disimularlo,enojo
hoy me tiene muy preocupado lo que esta pasando y no se que hacer,miedo
mira me da una bronca tremenda y me parece muy mal,enojo
para serte honesto publico algo que me dejo muy mal y nadie lo entiende,triste
lo que pasa es que hablaron de algo que yo no sabia y me senti excluido y me pesa cargarlo solo,triste
es que fuimos a la finca y fue muy bacano,feliz
hoy logre terminar algo que habia dejado pendiente y me cuesta mucho,feliz
es que me embargaron la cuenta y no entiendo por que pero bueno,miedo
te cuento que tengo miedo de que me juzguen y necesito que alguien me entienda,miedo
en serio hoy todo el transporte me funciono perfecto y ya,feliz
es que extraño como era todo antes y ya,triste
me siento muy perdido con mi vida de verdad,triste
la verdad estoy que no me la creo de verdad,feliz
no se que quiero hacer con mi vida y no es facil,miedo
la verdad es que siento que algo muy importante se perdio,triste
tengo ansiedad y me afecta mucho,miedo
en serio me dejo mi novio y estoy muy mal,triste
hoy tengo panico de que algo que dije llegue a las manos equivocadas la verdad,miedo
es que siento que cargo con demasiado para mi edad bro,triste
sinceramente me dijeron que era mi culpa cuando no lo era y no se que hacer,enojo
las cosas estan saliendo como quiero pero necesitaba decirlo,feliz
sinceramente la vida esta siendo buena conmigo y no se que hacer,feliz
no te miento me graduo este mes y eso me pesa,feliz
publicaron algo mio sin pedirme permiso y no se que hacer,enojo
usaron mis ideas sin darme credito bro,enojo
hoy me tocó madrugar y no dormí nada y encima salio mal y no se que hacer,triste
es que tengo panico de que algo que dije llegue a las manos equivocadas y no se que hacer,miedo
en serio no se si estoy listo para esto y no lo puedo ocultar,miedo
desde ayer siento mucha presion todo el tiempo,miedo
te cuento que me siento orgulloso de donde estoy,feliz
te cuento que no alcance el cupo en la universidad publica y eso me duele,triste
sinceramente me siento desconectado de todo,triste
desde ayer me siento vacio esta semana,triste
sinceramente ya no tengo fuerzas para nada y me tiene mal,triste
desde hace dias no se como va a terminar esto todo el tiempo,miedo
lo que pasa es que me eliminó de sus contactos sin decir nada y quisiera que alguien me ayudara,triste
es que publicaron algo mio sin pedirme permiso y me afecta,enojo
sinceramente me dieron el trabajo que queria,feliz
ahora mismo la vida esta siendo buena conmigo y necesito que alguien me entienda,feliz
la verdad tengo miedo de equivocarme y arrepentirme despues men,miedo
te digo que estoy muy angustiado con las posibilidades y me tiene muy nervioso,miedo
oye me mandaron un audio muy lindo y nadie lo entiende,feliz
hoy me fui de viaje y no se que hacer,feliz
vieja me da susto pedir el favor porque me da pena la verdad,miedo
la verdad es que tengo panico de que me pregunten algo frente a todos pero necesitaba decirlo,miedo
la verdad me dieron informacion falsa pero bueno,enojo
desde hace dias ya no quiero esforzarme sinceramente,triste
sinceramente estoy muy angustiado por todo esto y me tiene muy nervioso,miedo
es que siento una angustia muy grande ahora y me tiene muy nervioso,miedo
es que tengo un mal presentimiento con eso,miedo
no puedo mas con esta situacion y ya me canse,enojo
parce me gane una chamba buenisima y ya,feliz
ultimamente me echaron la culpa de algo que no hice y ya,enojo
no se si contarte pero alguien noto que estaba bien y me lo dijo y me pesa cargarlo solo,feliz
fijate que siento que voy por buen camino y eso me pesa,feliz
lo que pasa es que todo esta mal organizado otra vez,enojo
me hicieron sentir que molestaba,enojo
me mencionaron en algo que me puso en ridiculo y no puedo evitarlo,enojo
me tiene muy cansado esa actitud la verdad,enojo
sinceramente pague y no me dieron lo que ofrecieron,enojo
es que tengo miedo de embarrarla con esa decision de verdad,miedo
quede muy contento con el resultado y me tiene mal,feliz
te juro que pude mantener una conversacion sin angustiarme sinceramente,feliz
mira me preocupa no poder pagar el arriendo el otro mes pero bueno,miedo
bro tengo panico de que algo que dije llegue a las manos equivocadas la verdad,miedo
te digo que llegue a los seguidores que queria y me afecta,feliz
estoy muy agradecido por este momento en serio,feliz
no te miento tengo una entrevista y me muero del susto todo el tiempo,miedo
me da susto pedir el favor porque me da pena y eso me duele,miedo
hoy esto me molesta demasiado todo el tiempo,enojo
mira desactive mis redes porque me hacian sentir mal y ya,triste
mira me tiene muy cansado esta gente y eso me duele,enojo
mira estoy muy emocionado con lo que viene,feliz
mira tengo miedo de que me vaya mal en las parciales,miedo
te cuento que me tiene muy enojado esa situacion y eso me duele,enojo
no se si contarte pero no entendi el tono del mensaje y me confundi sinceramente,triste
hoy estoy muy feliz con los resultados en serio,feliz
oye no tenemos para el arriendo este mes la verdad,triste
me toco dejar los estudios por plata y me tiene mal,triste
hoy dije algo que no quise decir y no se como explicarlo y no se como manejarlo,triste
oye hicieron como si yo no existiera en la reunion y no lo digo seguido,enojo
fijate que mi mejor amigo se fue para otro pais parce,triste
hoy me quitaron el like y eso me bajo el animo y no se que hacer,triste
parce tengo panico de que me pregunten algo en clase pero bueno,miedo
te cuento que me tienen hasta la coronilla,enojo
me quede sin trabajo y no se que hacer de verdad,triste
te cuento que mi abuelo ya no esta de verdad,triste
lo que pasa es que me echaron la culpa de algo que no hice y ya,enojo
en serio mi familia esta pasando un momento muy dificil y me tiene mal,triste
la verdad me preocupa mucho el futuro economico,miedo
ahora mismo me siento en paz,feliz
sinceramente siento un vacio que no puedo llenar,triste
desde ayer me encanta este momento ultimamente,feliz
mira me paraliza no saber cual es el camino correcto de verdad,miedo
mira no duermo de la preocupacion todo el tiempo,miedo
no se estoy muy frustrado con todo esto,enojo
no te miento el profesor me felicito por el trabajo,feliz
para serte honesto termino mi carrera y me tiene mal,feliz
realmente tengo ansiedad y no puedo dormir,miedo
hoy me echaron la culpa de lo que salio mal y no puedo evitarlo,enojo
me dejaron hacer todo el trabajo solo todo el tiempo,enojo
en serio estoy en el mejor momento de mi vida y no lo puedo creer,feliz
ahora mismo ya no tengo fuerzas para nada y ya,triste
vi las historias de todos y me senti muy mal,triste
en este momento me preocupa demasiado esto y no se que hacer,miedo
hoy me alegra ver que todo salio bien de verdad,feliz
hoy me mandaron de una oficina a otra sin solucion,enojo
fijate que me hicieron fila tres horas y no me atendieron hermano,enojo
la verdad ya no aguanto mas esa situacion de verdad,enojo
de verdad siento una pena enorme que no pasa y no se como seguir,triste
ultimamente sonrei todo el tiempo pero por dentro lloraba y me tiene agotado,triste
es que siento que voy por buen camino y no se que hacer,feliz
abusaron de mi confianza y necesito que alguien me entienda,enojo
oye me hicieron fila tres horas y no me atendieron,enojo
mira que descaro tan grande el de esa gente pero bueno,enojo
es que publico algo que me dejo muy mal y no se como manejarlo,triste
en serio hicimos una reunioncita y quedo muy buena pero bueno,feliz
ultimamente odio esta situacion y eso empeora todo,enojo
realmente tengo miedo de fallar y no se que hacer,miedo
para serte honesto me pone ansioso salir de casa,miedo
en serio hoy fue un parche buenisimo y ya,feliz
me siento muy pleno con lo que estoy haciendo la verdad,feliz
hoy me preocupa haber dicho algo sin darme cuenta y no lo digo seguido,miedo
no se si contarte pero alguien me entendio sin que yo explicara mucho y no se que hacer,feliz
hoy no se si voy a poder con lo que viene y ya,miedo
la verdad es que que buen momento para estar feliz y estoy muy contento,feliz
te digo que me invitaron a participar en algo importante y ya,feliz
sinceramente no se que va a pasar desde hace dias,miedo
mira lo que paso tengo miedo de que no me entiendan y no se como manejarlo,miedo
oye ya no tengo energia para nada de lo que antes me gustaba,triste
hoy me prometieron el trabajo y al final le dieron a otro de verdad,enojo
fijate que me citaron a declarar y estoy muy nervioso y me tiene mal,miedo
hermano me pone muy nervioso tener que dar explicaciones y eso me duele,miedo
me da pena hablar en publico y manana me toca y nadie lo sabe,miedo
te cuento que mi mejor amigo se fue para otro pais y nadie lo sabe,triste
sinceramente estoy muy emocionado desde hace dias,feliz
no se si contarte pero me prometieron que no volveria a pasar y quisiera que alguien me ayudara,enojo
me comparo mucho con los demas y me hace mal y ya,triste
de verdad me siento muy contento con el equipo y es lo mejor que me paso,feliz
sinceramente tengo un presentimiento muy malo y no lo puedo ocultar,miedo
ahora mismo me da terror mostrarme como soy de verdad y me cuesta mucho,miedo
fijate que me cayo muy bien esa persona,feliz
mi familia se fue a vivir lejos y me siento solo y eso me duele,triste
te cuento que mi familia esta bien la verdad,feliz
sinceramente me duele mucho haber llegado a esto y quisiera que no fuera así,triste
te cuento que la incertidumbre me tiene paralizado y no puedo evitarlo,miedo
en serio me pone de buen humor todo hoy y estoy muy contento,feliz
mira siento que finjo estar bien tan seguido que ya ni se,triste
oye siento que fracase y me tiene mal,triste
ultimamente me critican las decisiones sin conocer mi situacion y nadie lo entiende,enojo
la verdad tengo ansiedad de pensar en el futuro,miedo
desde hace dias hoy fui honesto y salio bien y nadie lo entiende,feliz
oye todo el mundo sigue y yo estoy quieto y no se que hacer,triste
sinceramente me tiene muy intranquilo todo esto parce,miedo
fijate que no supe si era una broma o algo serio y nadie lo entiende,triste
ultimamente hablaron de algo que yo no sabia y me senti excluido pero ya no puedo mas,triste
te digo que estoy muy apenado y no puedo superarlo,triste
me mencionaron en algo que me puso en ridiculo y nadie lo entiende,enojo
mira ya no hablo con mi parcero de toda la vida hermano,triste
vieja tengo miedo de que me quiten el trabajo,miedo
me alegra mucho haberte visto hoy sin duda,feliz
desde hace dias me hicieron esperar demasiado y me tiene mal,enojo
me da pena decirlo pero me respondio el mensaje que esperaba de verdad,feliz
en este momento me hicieron perder el tiempo todo el tiempo,enojo
oye publicaron algo mio sin pedirme permiso y me tiene pensando mucho,enojo
no te miento me ofrecieron un mejor cargo de verdad,feliz
hoy estrene mi apartamento y ya,feliz
sinceramente me siento excelente hoy esta semana,feliz
fijate que la incertidumbre me tiene paralizado y no puedo evitarlo,miedo
desde hace dias el profesor me felicito por el trabajo de verdad,feliz
de verdad estoy muy deprimido en este momento y me duele mucho,triste
definitivamente todo esta mejorando,feliz
ultimamente siento que el miedo no me deja avanzar otra vez,miedo
la verdad me cobraron mas de lo que decia el precio de verdad,enojo
fijate que tengo panico de fallar frente a todos y no se que hacer,miedo
la verdad estoy demasiado molesto de verdad,enojo
definitivamente estoy muy contento y no se que hacer,feliz
es que se aprovecharon de la buena fe mia y no puedo evitarlo,enojo
la verdad cumpli mi meta del año y ya,feliz
lo que pasa es que me senti aceptado como soy y trato de disimularlo,feliz
en serio no se para donde voy y eso me asusta y me pone triste,triste
la verdad no estudie suficiente para esto de verdad,miedo
me pone muy ansioso pensar en eso de verdad,miedo
ahora mismo me siento inseguro desde hace dias,miedo
ultimamente me preocupa demasiado esto por todo lo que paso,miedo
mira pase el dia en cama pero no digo nada,triste
mira me tocó madrugar y no dormí nada y encima salio mal y ya,triste
oye no me merecia este trato pero no digo nada,enojo
me da pena decirlo pero me pidieron algo de ultimo momento y no puedo evitarlo,enojo
hoy tengo panico de que algo que dije llegue a las manos equivocadas men,miedo
hoy estoy agotado emocionalmente por todo lo que paso,triste
men tengo panico de fallar cuando todos confian en mi y nadie lo entiende,miedo
sinceramente estoy muy asustado sin saber que hacer de verdad,miedo
sinceramente mi familia estuvo muy unida hoy y ya,feliz
fijate que me asusta mucho lo que esta pasando en el barrio,miedo
te cuento que me da pena que se den cuenta que no entendi y ya,miedo
oye me dieron la beca de la universidad publica de verdad,feliz
ultimamente me rindo de intentarlo y es agotador,triste
fijate que no entendi bien el tono y eso me tiene angustiado y quisiera que alguien me ayudara,miedo
es que me copiaron el trabajo y lo publicaron como propio pero ya no puedo mas,enojo
te cuento que tengo algo importante manana y no puedo dormir pero bueno,miedo
no te miento me tienen muy hastiado con lo mismo y no puedo evitarlo,enojo
en este momento ya no quiero hablar en este momento,triste
tengo miedo de embarrarla con esa decision la verdad,miedo
te digo que me angustia no tener todo claro a mi edad,miedo
vi que estaba en linea pero no me respondio y no lo digo seguido,triste
sinceramente me pusieron a hacer el trabajo de todos pero bueno,enojo
no te miento defendi mi proyecto y quede bien,feliz
mira me da ira tu actitud de verdad,enojo
te digo que tengo ansiedad de pensar en todo lo que falta,miedo
lo que pasa es que me da mucho miedo entrar al salon y que todos me miren y eso me tiene mal,miedo
men hoy el clima estuvo perfecto,feliz
te juro que me frustras mucho con eso,enojo
sinceramente el transporte salio tardisimo y llegue tarde por eso pero bueno,enojo
la verdad es que estoy muy agradecido con todos,feliz
me da pena hablar en publico y manana me toca,miedo
te cuento que estoy que no me la creo la verdad,feliz
en serio tengo miedo de que me quiten el trabajo la verdad,miedo
es que estoy muy cansado de lucharla solo,triste
lo que pasa es que tengo miedo de haber arruinado algo sin saberlo y no lo digo seguido,miedo
hoy si esto no funciona no se que voy a hacer sinceramente,miedo
en serio me hablaron muy feo sin ninguna razon,enojo
me da pena decirlo pero no supe leer la situacion y meti la pata y me afecta mucho,triste
oye cambiaron las reglas sin avisarme,enojo
la verdad estoy muy mamado de todo y no se que hacer,triste
siento una pena muy grande por eso,triste
desde ayer tengo miedo de hablar en este momento,miedo
lo que pasa es que siento una pena enorme que no pasa y no se como seguir,triste
sinceramente me pusieron a hacer el trabajo de todos hermano,enojo
de verdad me da una bronca tremenda y ya me canse,enojo
es que me quede callado cuando debi haber hablado y no se que hacer,triste
me siento realizado y me tiene mal,feliz
no se si contarte pero me ignoraron cuando trate de explicarme y no es facil admitirlo,enojo
tengo miedo de tomar la decision equivocada otra vez,miedo
sinceramente me salio la receta que estaba intentando y ya,feliz
no te miento la vida esta siendo buena conmigo y no se que hacer,feliz
la verdad me siento muy vacio aunque tenga cosas que hacer y no se que hacer,triste
en serio me excluyeron de la decision sin explicacion pero necesitaba decirlo,enojo
ahora mismo me excluyeron de la decision sin explicacion y no puedo evitarlo,enojo
me dieron la beca la verdad,feliz
mira lo que paso tengo panico de no saber como actuar en esa situacion pero necesitaba decirlo,miedo
es que estoy muy nervioso con esa vuelta pero bueno,miedo
sinceramente me dieron la beca de la universidad publica la verdad,feliz
me siento decepcionado todo el tiempo,triste
lo que pasa es que tengo panico de no saber como actuar en esa situacion sinceramente,miedo
la verdad es que el profesor me humillo frente a todos y me tiene agotado,triste
no puedo creer tu irresponsabilidad y no lo voy a tolerar,enojo
en serio me siento muy mal emocionalmente,triste
te digo que siento que el tiempo no cura esto,triste
oye por fin termine el proyecto y no se que hacer,feliz
fijate que el profesor me felicito por el trabajo pero necesitaba decirlo,feliz
ahora mismo me siento nervioso todo el tiempo,miedo
oye mi jefe quedo contento con mi trabajo y me afecta mucho,feliz
me preocupa mucho el futuro economico bro,miedo
me dejaron solo en esto sinceramente,triste
la verdad siento que el miedo no me deja avanzar y no se que hacer,miedo
la verdad es que siento que no le importo a nadie de verdad y eso me tiene mal,triste
oye pude expresarme sin que me juzgaran y no se como manejarlo,feliz
mira lo que paso mi grupo de trabajo funciono muy bien y me pesa cargarlo solo,feliz
en serio me tiene muy cansado esta gente parce,enojo
mira me dejo mi novio y estoy muy mal hermano,triste
tengo miedo de lo que no puedo ver y eso me preocupa mucho,miedo
sinceramente se llevaron el credito de lo que yo hice y eso me pesa,enojo
fijate que me etiquetaron en algo que me alegro el dia y no se que hacer,feliz
sinceramente salimos a rumbear y la pase muy bien la verdad,feliz
te juro que dije algo que no quise decir y no se como explicarlo y me afecta mucho,triste
ahora mismo estoy muy preocupado y me afecta mucho,miedo
te digo que me respondieron que si al proyecto men,feliz
de verdad me siento muy pleno y contento y no lo puedo creer,feliz
me pone muy ansioso pensar en eso y ya,miedo
me hicieron firmar algo que no entendi la verdad,enojo
lo que pasa es que pude expresarme sin que me juzgaran,feliz
hoy tengo un mal presentimiento con eso y ya,miedo
sinceramente nacio mi hijo y ya,feliz
ahora mismo me di cuenta que no me invitaron a la reunion y eso me tiene mal,triste
no te miento no duermo de la preocupacion sinceramente,miedo
la verdad me tienen muy mamado con esa vuelta parce,enojo
es que tengo miedo de que me vaya mal en las parciales parce,miedo
no te miento me gane una chamba buenisima la verdad,feliz
que alegria me da ver tus logros en serio,feliz
en serio me siento muy mal emocionalmente y no se como seguir,triste
es que tengo miedo de que lo peor esta por venir y eso me preocupa mucho,miedo
sinceramente estoy agradecido por todo y no se que hacer,feliz
hoy me cayo del cielo esa noticia,feliz
hoy me tiene muy irritado todo esto y no es facil,enojo
desde ayer todo salio perfecto en este momento,feliz
todo el mundo esta en planes y yo solo en casa de verdad,triste
todo salio mal,triste
me subieron el sueldo y no se que hacer,feliz
te juro que me preocupa haber dicho algo sin darme cuenta y no puedo evitarlo,miedo
sinceramente termino mi relacion la verdad,triste
no te miento me mandaron un mensaje raro y no entiendo que quieren de verdad,miedo
mira me duele el alma todo el tiempo,triste
es que me pusieron a hacer el trabajo de todos pero bueno,enojo
para serte honesto me reconocieron el esfuerzo en el trabajo sinceramente,feliz
lo que pasa es que siento que estoy de mas y no se que hacer,triste
en este momento me siento nervioso en este momento,miedo
hoy me siento increible por todo lo que paso,feliz
hoy hoy me di cuenta que avance mucho y no se que hacer,feliz
hoy me comparo mucho con los demas y me hace mal de verdad,triste
me canse de esperar que las cosas cambien solas y me tiene pensando mucho,triste
la verdad es que minimizaron lo que sentia y me cuesta mucho,enojo
te digo que estoy muy angustiado con todo esto y no se que hacer,miedo
ultimamente me da terror mostrarme como soy de verdad sinceramente,miedo
oye el resultado me tiene muy angustiado,miedo
en serio pase el dia en cama la verdad,triste
te juro que dije algo que no quise decir y no se como explicarlo y eso me tiene mal,triste
parce me tiene muy preocupado lo que esta pasando y no se que hacer,miedo
sinceramente siento que finjo estar bien tan seguido que ya ni se y no puedo evitarlo,triste
es que me usaron cuando les convenia y despues nada,enojo
es que estoy muy asustado de tomar esa decision,miedo
estoy muy feliz con el resultado y estoy muy agradecido,feliz
sinceramente pude decir lo que sentia sin miedo de verdad,feliz
no te miento siento que se me acaba el tiempo de verdad,miedo
mira me decepciono mucho lo que hiciste y no lo entiendo,enojo
me da pena decirlo pero todos parecen entender menos yo y me afecta mucho,triste
la verdad es que estoy muy agradecido por este momento,feliz
te cuento que me respondieron con mala cara sin razon la verdad,enojo
es que me siento muy pleno con lo que estoy haciendo la verdad,feliz
te cuento que me regalaron algo que queria hace mucho la verdad,feliz
hicieron lo que quisieron sin preguntarme nada y no se que hacer,enojo
desde hace dias dije algo que no quise decir y no se como explicarlo y no lo digo seguido,triste
no puedo creer que me indigna tu forma de actuar y ya me canse,enojo
me asusta no saber si voy a conseguir trabajo y me cuesta aceptarlo,miedo
es que todo el mundo sigue y yo estoy quieto,triste
men me canse de esperar que las cosas cambien solas y ya,triste
fijate que dije algo que no quise decir y no se como explicarlo pero ya no puedo mas,triste
no se si contarte pero no entendi bien el tono y eso me tiene angustiado y no se como manejarlo,miedo
lo que pasa es que me faltaron el respeto y ya,enojo
ultimamente llegue a tiempo a todo y es agotador,feliz
te cuento que mi familia estuvo muy unida hoy y ya,feliz
oye ya basta con esa actitud y punto,enojo
lo que pasa es que nadie reconocio lo que aporte y no se como manejarlo,enojo
te cuento que ya nada es igual de verdad,triste
parce mi familia estuvo muy unida hoy pero bueno,feliz
no quiero mandar el audio por miedo a como sueno,miedo
en serio no puedo dejar de preocuparme y no lo puedo ocultar,miedo
ahora mismo nada de lo que hago vale la pena,triste
en este momento todo esta mejorando desde hace dias,feliz
en serio eso me parece una irresponsabilidad total,enojo
hoy el resultado me tiene muy angustiado pero no digo nada,miedo
te juro que tengo panico de fallar cuando todos confian en mi y nadie lo entiende,miedo
hoy no puedo creer que hayan hecho eso,enojo
no logre lo que esperaba pero no digo nada,triste
para serte honesto me ignoraron cuando tenia razon y no se que hacer,enojo
la verdad todo me afecta demasiado por todo lo que paso,triste
hoy siento que estoy decepcionando a todos y me afecta,triste
me saca de quicio todo esto otra vez,enojo
estoy muy decaido y sin esperanza,triste
es que me siento muy lejos de todos,triste
hoy siento que el tiempo paso y yo no hice nada de verdad,triste
en serio por fin me salio el pasaporte y me cuesta mucho,feliz
para serte honesto todo esta mal organizado y necesito que alguien me entienda,enojo
la verdad es que me hace muy bien sentirme asi,feliz
te cuento que las cosas estan saliendo como quiero y no puedo evitarlo,feliz
hoy me tiene muy triste esta vuelta,triste
hoy me hablaron como si fuera tonto,enojo
mira la incertidumbre me tiene paralizado y es agotador,miedo
en serio hoy me fue de pelos y me tiene mal,feliz
mira me da ansiedad ver cuanta gente vio mi historia la verdad,miedo
no se me comi algo rico y me alegro el dia y nadie lo entiende,feliz
no te miento me escribieron para disculparse y me alegro y me pesa cargarlo solo,feliz
sinceramente por fin me contestaron y no se como manejarlo,feliz
ultimamente estoy disfrutando mucho por todo lo que paso,feliz
me da pena decirlo pero hable con alguien nuevo y no fue tan malo y me afecta mucho,feliz
sinceramente no quiero salir solo por todo lo que paso,miedo
no te miento me da miedo ir al medico todo el tiempo,miedo
cumpli mi meta del año y me afecta,feliz
es que me frustra muchisimo esto y no lo voy a tolerar,enojo
no te miento el resultado me tiene muy angustiado y no puedo evitarlo,miedo
desde ayer me siento tranquilo y feliz todo el tiempo,feliz
la verdad tengo un mal presentimiento con eso la verdad,miedo
no te miento me tiene muy desanimado todo esto pero bueno,triste
sinceramente estoy muy triste con lo que resulto,triste
oye me pone muy ansioso pensar en eso,miedo
me da pena decirlo pero siento que nadie me toma en serio pero ya no puedo mas,enojo
me aterra quedar mal frente a todos,miedo
la verdad me piden experiencia para un trabajo de principiante,enojo
me dicen que deberia estar agradecido por poco y ya,enojo
no te miento me escribieron solo para reclamarme y no se que hacer,enojo
sinceramente siento que algo malo va a pasar y eso me preocupa mucho,miedo
ultimamente me mandaron un mensaje muy agresivo y me afecta mucho,enojo
es que siento que estoy de mas sinceramente,triste
hoy tengo miedo de ver lo que me respondieron y no lo digo seguido,miedo
me saco del grupo sin razon,triste
la verdad me preocupa el futuro por todo lo que pasa,miedo
realmente no tengo ganas de nada todo el tiempo,triste
me echaron sin explicacion sinceramente,triste
me salio el primer cliente y me cuesta aceptarlo,feliz
es que me hicieron sentir que molestaba de verdad,enojo
estoy muy feliz con mis logros y no lo puedo creer,feliz
me da terror decepcionar a alguien que confio en mi y eso me tiene mal,miedo
en este momento hoy fue un gran dia desde hace dias,feliz
ultimamente tengo panico de fallar cuando todos confian en mi y me afecta,miedo
en serio me dijeron que era muy sensible por sentirme mal y quisiera que alguien me ayudara,enojo
oye me da ansiedad conocer gente nueva y necesito que alguien me entienda,miedo
hoy me da terror enfrentar esto solo de verdad,miedo
fijate que me da mucha pena decirle eso a la gente y nadie lo sabe,miedo
me tiene muy angustiado esa situacion pero bueno,miedo
realmente tengo panico desde hace dias,miedo
me dejaron pero necesitaba decirlo,triste
en serio me duele mucho esta situacion y no se como seguir,triste
te cuento que me mintieron descaradamente en la cara y no se que hacer,enojo
me da pena decirlo pero me da panico equivocarme y que no me perdonen y trato de disimularlo,miedo
ultimamente me preocupa mucho el futuro economico y nadie lo entiende,miedo
ultimamente me dejaron solo en esto otra vez,triste
sinceramente no logre lo que esperaba y no se que hacer,triste
que buen resultado tuvimos hoy,feliz
mira lo que paso me pidieron algo de ultimo momento sinceramente,enojo
ahora mismo tengo mucho miedo por todo lo que paso,miedo
me hicieron sentir mal por preguntar y me tiene mal,enojo
en este momento todo salio excelente otra vez,feliz
sinceramente estoy muy mamado de todo hermano,triste
oye no entendi bien el tono y eso me tiene angustiado y eso me tiene mal,miedo
no te miento hoy fue mejor de lo que esperaba y no se que hacer,feliz
la verdad es que no se si ese mensaje significaba lo que creo y trato de disimularlo,miedo
siento tristeza y desesperanza ahora,triste
mira lo que paso me quede callado cuando debi haber hablado y me afecta mucho,triste
desde hace dias me hicieron sentir especial y necesito que alguien me entienda,feliz
en serio estoy demasiado molesto desde hace dias,enojo
la verdad me tiene muy enojado esa situacion y no puedo evitarlo,enojo
hoy todo me afecta demasiado y me duele mucho,triste
fijate que ya no quiero esforzarme pero no digo nada,triste
mira me salio la receta que estaba intentando bro,feliz
es que me da susto pedir el favor porque me da pena y me cuesta mucho,miedo
es que estoy muy angustiado por todo esto,miedo
es que no te soporto mas y no lo voy a tolerar,enojo
definitivamente todo esta saliendo bien de verdad,feliz
sinceramente me trataron como si no existiera,enojo
siento el corazon muy apesadumbrado y me duele mucho,triste
parce me llegó una carta del juzgado y no se que es y me tiene mal,miedo
parce estoy que no me la creo hermano,feliz
sinceramente ya no quiero esforzarme la verdad,triste
en serio me puse muy feliz con eso parce y me cuesta mucho,feliz
hoy no quiero salir solo desde hace dias,miedo
sinceramente me trataron diferente a los demas y nadie lo sabe,enojo
sinceramente se aprovecharon de la buena fe mia parce,enojo
no te miento tengo miedo de ver lo que me respondieron y no lo digo seguido,miedo
ultimamente todo esta mejorando y me encanta,feliz
es que quede muy contento con el resultado,feliz
es que me sacaron de la jugada sin ninguna explicacion y me tiene mal,enojo
te cuento que me case hoy,feliz
me da pena decirlo pero me eliminó de sus contactos sin decir nada y eso me tiene mal,triste
definitivamente todo esta mejorando desde hace dias,feliz
la verdad me mintieron descaradamente en la cara,enojo
la verdad tengo miedo de embarrarla con esa decision y me cuesta mucho,miedo
fijate que me tocó pagar una multa que no era justa y nadie lo sabe,enojo
la verdad tengo ansiedad de pensar en el futuro y me tiene pensando mucho,miedo
es que me mandaron un mensaje muy agresivo,enojo
oye me mintieron descaradamente en la cara la verdad,enojo
la verdad me da demasiada rabia ultimamente,enojo
la verdad tengo miedo de que mis sueños no sean suficientes la verdad,miedo
mira me siento en paz y eso me pesa,feliz
te cuento que me dieron una sorpresa muy bonita hoy hermano,feliz
tengo panico de no salir de esto y eso me preocupa mucho,miedo
ultimamente nadie me escucha y ya,triste
vi que me sacaron de un grupo y no dije nada de verdad,triste
hoy me tiene muy cansado esa actitud pero bueno,enojo
te cuento que estrene mi apartamento la verdad,feliz
fijate que me hablaron muy mal y me afecta mucho,enojo
mira me cayo muy bien esa persona parce,feliz
hoy no se si estan enojados conmigo o es mi imaginacion y no lo digo seguido,miedo
oye me tienen hasta la coronilla y ya,enojo
la verdad me da miedo decepcionarme a mi mismo y me tiene pensando mucho,miedo
tengo panico y no se que hacer,miedo
nadie me dio una respuesta clara y me afecta,enojo
no puedo evitar que tengo miedo de lo que no puedo ver,miedo
la verdad no tenemos para el arriendo este mes,triste
hoy no pude ir a la graduacion y me tiene mal,triste
fijate que mi abuela ya no esta la verdad,triste
que problema tan absurdo y me afecta mucho,enojo
en este momento esto me molesta demasiado en este momento,enojo
sinceramente nada me salio bien hoy y necesito que alguien me entienda,enojo
hoy me siento muy bien conmigo mismo y me afecta mucho,feliz
ahora mismo pude decir lo que sentia sin miedo y nadie lo entiende,feliz
me siento sin energia y no se que hacer,triste
en serio estoy demasiado angustiado para pensar la verdad,miedo
fijate que me preocupa no poder pagar el arriendo el otro mes hermano,miedo
en serio mi familia se fue a vivir lejos y me siento solo y me cuesta mucho,triste
hoy me saca de quicio todo esto otra vez,enojo
hoy hoy hice algo que me daba mucho miedo y salio bien y me cuesta aceptarlo,feliz
definitivamente quiero estar solo,triste
sinceramente me siento muy bien conmigo mismo y no se que hacer,feliz
sinceramente todo cambio de golpe,triste
te cuento que me dieron una sorpresa muy bonita hoy la verdad,feliz
en serio me dicen que deberia estar agradecido por poco y ya,enojo
la verdad las cosas ya no son como antes y ya,triste
me siento muy solo y sin apoyo y quisiera que no fuera así,triste
la verdad me da ansiedad conocer gente nueva y no lo puedo ocultar,miedo
oye me hicieron sentir que molestaba,enojo
de verdad que buena noticia me alegra el dia y estoy muy agradecido,feliz
ultimamente me siento vacio desde hace dias,triste
ahora mismo estoy muy contento en este momento,feliz
me da pena decirlo pero minimizaron lo que sentia sinceramente,enojo
es que mi abuela ya no esta la verdad,triste
ahora mismo me duele mucho esto por todo lo que paso,triste
la verdad me salio el primer cliente,feliz
mira perdi mi negocio y no se como seguir y me cuesta mucho,triste
te cuento que logre lo que queria y no lo puedo ocultar,feliz
la verdad perdi mi negocio y no se como seguir y no es facil,triste
para serte honesto logre lo que queria y necesito que alguien me entienda,feliz
fijate que termine de pagar mi deuda y me tiene mal,feliz
mira lo que paso hoy fui honesto y salio bien y trato de disimularlo,feliz
ultimamente me angustia no saber si estoy en el camino correcto,miedo
en serio mi familia se fue a vivir lejos y me siento solo,triste
siento que algo esta pasando y nadie me dice que de verdad,miedo
me siento muy desanimado hoy,triste
mira me dijeron que me quieren y ya,feliz
parce me gane una chamba buenisima y no puedo evitarlo,feliz
sinceramente perdi tiempo en algo que no valio otra vez,enojo
en serio siento una soledad muy grande ahora y no lo puedo superar,triste
siento que cargue solo con todo y no puedo evitarlo,triste
oye me tiene angustiado no saber que va a pasar,miedo
la verdad es que estoy muy bajo de animo y sin ganas y quisiera que no fuera así,triste
hoy tengo un mal presentimiento con eso y no se que hacer,miedo
hoy mi jefe quedo contento con mi trabajo sinceramente,feliz
que buenas noticias me llegaron hoy y es lo mejor que me paso,feliz
sinceramente por fin termine el proyecto y no lo puedo ocultar,feliz
ahora mismo ya no aguanto mas en este momento,enojo
de verdad no puedo soportar esta situacion y punto,enojo
sinceramente todo tiene sentido ahora y no lo puedo ocultar,feliz
sinceramente me da mucho miedo el futuro y me tiene muy nervioso,miedo
sinceramente mi equipo gano hoy y estoy feliz y nadie lo sabe,feliz
hoy siento que voy a fallar manana pero necesitaba decirlo,miedo
mira me puse a pensar en lo peor y no puedo parar y me tiene mal,miedo
me tienen muy hastiado con lo mismo la verdad,enojo
me usaron cuando les convenia y despues nada la verdad,enojo
te juro que no puedo con esta rabia que siento en serio,enojo
es que me subieron el sueldo pero ya no puedo mas,feliz
abusaron de mi confianza y no lo puedo ocultar,enojo
estoy muy contento con mi progreso en serio,feliz
sinceramente tengo una entrevista y me muero del susto otra vez,miedo
sinceramente me siento excelente hoy por todo lo que paso,feliz
sinceramente me aterra no tener el control de nada y me tiene muy nervioso,miedo
en serio perdi mi negocio y no se como seguir la verdad,triste
te cuento que me llamaron de un numero desconocido,miedo
es que estoy muy ido hoy no se que me pasa,triste
siento una rabia que no te imaginas,enojo
que situacion tan frustrante esta y no lo entiendo,enojo
siento que voy a fallar manana y no se que hacer,miedo
para serte honesto tengo miedo de que se den cuenta que no entiendo y quisiera que alguien me ayudara,miedo
hoy siento que algo no esta bien aunque todo parece normal y ya,miedo
de verdad estoy muy feliz con los resultados,feliz
de verdad estoy muy apenado por todo lo que perdí y no lo puedo superar,triste
hoy estoy harto de todo en este momento,enojo
la verdad estoy muy asustado con lo que puede pasar y ya,miedo
es que me gane una chamba buenisima de verdad,feliz
la verdad estoy muy cansado de lucharla solo hermano,triste
todo salio mal otra vez,triste
es que que falta de respeto tan grande,enojo
te digo que estoy muy nervioso por los resultados,miedo
ahora mismo me rechazaron y duela mucho y necesito que alguien me entienda,triste
mira me pone ansioso salir de casa y eso me pesa,miedo
tengo miedo de que las cosas empeoren y me tiene muy nervioso,miedo
la verdad estoy agotado de tener que explicar como me siento men,triste
te juro que tengo miedo de que no me entiendan y quisiera que alguien me ayudara,miedo
lo que pasa es que me da terror enfrentar esto solo de verdad,miedo
desde hace dias me pone ansioso salir de casa sinceramente,miedo
te cuento que que descaro tan grande el de esa gente y no puedo evitarlo,enojo
para serte honesto me pone muy nervioso hablar en publico y eso me pesa,miedo
bro tengo miedo de tomar una decision y que salga mal,miedo
es que siento un miedo enorme que no puedo controlar,miedo
no te miento ya nada es igual,triste
ultimamente me preocupa haber dicho algo sin darme cuenta de verdad,miedo
el transporte salio tardisimo y llegue tarde por eso la verdad,enojo
ultimamente todo me pesa demasiado y necesito que alguien me entienda,triste
te cuento que siento que el tiempo paso y yo no hice nada,triste
la verdad tengo miedo de embarrarla con esa decision pero bueno,miedo
me siento muy feliz por todo lo que paso,feliz
hoy estoy muy preocupado por todo lo que pasa,miedo
en serio hoy me senti comodo siendo yo mismo,feliz
te cuento que me aceptaron en la universidad y no se que hacer,feliz
es que me siento muy solo en esta ciudad parce,triste
en serio el profesor me felicito por el trabajo y me pesa cargarlo solo,feliz
me siento muy orgulloso de lo logrado de verdad,feliz
en este momento me hicieron perder el tiempo y no se que hacer,enojo
ultimamente ya no quiero hablar de eso porque nadie entiende de verdad,triste
vieja me toco irme del barrio que queria la verdad,triste
lo que pasa es que nada me salio bien hoy sinceramente,enojo
en serio nadie hace las cosas bien aqui pero no digo nada,enojo
es que me embargaron la cuenta y no entiendo por que hermano,miedo
en serio el profesor me humillo frente a todos y me tiene agotado,triste
me da pena decirlo pero me respondio el mensaje que esperaba y quisiera que alguien me ayudara,feliz
fijate que mi equipo gano hoy y estoy feliz y nadie lo sabe,feliz
es que llegue y me dijeron que no habia cupo y me afecta,enojo
ahora mismo me siento motivado en este momento,feliz
hoy estoy re contento con todo de verdad,feliz
sinceramente me siento muy triste hoy y me duele mucho,triste
para serte honesto me tiene angustiado no saber que va a pasar pero no digo nada,miedo
hoy nacio mi hija,feliz
no te miento nadie me escucha y no se que hacer,triste
hoy estoy realmente frustrado y me afecta mucho,enojo
sinceramente no tolero mas esta situacion en serio,enojo
en este momento estoy harto de todo en este momento,enojo
sinceramente tengo miedo de fallar y eso me preocupa,miedo
en serio esto arruino mi dia y estoy cansado,enojo
oye ya nada es igual,triste
lo que pasa es que hoy todo fluyo bien y eso me pesa,feliz
me toco vender el carro que tanto queria y no es facil,triste
me salio el primer cliente y ya,feliz
mira me ignoraron completamente y me afecta mucho,enojo
sinceramente nada me salio bien hoy y no lo puedo ocultar,enojo
en serio siento que estoy de mas y necesito que alguien me entienda,triste
ahora mismo me siento vacio ultimamente,triste
no puedo dejar de sentir miedo y eso me preocupa mucho,miedo
tengo ansiedad de pensar en el futuro y nadie lo entiende,miedo
la verdad no quiero salir solo por todo lo que paso,miedo
es que tengo miedo de que no me entiendan pero necesitaba decirlo,miedo
desde hace dias hicieron algo injusto y nadie dijo nada y me tiene mal,enojo
la verdad es que me da mucho miedo entrar al salon y que todos me miren y no lo digo seguido,miedo
es que sali del pais por primera vez pero bueno,feliz
oye me produce mucho enojo esto y ya me canse,enojo
te juro que no se si actue bien y eso no me deja tranquilo sinceramente,miedo
mira me tienen hasta la coronilla,enojo
en serio me descuentan del sueldo cosas que no firmé parce,enojo
fijate que hoy fue un dia muy chévere pero bueno,feliz
ya no tengo energia para nada de lo que antes me gustaba,triste
sinceramente tengo panico,miedo
oye me pusieron en evidencia en un grupo y quisiera que alguien me ayudara,enojo
hoy publico algo que me dejo muy mal y no es facil admitirlo,triste
te juro que me pidieron algo de ultimo momento y no es facil admitirlo,enojo
me da pena decirlo pero me da terror decepcionar a alguien que confio en mi y nadie lo entiende,miedo
hoy fuimos a la finca y fue muy bacano hermano,feliz
hoy me pusieron a hacer el trabajo de todos y eso me duele,enojo
ultimamente me da panico enviar ese mensaje y quedar mal y no es facil,miedo
es que me mandaron de una oficina a otra sin solucion,enojo
hermano me toco vender el carro que tanto queria y ya,triste
te cuento que me pone ansioso salir de casa otra vez,miedo
la verdad dijeron cosas que no son verdad sobre mi y no lo puedo ocultar,enojo
oye me dejaron esperando sin explicacion,enojo
la verdad tengo miedo de que me juzguen y ya,miedo
ultimamente me siento increible en este momento,feliz
desde hace dias hoy descanse muy bien de verdad,feliz
para serte honesto me hicieron una videollamada sorpresa pero ya no puedo mas,feliz
estoy muy triste por la noticia y quisiera que no fuera así,triste
sinceramente me hicieron sentir especial de verdad,feliz
sinceramente me da miedo que graben algo mio sin permiso de verdad,miedo
es que me enferma tu comportamiento y eso no esta bien,enojo
siento que me quede atras pero bueno,triste
te cuento que ya no esta la persona que queria y me afecta mucho,triste
oye me salio el traslado que pedi,feliz
ahora mismo tengo panico de decir algo y que lo malinterpreten y me cuesta mucho,miedo
me pelee con mi mejor amigo y me duele mucho hermano,triste
en este momento todo salio mal en este momento,triste
intento no darle importancia pero se me hace difícil ignorar que algo cambió,triste
oye esto me parece una falta de respeto total y necesito que alguien me entienda,enojo
la verdad gane el concurso y no puedo evitarlo,feliz
me echaron sin explicacion la verdad,triste
definitivamente hoy fue maravilloso y no se que hacer,feliz
que problema tan fastidioso,enojo
perdi mi trabajo hoy y nadie lo sabe,triste
mira logre ahorrar lo que necesitaba y nadie lo sabe,feliz
me paraliza no saber cual es el camino correcto y ya,miedo
es que tengo miedo de que sea algo grave todo el tiempo,miedo
ahora mismo tengo ansiedad por lo que viene por todo lo que paso,miedo
hermano tengo miedo de que me quiten el trabajo y nadie lo sabe,miedo
ya no somos lo que eramos y eso me entristece y me tiene mal,triste
hoy todo cambio de golpe pero necesitaba decirlo,triste
parce estoy muy bacano con la noticia y ya,feliz
la verdad me siento horrible todo el tiempo,triste
te cuento que me tiene muy enojado esa situacion,enojo
no te miento no se si estoy listo para esto y me afecta mucho,miedo
hoy me preocupa el futuro ultimamente,miedo
mira me hablaron muy feo sin ninguna razon pero bueno,enojo
me da pena decirlo pero me subieron el sueldo y me afecta mucho,feliz
no se si contarte pero me da terror mostrarme como soy de verdad pero ya no puedo mas,miedo
estoy muy bacano con la noticia y no es facil,feliz
defendi mi proyecto y quede bien y ya,feliz
la verdad es que que experiencia tan maravillosa fue,feliz
me angustia pensar que quiza elegi mal mi carrera la verdad,miedo
la verdad hoy fue un gran dia y me afecta mucho,feliz
es que me da panico enviar ese mensaje y quedar mal,miedo
oye me angustia no saber como interpretar eso y no se como manejarlo,miedo
parce me fue de maravilla en la entrevista,feliz
hoy hoy me senti comodo siendo yo mismo y eso me tiene mal,feliz
desde ayer todo me pone mal todo el tiempo,triste
hoy me hicieron fila tres horas y no me atendieron y no se que hacer,enojo
no puedo evitar que estoy muy angustiado sin encontrar salida de verdad,miedo
sinceramente me da mucho miedo no estar listo y me tiene muy nervioso,miedo
hoy estoy esperando una respuesta y me tiene nervioso pero no digo nada,miedo
es que hoy me fue de pelos y me cuesta mucho,feliz
la verdad es que siento una tristeza que no puedo explicar,triste
sinceramente me duele mucho todo lo que ocurrio y me duele mucho,triste
me fue bien en el icfes,feliz
me duele mucho lo que ocurrio de verdad,triste
que buena suerte la mia hoy de verdad,feliz
en serio eso que hiciste estuvo muy feo y eso no esta bien,enojo
lo que pasa es que hoy fue un dia muy gris y me tiene mal,triste
fijate que termino mi carrera y eso me pesa,feliz
fijate que alguien me entendio sin que yo explicara mucho y quisiera que alguien me ayudara,feliz
para serte honesto me dejo de seguir en redes sociales y me afecta mucho,triste
hoy no quise hablar con nadie hoy y me tiene mal,triste
fijate que tengo miedo de decepcionar a todos y eso me pesa,miedo
la verdad es que estoy muy asustado sin saber que hacer de verdad,miedo
en serio estoy con una nota hoy,feliz
siento que nada tiene sentido ahora,triste
no te miento salimos a rumbear y la pase muy bien hermano,feliz
sinceramente me siento motivado desde hace dias,feliz
sinceramente estoy agotado emocionalmente y me afecta mucho,triste
definitivamente todo me da miedo esta semana,miedo
vieja me cayo del cielo esa noticia y nadie lo sabe,feliz
es que que caradureza la tuya en serio,enojo
oye me hablaron como si fuera tonto pero necesitaba decirlo,enojo
la verdad me quede sin trabajo y no se que hacer de verdad,triste
me tiene muy molesto que nadie haga nada men,enojo
lo que pasa es que siento que algo malo va a pasar y no lo puedo ocultar,miedo
hoy tengo miedo de lo que piensen de mi sinceramente,miedo
es que me da pena que se den cuenta que no entendi parce,miedo
no se me siento muy bien con mi proceso y no es facil,feliz
en este momento estoy muy enojado y no se que hacer,enojo
tengo un miedo que no me deja pensar y no se que hacer,miedo
no te miento siento que voy a fallar manana,miedo
para serte honesto no me merecia este trato y no lo puedo ocultar,enojo
ultimamente siento que cargo con demasiado para mi edad y no es facil,triste
de verdad estoy muy bajoneado con todo y quisiera que no fuera así,triste
oye me irritas con ese comportamiento y eso no esta bien,enojo
tengo miedo de que me rechacen si digo lo que pienso y eso me duele,miedo
en este momento estoy muy contento,feliz
es que me dejaron plantado y ni se disculparon de verdad,enojo
lo que pasa es que me siento invisible y me tiene mal,triste
la verdad me perdi un momento importante,triste
parce me tiene muy enojado esa situacion la verdad,enojo
que irresponsable eres en serio y me parece muy mal,enojo
lo que pasa es que no se como aguantarte tanto y me parece muy mal,enojo
ultimamente ya no se que hacer otra vez,triste
no te miento termine todo lo que tenia pendiente y me pesa cargarlo solo,feliz
parce por fin me salio el pasaporte la verdad,feliz
ultimamente me interrumpieron todo el tiempo la verdad,enojo
subi una foto y me arrepenti de haberla subido y ya,triste
en serio estoy esperando una respuesta y me tiene nervioso y me tiene mal,miedo
lo que pasa es que me asusta que piensen que soy raro sinceramente,miedo
te cuento que fallecio alguien cercano la verdad,triste
sinceramente hoy fue maravilloso y me afecta mucho,feliz
no te miento quede encantado con como salio todo y nadie lo sabe,feliz
te cuento que estoy muy ilusionado con lo que viene otra vez,feliz
tengo miedo de no tener a nadie conmigo de verdad,miedo
me canse de ser el que siempre aguanta y me afecta,triste
oye me canse de ser el que siempre aguanta,triste
mira hoy el clima estuvo perfecto de verdad,feliz
definitivamente esto me molesta mucho otra vez,enojo
ultimamente me hicieron sentir especial y no puedo evitarlo,feliz
la verdad es que me duele mucho haber fallado en eso y no lo puedo superar,triste
ahora mismo me da panico equivocarme y que no me perdonen y me afecta mucho,miedo
lo que pasa es que me siento muy decaido en este momento y quisiera que no fuera así,triste
es que me dieron la beca todo el tiempo,feliz
hoy me dijeron que exageraba pero necesitaba decirlo,enojo
nos separamos despues de mucho tiempo de verdad,triste
parce me hicieron fila tres horas y no me atendieron y eso me duele,enojo
es que las cosas ya no son como antes y no puedo evitarlo,triste
es que todo cambio de golpe sinceramente,triste
me hace muy bien sentirme asi y estoy muy contento,feliz
sinceramente siento que el tiempo no cura esto,triste
mira lo que paso me reconocieron el esfuerzo en el trabajo sinceramente,feliz
en serio no puedo mas con esta situacion,enojo
por fin me salio el pasaporte y eso me duele,feliz
no te miento me tiene muy enojado esa situacion la verdad,enojo
de verdad me duele mucho todo lo que ocurrio,triste
hoy hoy fue maravilloso,feliz
fijate que me graduo este sabado pero bueno,feliz
siento panico de enfrentar lo que viene,miedo
mira me enfurece tu actitud en serio,enojo
ahora mismo todo salio perfecto desde hace dias,feliz
la verdad es que no entendi el tono del mensaje y me confundi,triste
hoy me siento muy triste por todo lo que paso,triste
definitivamente me siento inseguro desde hace dias,miedo
sinceramente todo me hace enojar en este momento,enojo
hermano tengo un mal presentimiento con eso,miedo
la verdad encontre lo que buscaba y no lo puedo ocultar,feliz
no me puedo sacar esta sensacion de encima la verdad,miedo
hoy tengo panico de que me pregunten algo en clase parce,miedo
me siento increiblemente bien y estoy muy contento,feliz
me interrumpieron cada vez que hable y trato de disimularlo,enojo
en serio me tiene muy preocupado lo que esta pasando y me tiene mal,miedo
lo que pasa es que todo lo que construi se cayo la verdad,triste
fijate que hicieron lo que quisieron sin preguntarme nada la verdad,enojo
en serio hoy no tuve que fingir que estaba bien y no se como manejarlo,feliz
sinceramente tengo miedo de ver lo que me respondieron,miedo
es que me pone muy ansioso pensar en eso y no se que hacer,miedo
sinceramente tengo mucho miedo por todo lo que paso,miedo
me cancelaron la cita sin avisar y ya,enojo
me toca salir tarde y me da miedo en la calle parce,miedo
me tienen hasta la coronilla la verdad,enojo
no puedo creer que no te soporto mas en serio,enojo
la verdad prometieron y no cumplieron y no puedo evitarlo,enojo
realmente me duele mucho esto esta semana,triste
mira lo que paso termine todo lo que tenia pendiente y me afecta mucho,feliz
la verdad es que tengo miedo de que mi respuesta suene agresiva y no se como manejarlo,miedo
en este momento tengo panico y eso me preocupa,miedo
no te miento me tiene angustiado no saber que va a pasar y no se que hacer,miedo
ahora mismo dijeron cosas que no son verdad sobre mi pero no digo nada,enojo
sinceramente tengo un miedo que no me deja pensar,miedo
no te miento me aceptaron en la universidad,feliz
te cuento que perdi mi trabajo hoy y me tiene mal,triste
todo me irrita desde hace dias,enojo
la verdad estoy demasiado angustiado para pensar y es agotador,miedo
lo que es cierto es que me siento lleno de alegria y estoy muy agradecido,feliz
es que me puse muy feliz con eso parce y nadie lo sabe,feliz
en serio no puedo dejar de preocuparme y necesito que alguien me entienda,miedo
oye hoy llore sin saber por que y necesito que alguien me entienda,triste
ultimamente me respondieron con mala actitud sin razon y no se como manejarlo,enojo
hoy que bonito dia fue este para todos,feliz
oye siento que el tiempo paso y yo no hice nada y me tiene mal,triste
es que no se puede confiar en ti,enojo
oye pase el dia en cama y me afecta mucho,triste
siento que si me equivoco no hay vuelta atras y me tiene pensando mucho,miedo
es que me da miedo que graben algo mio sin permiso y nadie lo entiende,miedo
mira llegue y me dijeron que no habia cupo,enojo
siento una preocupacion enorme ahora y eso me preocupa mucho,miedo
ultimamente me siento vulnerable por todo lo que paso,miedo
en serio me dieron la nota que esperaba y nadie lo entiende,feliz
me enoja mucho lo que dijiste y ya me canse,enojo
hoy me toco el dia libre otra vez,feliz
es que termine de pagar mi deuda,feliz
ultimamente tengo panico de decir algo y que lo malinterpreten y no lo digo seguido,miedo
mira me cayo muy bien esa persona y eso me duele,feliz
hoy me siento destruido ultimamente,triste
desde hace dias termine todo lo que tenia pendiente y me afecta mucho,feliz
en serio no te lo voy a perdonar tan facil,enojo
ultimamente me salio rico lo que cocine y me tiene mal,feliz
te cuento que no me merecia este trato y necesito que alguien me entienda,enojo
sinceramente fallecio alguien cercano y me afecta,triste
lo que pasa es que abusaron de mi confianza todo el tiempo,enojo
te cuento que me encontre con un amigo que no veia hace tiempo de verdad,feliz
desde hace dias me preocupa haber dicho algo sin darme cuenta y trato de disimularlo,miedo
mira me tiene muy preocupado lo que esta pasando,miedo
me sacaron de la jugada sin ninguna explicacion y no se que hacer,enojo
mira tengo miedo de decir algo y que lo malinterpreten bro,miedo
oye no se puede confiar en ti y no lo voy a tolerar,enojo
me ignoraron durante horas de verdad,enojo
la verdad no se si voy a poder con esto la verdad,miedo
la verdad pague y no me dieron lo que ofrecieron y ya,enojo
sinceramente no estudie suficiente para esto y nadie lo sabe,miedo
en serio tengo miedo de que me vaya mal en las parciales y ya,miedo
no se si contarte pero me hicieron una videollamada sorpresa y eso me tiene mal,feliz
la verdad me descuentan del sueldo cosas que no firmé y me tiene mal,enojo
fijate que manana es el dia y no estoy listo y no puedo evitarlo,miedo
oye no entendi bien el tono y eso me tiene angustiado sinceramente,miedo
ultimamente no supe si era una broma o algo serio y no lo digo seguido,triste
es que no se si voy a poder sostenerme solo la verdad,miedo
oye me usaron cuando les convenia y despues nada y ya,enojo
es que me da miedo que graben algo mio sin permiso y me afecta,miedo
la verdad es que estoy en el mejor momento de mi vida,feliz
fijate que pude expresarme sin que me juzgaran y me cuesta mucho,feliz
no se si contarte pero me corrigieron el tono sin escuchar lo que dije y no es facil admitirlo,enojo
sinceramente termine todo lo que tenia pendiente y me cuesta mucho,feliz
fijate que me pone muy nervioso hablar en publico y necesito que alguien me entienda,miedo
nadie llegó,triste
me siento muy vacio aunque tenga cosas que hacer y ya,triste
oye me trataron como si yo fuera el problema de verdad,enojo
me siento orgulloso de donde estoy y me tiene mal,feliz
fijate que me trataron como si yo fuera el problema pero bueno,enojo
sinceramente siento una pena muy grande ahora y me duele mucho,triste
en este momento estoy muy preocupado por todo lo que paso,miedo
oye me estan ocultando algo y eso me pone nervioso y ya,miedo
oye me tiene angustiado no saber que va a pasar todo el tiempo,miedo
realmente estoy temblando de nervios todo el tiempo,miedo
estoy muy nervioso por los resultados y eso me preocupa mucho,miedo
me asusta no saber si voy a conseguir trabajo y ya,miedo
hoy me mandaron de una oficina a otra sin solucion la verdad,enojo
sinceramente me asusta que piensen que soy raro y no se como manejarlo,miedo
la verdad es que siento que nada tiene sentido ahora,triste
es que me preocupa no poder lograrlo y me tiene mal,miedo
es que tengo un mal presentimiento con eso de verdad,miedo
no te miento perdi mi negocio y no se como seguir y no puedo evitarlo,triste
realmente tengo miedo de fallar esta semana,miedo
en serio me mintieron descaradamente en la cara,enojo
hoy me hicieron sentir que molestaba y nadie lo sabe,enojo
hermano me encontre con un amigo que no veia hace tiempo de verdad,feliz
hermano me pone muy nervioso tener que dar explicaciones y no puedo evitarlo,miedo
no puedo creer que que manera tan irresponsable de actuar y me parece muy mal,enojo
ahora mismo estoy agotado emocionalmente en este momento,triste
no puedo creer que me tiene harto tu falta de respeto y no lo voy a tolerar,enojo
hoy subi una foto y me arrepenti de haberla subido y me cuesta aceptarlo,triste
sinceramente estoy muy bravo con lo que paso,enojo
me interrumpieron cada vez que hable y me pesa cargarlo solo,enojo
oye no me puedo sacar esta sensacion de encima y me tiene mal,miedo
me tienen harto con esto otra vez,enojo
hoy tengo miedo de llegar a cierta edad sin haber logrado nada bro,miedo
desde hace dias por fin lo logre de verdad,feliz
en serio me siento muy pleno y contento y estoy muy contento,feliz
la verdad me faltaron el respeto delante de todos y nadie lo sabe,enojo
la verdad consegui el trabajo y me tiene mal,feliz
no se si contarte pero me dejo de seguir en redes sociales pero ya no puedo mas,triste
sabes que que dia tan especial fue hoy para mi de verdad,feliz
te cuento que siento que me quede atras y no se que hacer,triste
que mal comportamiento tienes de verdad,enojo
lo que pasa es que no quiero mandar el audio por miedo a como sueno y me cuesta mucho,miedo
bro hoy hice algo que me daba mucho miedo y salio bien y ya,feliz
te cuento que me pidieron que fuera a recursos humanos y ya,miedo
es que me cancelaron la cita sin avisar pero necesitaba decirlo,enojo
fijate que dije algo que no quise decir y no se como explicarlo y me tiene agotado,triste
me siento muy feliz con mi familia en serio,feliz
es que tengo panico de que me pregunten algo en clase y no puedo evitarlo,miedo
tengo miedo de no poder manejar esto y no se que hacer,miedo
no me puedo quitar esa preocupacion de encima y nadie lo sabe,miedo
la verdad me fui de viaje y ya,feliz
me fui de viaje pero bueno,feliz
ahora mismo me da miedo pedir ayuda,miedo
oye no puedo creer tanta irresponsabilidad sin excusas,enojo
sinceramente me canse de esperar que las cosas cambien solas,triste
no puedo evitar que tengo miedo de que todo se derrumbe,miedo
oye me siento solo aunque este rodeado de gente,triste
nada tiene sentido todo el tiempo,triste
ahora mismo siento que nadie me toma en serio y me tiene agotado,enojo
hoy me siento muy bien con mi proceso y no es facil,feliz
definitivamente todo salio perfecto esta semana,feliz
te juro que me saca de mis casillas esto y no lo entiendo,enojo
no te miento me echaron la culpa de algo que hizo otro y me cuesta mucho,enojo
ahora mismo no se que va a pasar con mi vida y no se que hacer,miedo
en serio que situacion tan frustrante esta y no lo voy a tolerar,enojo
la verdad es que me tienes agotado con tus cosas,enojo
mira me cayo del cielo esa noticia y me cuesta mucho,feliz
la verdad compre mi primer carro sinceramente,feliz
definitivamente que problema tan absurdo ultimamente,enojo
te juro que que actitud tan mala la tuya de verdad,enojo
me da terror no saber que va a pasar de verdad,miedo
me dijeron que exageraba y eso me tiene mal,enojo
no te miento lei el mensaje diez veces y no se como responder y nadie lo entiende,miedo
hoy me llamaron de un numero desconocido la verdad,miedo
en serio nadie hace las cosas bien aqui sinceramente,enojo
mira me pusieron a hacer el trabajo de todos,enojo
siento que algo malo va a pasar,miedo
para serte honesto logre terminar algo que habia dejado pendiente y nadie lo entiende,feliz
no te miento ya no quiero esforzarme otra vez,triste
hoy me siento excelente hoy esta semana,feliz
oye publico algo que me dejo muy mal y me afecta mucho,triste
en serio me robaron el celular y estoy muy mal parce,triste
el profesor me felicito por el trabajo y me pesa cargarlo solo,feliz
me reportaron sin motivo y me bloquearon la cuenta y nadie lo entiende,enojo
sinceramente mi abuelo ya no esta y me afecta,triste
me cambiaron el turno sin avisarme la verdad,enojo
para serte honesto todos parecen entender menos yo y nadie lo entiende,triste
mira me tienen hasta la coronilla y no es facil,enojo
te cuento que me prometieron el trabajo y al final le dieron a otro hermano,enojo
desde hace dias tengo miedo de que me alejen si se dan cuenta como soy y no se como manejarlo,miedo
eres un desconsiderado y no lo entiendo,enojo
mira lo que paso tengo miedo de que se den cuenta que no entiendo y quisiera que alguien me ayudara,miedo
te juro que hoy fue un dia increible de verdad y no se que hacer,feliz
no tolero que me trates asi y ya me canse,enojo
la verdad es que me siento vacio y sin ganas de nada y no lo puedo superar,triste
te digo que estoy muy nervioso con esta situacion,miedo
no te miento se burlaron de mi y ya,enojo
la verdad es que siento el corazon muy apesadumbrado de verdad,triste
es que me mencionaron en algo que me puso en ridiculo,enojo
mira ya no hablo con mi parcero de toda la vida de verdad,triste
ultimamente todo me afecta demasiado desde hace dias,triste
en este momento me siento motivado desde hace dias,feliz
te cuento que me tiene muy bajoneado lo que paso,triste
definitivamente estoy pasando un gran momento todo el tiempo,feliz
ahora mismo estoy demasiado preocupado por todo lo que paso,miedo
me toco dejar los estudios por plata pero bueno,triste
oye me interrumpieron cada vez que hable,enojo
lo que pasa es que no quise hablar con nadie hoy y me afecta mucho,triste
hoy estoy con el animo muy por el piso y ya,triste
siento que todo el mundo sigue y yo me quede quieto y no se que hacer,triste
hoy todo esta funcionando bien,feliz
hoy mi grupo hizo el trabajo sin contar conmigo y me pesa cargarlo solo,triste
es que me pidieron que fuera a una reunion sin decirme de que y nadie lo sabe,miedo
honestamente eres un desconsiderado y eso no esta bien,enojo
es que ya no aguanto mas esa situacion de verdad,enojo
desde hace dias no puedo dejar de preocuparme sinceramente,miedo
mira hoy todo fluyo bien todo el tiempo,feliz
fijate que me independice por fin sinceramente,feliz
desde hace dias me da ansiedad conocer gente nueva y ya,miedo
vieja tengo panico de que me pregunten algo en clase,miedo
te cuento que aprobe el examen y eso me pesa,feliz
la verdad me mintieron descaradamente en la cara de verdad,enojo
hoy termine la semana sin ningun problema de verdad,feliz
parce me llamaron de la empresa y no dijeron para que de verdad,miedo
te digo que me copiaron el contenido y ni siquiera lo cambiaron la verdad,enojo
oye me etiquetaron en algo que me alegro el dia pero necesitaba decirlo,feliz
oye me hicieron firmar algo que no entendi la verdad,enojo
sinceramente me graduo el sabado en el paraninfo la verdad,feliz
es que todo me pesa demasiado,triste
la verdad me dejaron plantado y ni se disculparon hermano,enojo
no se si contarte pero siento que no soy tan inteligente como los demas pero ya no puedo mas,triste
te cuento que siento que algo esta pasando y nadie me dice que y ya,miedo
me usaron y despues me ignoraron y no lo puedo ocultar,enojo
te cuento que me dejaron esperando sin explicacion la verdad,enojo
ultimamente odio esta situacion esta semana,enojo
hoy no se que va a pasar con mi vida todo el tiempo,miedo
mira estoy que no me la creo y me cuesta mucho,feliz
en este momento estoy temblando de nervios,miedo
mira siento que algo no esta bien aunque todo parece normal pero necesitaba decirlo,miedo
lo que pasa es que no voy a tolerar esto mas de verdad,enojo
sinceramente estoy disfrutando mucho y me afecta mucho,feliz
ultimamente no entiendo como la gente puede ser asi y nadie lo entiende,enojo
vieja me siento muy solo en esta ciudad la verdad,triste
hoy hoy fue mejor de lo que esperaba de verdad,feliz
que alegria tan grande la que siento y no lo puedo creer,feliz
en serio me mandaron audio de voz gritando y quisiera que alguien me ayudara,enojo
la verdad me citaron a declarar y estoy muy nervioso pero bueno,miedo
te cuento que tengo miedo de embarrarla con esa decision y no se que hacer,miedo
todo esta fluyendo muy bien ultimamente y me cuesta aceptarlo,feliz
en este momento me siento feliz hoy,feliz
oye tengo miedo de que sea algo grave y no se que hacer,miedo
sinceramente mi abuela ya no esta la verdad,triste
de verdad me siento muy contento con el equipo y no lo puedo creer,feliz
la verdad no puedo dejar de preocuparme,miedo
la verdad me cayo del cielo esa noticia parce,feliz
desde ayer todo me hace enojar ultimamente,enojo
ahora mismo perdi la materia que mas me esforcé y eso me tiene mal,triste
no te miento me pone muy nervioso hablar en publico pero no digo nada,miedo
ahora mismo tuve que fingir que estaba bien toda la noche y no es facil admitirlo,triste
no te miento pude expresarme sin que me juzgaran y nadie lo entiende,feliz
es que me paraliza no saber cual es el camino correcto de verdad,miedo
la verdad esto es injusto y no se que hacer,enojo
la verdad me perdi un momento importante la verdad,triste
siento que todos avanzan menos yo y me cuesta aceptarlo,triste
es que me echaron la culpa de lo que salio mal de verdad,enojo
no te miento me dieron el trabajo que queria,feliz
no te miento siento que a nadie le importo y me afecta mucho,triste
me duele mucho haberlo perdido de verdad,triste
la verdad me siento inseguro,miedo
ultimamente me pone muy nervioso hablar en publico y no puedo evitarlo,miedo
oye me aprobo el credito el banco y eso me duele,feliz
sinceramente mi familia esta bien y ya,feliz
fijate que estoy muy nervioso con esa vuelta y me tiene mal,miedo
desde hace dias publicaron algo mio sin pedirme permiso,enojo
es que cumpli la meta que me habia puesto y me afecta,feliz
siento que si me equivoco no hay vuelta atras y ya,miedo
en serio me aprobo el credito el banco parce,feliz
estoy lleno de felicidad ahora mismo,feliz
en serio que dia tan bueno fue hoy de verdad,feliz
hoy me prometieron el trabajo y al final le dieron a otro,enojo
hoy me siento sin energia ultimamente,triste
es que me da pena hablar en publico y manana me toca y ya,miedo
ahora mismo estoy emocionado desde hace dias,feliz
la verdad mi abuela ya no esta la verdad,triste
oye me siento invisible y no se que hacer,triste
hoy no tengo plan b si esto falla la verdad,miedo
lo que es cierto es que me hace muy bien sentirme asi,feliz
de verdad me da una bronca tremenda,enojo
parce extraño mucho a las personas que ya no estan y no puedo evitarlo,triste
me tiene muy irritado todo lo que esta pasando la verdad,enojo
mira lo que paso quise decir algo pero no encontre las palabras y quisiera que alguien me ayudara,triste
lo que pasa es que estoy muy apagado y sin motivacion y no se como seguir,triste
tengo miedo de que se den cuenta que no entiendo y no se como manejarlo,miedo
ultimamente tengo ansiedad,miedo
hoy todo el mundo sigue y yo estoy quieto y nadie lo sabe,triste
te cuento que me dejaron solo en esto y no puedo evitarlo,triste
en este momento me siento motivado otra vez,feliz
oye hoy llore sin saber por que de verdad,triste
no te miento mi abuelo ya no esta,triste
hermano me llamaron para el trabajo en medellin parce,feliz
hoy no se si voy a poder con lo que viene y me tiene mal,miedo
hermano me tiene muy enojado esa situacion de verdad,enojo
ahora mismo me siento destruido y me afecta mucho,triste
la verdad me trataron diferente a los demas la verdad,enojo
hoy me hicieron firmar algo que no entendi y ya,enojo
parce tengo miedo de que me quiten el trabajo,miedo
vieja hoy amaneci con toda la actitud de verdad,feliz
me da pena decirlo pero pude expresarme sin que me juzgaran de verdad,feliz
siento una soledad enorme que me pesa y no lo puedo superar,triste
oye me pidieron algo de ultimo momento y nadie lo entiende,enojo
ahora mismo me paraliza la idea de tener que hablar en grupo,miedo
en serio me quede sin trabajo y no se que hacer,triste
oye me case hoy y me afecta,feliz
mira me fue de maravilla en la entrevista pero bueno,feliz
hermano me gane una chamba buenisima y ya,feliz
parce hoy fue un dia muy chévere la verdad,feliz
sinceramente me excluyeron de la decision sin explicacion y nadie lo entiende,enojo
la verdad estoy muy frustrado con todo esto y me tiene pensando mucho,enojo
ultimamente hoy me vi bien en el espejo y me gusto men,feliz
oye hoy me senti comodo siendo yo mismo sinceramente,feliz
hoy me pone muy ansioso pensar en eso,miedo
fijate que me encontre con un amigo que no veia hace tiempo,feliz
para serte honesto me etiquetaron en algo que me alegro el dia y me cuesta mucho,feliz
es que sonrei todo el tiempo pero por dentro lloraba y quisiera que alguien me ayudara,triste
te juro que logre terminar algo que habia dejado pendiente pero necesitaba decirlo,feliz
la verdad siento que no soy suficiente pero bueno,triste
ahora mismo estoy muy preocupado y no puedo dormir,miedo
la verdad me tiene muy angustiado esa situacion de verdad,miedo
lo que pasa es que me siento muy lejos de ser feliz todo el tiempo,triste
para serte honesto me enfurece que actuen asi,enojo
fijate que minimizaron lo que sentia y no se como manejarlo,enojo
es que me hablaron como si fuera tonto,enojo
hoy me asusta no saber si voy a conseguir trabajo la verdad,miedo
es que me senti aceptado como soy y me afecta mucho,feliz
la verdad es que me siento muy contento con el equipo y es lo mejor que me paso,feliz
parce me asusta mucho lo que esta pasando en el barrio y nadie lo sabe,miedo
siento que estoy de mas pero no digo nada,triste
mira lo que paso tengo miedo de que se den cuenta que no entiendo,miedo
vieja me dieron la beca de la universidad publica y no puedo evitarlo,feliz
me sacaron de la jugada sin ninguna explicacion pero bueno,enojo
no se si contarte pero no se si actue bien y eso no me deja tranquilo y trato de disimularlo,miedo
sinceramente me encontre con un amigo que no veia hace tiempo y me cuesta mucho,feliz
la verdad es que estoy muy decaido y sin esperanza,triste
hoy tuve que fingir que estaba bien toda la noche de verdad,triste
lo que pasa es que publico algo que me dejo muy mal y me pesa cargarlo solo,triste
oye nadie noto que algo me pasaba de verdad,triste
la verdad es que me asusta mucho la situacion actual,miedo
la verdad hoy fue un dia muy chévere y no puedo evitarlo,feliz
no voy a permitir que me hagas eso,enojo
la verdad tengo miedo de hablar,miedo
mira tengo miedo de equivocarme y arrepentirme despues y ya,miedo
sabes que estoy muy agradecido por todo sin duda,feliz
te digo que me dicen que deberia estar agradecido por poco la verdad,enojo
oye me mintieron en mi cara y no se que hacer,enojo
te digo que me duele mucho haber llegado a esto y me duele mucho,triste
te cuento que me ignoraron durante horas y me afecta,enojo
me eliminaron del grupo sin decir nada y nadie lo entiende,enojo
la verdad es que estoy muy preocupado y con miedo y no puedo calmarlo,miedo
oye no puedo dejar de preocuparme y eso me pesa,miedo
en este momento me siento nervioso esta semana,miedo
ultimamente estoy muy contento de verdad,feliz
ahora mismo siento que estoy de mas y eso me pesa,triste
es que me dejo mi novia y estoy muy bajoneado,triste
ultimamente no me toman en serio por mi edad bro,enojo
sinceramente tengo miedo de tomar la decision equivocada pero no digo nada,miedo
desde ayer estoy muy enojado y me afecta mucho,enojo
desde ayer estoy realmente frustrado ultimamente,enojo
ahora mismo no me dejaron hablar todo el tiempo,enojo
hoy me costo mucho levantarme hoy y eso me pesa,triste
te digo que siento tristeza y desesperanza ahora y no se como seguir,triste
desde hace dias me duele el alma otra vez,triste
sinceramente estoy muy preocupado y con miedo y eso me preocupa mucho,miedo
para serte honesto me mandaron buenas noticias por whatsapp y no puedo evitarlo,feliz
definitivamente todo esta saliendo bien desde hace dias,feliz
ultimamente me sacaron la paciencia por todo lo que paso,enojo
en serio cambio su estado y supe que era por mi y trato de disimularlo,triste
mira me tiene muy bajoneado lo que paso,triste
sinceramente no puedo creer lo que hicieron,enojo
hoy me mandaron un mensaje muy agresivo y no es facil admitirlo,enojo
sinceramente me da mucha pena decirle eso a la gente parce,miedo
de verdad que buen dia tuve hoy en serio sin duda,feliz
la verdad estoy muy preocupado otra vez,miedo
te juro que llegue a los seguidores que queria y no es facil,feliz
oye me sorprendieron hoy todo el tiempo,feliz
es que siento que no tengo control de nada y eso me pesa,miedo
te cuento que me graduo este mes y ya,feliz
que buenas noticias me llegaron hoy,feliz
no puedo creer que hayan hecho eso y no es facil,enojo
desde hace dias me da terror enfrentar esto solo y me afecta mucho,miedo
definitivamente todo me hace enojar por todo lo que paso,enojo
mira por fin me salio el pasaporte y no es facil,feliz
que estupidez lo que hiciste y no lo voy a tolerar,enojo
ultimamente ya no quiero esforzarme y no puedo evitarlo,triste
lo que pasa es que ya les dije mil veces y no cambia nada y eso me tiene mal,enojo
sinceramente me hablaron como si fuera tonto y me afecta,enojo
ahora mismo todo me pesa demasiado y no lo puedo ocultar,triste
sinceramente todo lo que construi se cayo y me tiene mal,triste
oye me llego un paquete que habia pedido bro,feliz
no te miento mi familia esta bien de verdad,feliz
no te miento estoy muy cansado de lucharla solo la verdad,triste
me da muy duro enfrentar esa conversacion y ya,miedo
la verdad es que por fin me contestaron y me pesa cargarlo solo,feliz
te juro que me fui de la reunion antes porque no podia mas y no se que hacer,triste
hablaron de algo que yo no sabia y me senti excluido y eso me tiene mal,triste
ultimamente no supe leer la situacion y meti la pata y no se que hacer,triste
la verdad me dijeron que si y despues que no de verdad,enojo
oye me dijeron que era mi culpa cuando no lo era de verdad,enojo
te cuento que no me dejaron terminar de hablar de verdad,enojo
no te miento me dejo en visto y no respondio y trato de disimularlo,triste
desde ayer siento demasiado temor y no puedo dormir,miedo
me cambiaron el turno sin avisarme y me tiene mal,enojo
ahora mismo siento que las cosas mejoran y eso me pesa,feliz
no te miento me fue muy mal en el examen y nadie lo entiende,triste
la verdad es que estoy muy asustado con lo que se avecina y eso me preocupa mucho,miedo
ahora mismo me senti aceptado como soy y no se como manejarlo,feliz
te cuento que el silencio de esa persona me preocupa mucho,miedo
siento tristeza cuando pienso en eso y no lo puedo superar,triste
ahora mismo me siento tranquilo y feliz desde hace dias,feliz
es que me tiene muy angustiado esa situacion y no se que hacer,miedo
desde hace dias lei el mensaje diez veces y no se como responder sinceramente,miedo
en serio hoy el clima estuvo perfecto y me afecta,feliz
mira extraño mucho a las personas que ya no estan y no es facil,triste
hermano me tiene con los nervios destrozados parce,miedo
oye hoy fue un dia muy chévere,feliz
me hicieron sentir que molestaba sinceramente,enojo
mira eso me pone muy furioso parce,enojo
la verdad es que tengo miedo de decir algo fuera de lugar y no puedo evitarlo,miedo
en serio me pagan mal y me exigen demasiado y no se que hacer,enojo
fijate que estoy realmente indignado y eso me pesa,enojo
sinceramente tengo mucho miedo otra vez,miedo
sali del pais por primera vez,feliz
desde ayer tengo ansiedad por lo que viene,miedo
es que me tiene muy enojado esa situacion parce,enojo
no te miento hoy descanse muy bien y me afecta mucho,feliz
desde hace dias pase el dia en cama y me afecta mucho,triste
ultimamente esto arruino mi dia y me afecta mucho,enojo
lo que pasa es que tuve que repetir lo mismo mil veces y ya,enojo
hoy me siento tranquilo y feliz en este momento,feliz
para serte honesto me toco el dia libre,feliz
ultimamente me respondieron con mala actitud sin razon y quisiera que alguien me ayudara,enojo
me da pena decirlo pero termine todo lo que tenia pendiente y no es facil admitirlo,feliz
hoy estoy demasiado molesto ultimamente,enojo
me tiene harto que siempre pase lo mismo,enojo
lo que pasa es que me subieron el sueldo y trato de disimularlo,feliz
ahora mismo me tienen harto con esto por todo lo que paso,enojo
la verdad mi familia esta pasando un momento muy dificil y me tiene mal,triste
ultimamente me saca de quicio que no cambien nada,enojo
no puedo evitar que no se que va a pasar y me aterra,miedo
en este momento me sacaron la paciencia en este momento,enojo
men me reportaron sin motivo y me bloquearon la cuenta y me afecta,enojo
te cuento que me independice por fin de verdad,feliz
me llegó una carta del juzgado y no se que es la verdad,miedo
definitivamente me siento orgulloso todo el tiempo,feliz
no se me pagan mal y me exigen demasiado la verdad,enojo
hoy me sacaron la paciencia ultimamente,enojo
sinceramente me hicieron sentir mal por preguntar y me afecta,enojo
la verdad tengo panico y me afecta mucho,miedo
en serio me dejaron hacer todo el trabajo solo y no lo puedo ocultar,enojo
de verdad no voy a permitir que me hagas eso,enojo
hoy estoy muy mamado de todo,triste
me salio el cupo en el sena y no se que hacer,feliz
mira lo que paso me dieron el viernes libre y trato de disimularlo,feliz
desde hace dias estoy rodeado de gente y me siento solo de verdad,triste
lo que pasa es que me tiene completamente harto pero no digo nada,enojo
es que vi que estaba en linea pero no me respondio sinceramente,triste
sinceramente me siento destruido por todo lo que paso,triste
la verdad me embargaron la cuenta y no entiendo por que hermano,miedo
de verdad me siento lleno de alegria y estoy muy contento,feliz
sinceramente lei el mensaje diez veces y no se como responder y me pesa cargarlo solo,miedo
ultimamente tengo ansiedad por lo que viene otra vez,miedo
te juro que me tiene muy irritado todo lo que esta pasando y me cuesta aceptarlo,enojo
te juro que vi que estaba en linea pero no me respondio de verdad,triste
hoy siento que algo no esta bien aunque todo parece normal pero necesitaba decirlo,miedo
la verdad por fin lo logre y es agotador,feliz
lo que pasa es que me sorprendieron hoy,feliz
en serio me salio redondo todo hoy la verdad,feliz
en serio me salio el negocio que queria y no es facil,feliz
no se me siento muy desconectado de todo y de todos de verdad,triste
estoy muy triste con el resultado y no se como seguir,triste
mira lo que paso tengo miedo de haber arruinado algo sin saberlo y no es facil admitirlo,miedo
hoy me escribio la persona que me gusta de verdad,feliz
que dia tan bueno fue este y estoy muy contento,feliz
te cuento que estoy muy asustado con lo que puede pasar y no se que hacer,miedo
no te miento me reconocieron el esfuerzo en el trabajo y nadie lo entiende,feliz
sinceramente me respondieron con mala cara sin razon,enojo
no se llegue a los seguidores que queria men,feliz
lo que pasa es que siento una soledad enorme que me pesa,triste
te digo que estoy muy triste y sin animo de nada de verdad,triste
oye no puedo creer lo que hicieron pero no digo nada,enojo
hoy me siento muy contento con el equipo en serio,feliz
ultimamente hoy hice algo que me daba mucho miedo y salio bien la verdad,feliz
te digo que me siento muy bien por todo y no lo puedo creer,feliz
la verdad hoy todo el transporte me funciono perfecto y me tiene pensando mucho,feliz
bro hoy fue exactamente lo que necesitaba,feliz
la verdad me pone ansioso salir de casa y necesito que alguien me entienda,miedo
no te miento me pone muy ansioso pensar en eso y ya,miedo
la verdad todo salio mal en este momento,triste
sinceramente me mintieron descaradamente en la cara de verdad,enojo
hoy siento que algo no esta bien aunque todo parece normal,miedo
hoy me rechazaron y duela mucho otra vez,triste
no voy a seguir tolerando esto de verdad,enojo
definitivamente me hicieron perder el tiempo otra vez,enojo
fijate que me mintieron descaradamente en la cara hermano,enojo
no se si contarte pero minimizaron lo que sentia y me cuesta mucho,enojo
mi pareja me sorprendio sinceramente,feliz
te juro que vi que me sacaron de un grupo y no dije nada y me afecta,triste
te digo que me llego un paquete que habia pedido,feliz
mira nadie hace las cosas bien aqui y no se que hacer,enojo
men estoy muy frustrado con todo esto,enojo
oye me fallaron cuando mas los necesitaba y ya,triste
la verdad todo me genera ansiedad ultimamente y eso me pesa,miedo
mira me siento realizado y me afecta mucho,feliz
me quede sin trabajo y no se que hacer y eso me duele,triste
lo que pasa es que me dijeron que exageraba sinceramente,enojo
en serio me duele mucho lo que dijiste de verdad,triste
hoy me siento feliz y eso me alegra,feliz
hoy me dieron el trabajo que queria,feliz
desde hace dias siento que no le importo a nadie de verdad y me tiene agotado,triste
no te miento siento que no tengo control de nada y ya,miedo
hoy perdi mi trabajo hoy y ya,triste
mira lo que paso me dijeron que era muy sensible por sentirme mal y me pesa cargarlo solo,enojo
oye me tienen muy mamado con esa vuelta y ya,enojo
sinceramente me bloqueo sin darme una explicacion y nadie lo entiende,triste
es que me pidieron que fuera a una reunion sin decirme de que,miedo
la verdad todo esta saliendo bien y me encanta,feliz
es que me interrumpieron cada vez que hable y no se que hacer,enojo
es que tengo miedo de decir algo y que lo malinterpreten y me cuesta aceptarlo,miedo
te digo que siento un miedo enorme que no puedo controlar y no puedo calmarlo,miedo
mira aprobe el examen y no puedo evitarlo,feliz
en serio me costo mucho levantarme hoy y necesito que alguien me entienda,triste
honestamente ya basta con esa actitud,enojo
no puedo evitar que siento una preocupacion enorme ahora,miedo
ultimamente mi grupo de trabajo funciono muy bien y no lo digo seguido,feliz
sinceramente publicaron algo mio sin pedirme permiso y no se como manejarlo,enojo
mira eso me pone muy furioso parce la verdad,enojo
fijate que hicieron algo injusto y nadie dijo nada y ya,enojo
no te miento tengo panico de decir algo y que lo malinterpreten y me tiene agotado,miedo
lo que pasa es que me dejo en visto y no respondio pero necesitaba decirlo,triste
te cuento que se aprovecharon de la buena fe mia hermano,enojo
en serio me preocupa haber dicho algo sin darme cuenta,miedo
publicaron algo mio sin pedirme permiso y trato de disimularlo,enojo
te cuento que me independice por fin pero bueno,feliz
sabes que me siento muy agradecido con la vida en serio,feliz
no te soporto mas sin excusas,enojo
hoy siento que cargo con demasiado para mi edad la verdad,triste
desde ayer ya no tengo ganas ultimamente,triste
fijate que estoy muy cansado de lucharla solo y nadie lo sabe,triste
ultimamente tengo panico de fallar cuando todos confian en mi y no puedo evitarlo,miedo
sinceramente me siento inseguro,miedo
hoy termine de pagar mi deuda sinceramente,feliz
ultimamente ya no se que hacer todo el tiempo,triste
de verdad me siento muy pleno y contento y es lo mejor que me paso,feliz
siento que estoy de mas y no se que hacer,triste
mira lo que paso me asusta que piensen que soy raro y nadie lo entiende,miedo
no se si contarte pero tengo panico de decir algo y que lo malinterpreten y me pesa cargarlo solo,miedo
sinceramente me dieron la beca pero no digo nada,feliz
en serio me salio la receta que estaba intentando de verdad,feliz
no se si contarte pero me reconocieron el esfuerzo en el trabajo,feliz
la verdad me encontre con un amigo que no veia hace tiempo y ya,feliz
parce estoy muy nervioso con esa vuelta y nadie lo sabe,miedo
te cuento que me dejo mi novia y estoy muy bajoneado hermano,triste
fijate que hable con alguien nuevo y no fue tan malo y me pesa cargarlo solo,feliz
fijate que me robaron el celular y estoy muy mal y me cuesta mucho,triste
para serte honesto abusaron de mi confianza otra vez,enojo
mira lo que paso me respondieron con mala actitud sin razon y no se como manejarlo,enojo
mira me siento muy achantado hoy y me cuesta mucho,triste
te cuento que me cobraron de mas y no me quieren devolver y me afecta,enojo
te digo que estoy muy angustiado sin encontrar salida,miedo
me da pena decirlo pero ya les dije mil veces y no cambia nada de verdad,enojo
no me dejaron terminar de hablar sinceramente,enojo
es que logre lo que queria sinceramente,feliz
hoy esto es injusto esta semana,enojo
hoy todo salio perfecto por todo lo que paso,feliz
realmente ya no tengo ganas en este momento,triste
fijate que hoy me senti muy a gusto con todo pero bueno,feliz
sinceramente estoy demasiado molesto,enojo
sinceramente no pude ir a la graduacion y ya,triste
no puedo creer que no puedo creer tanta irresponsabilidad sin excusas,enojo
me duele mucho lo que dijiste y quisiera que no fuera así,triste
me asusta mucho no saber que hacer,miedo
ahora mismo me siento vacio todo el tiempo,triste
sinceramente me siento increible y me encanta,feliz
desde hace dias me da mucho miedo entrar al salon y que todos me miren,miedo
oye me corrigieron el tono sin escuchar lo que dije y me afecta mucho,enojo
la verdad no se que va a pasar otra vez,miedo
para serte honesto siento que algo se rompio dentro de mi todo el tiempo,triste
no se me siento muy bien con mi proceso y me afecta,feliz
estoy muy emocionado con lo que viene y me cuesta aceptarlo,feliz
oye todo el mundo parece tener todo claro menos yo,triste
bro hoy fue un dia increible de verdad y ya,feliz
fijate que nacio mi hija la verdad,feliz
sinceramente logre lo que queria y no lo puedo ocultar,feliz
todo lo que construi se cayo pero no digo nada,triste
sinceramente que irresponsable eres con todo,enojo
tengo panico de que me pregunten algo en clase y eso me duele,miedo
me da mucha alegria saber eso de verdad,feliz
siento panico de lo que puede ocurrir y me tiene muy nervioso,miedo
te digo que siento una preocupacion enorme ahora de verdad,miedo
oye hoy fui honesto y salio bien y no se que hacer,feliz
es que termino mi relacion de verdad,triste
te cuento que no me puedo sacar esta sensacion de encima,miedo
me quede callado cuando debi haber hablado y nadie lo entiende,triste
es que todo me pesa demasiado de verdad,triste
me interrumpieron cada vez que hable y no es facil admitirlo,enojo
me cobraron mas de lo que decia el precio y nadie lo sabe,enojo
sinceramente estoy realmente indignado y no se que hacer,enojo
me hicieron firmar algo que no entendi y no puedo evitarlo,enojo
ahora mismo mi grupo hizo el trabajo sin contar conmigo y nadie lo entiende,triste
te juro que no se si lo que estoy haciendo es lo correcto y nadie lo entiende,miedo
sinceramente siento una pena muy grande por eso y no lo puedo superar,triste
es que que rabia me da todo esto y ya me canse,enojo
te cuento que me tienen muy hastiado con lo mismo hermano,enojo
sinceramente siento que la estoy embarrando en todo y me tiene mal,triste
te cuento que me fue de maravilla en la entrevista la verdad,feliz
oye no se para donde voy y eso me asusta y me pone triste y no puedo evitarlo,triste
lo que pasa es que me etiquetaron en algo que me alegro el dia y eso me tiene mal,feliz
realmente estoy harto de todo por todo lo que paso,enojo
fijate que me escribio la persona que me gusta todo el tiempo,feliz
te juro que me di cuenta que no me invitaron a la reunion pero ya no puedo mas,triste
es que entregue el proyecto a tiempo y no lo digo seguido,feliz
mira lo que paso hoy no tuve que fingir que estaba bien,feliz
en serio estoy muy triste con lo que me conto de verdad,triste
parce no me puedo quitar esa preocupacion de encima pero bueno,miedo
mira me tiene con los nervios destrozados pero bueno,miedo
mira lo que paso me canse de pedir lo mismo sin resultado y no es facil admitirlo,enojo
en este momento ya me canse de esto desde hace dias,enojo
sinceramente tengo ansiedad y no puedo dormir,miedo
es que me siento muy achantado hoy y eso me duele,triste
fijate que me mintieron en mi cara y no puedo evitarlo,enojo
vieja me citaron a declarar y estoy muy nervioso y ya,miedo
estoy muy apagado y sin motivacion y no se como seguir,triste
oye me dejaron hacer todo el trabajo solo y es agotador,enojo
mira que desconsiderado eres siempre en serio,enojo
no te miento siento que me estoy quedando sin opciones y nadie lo sabe,miedo
parce tengo un mal presentimiento con eso la verdad,miedo
la verdad es que no tolero mas esta situacion y eso no esta bien,enojo
hoy descanse muy bien y no puedo evitarlo,feliz
manana tengo una prueba importante y estoy nervioso pero no digo nada,miedo
no puedo creer lo que hicieron sinceramente,enojo
oye me trataron diferente a los demas,enojo
lo que pasa es que hoy todo fluyo bien de verdad,feliz
de verdad estoy muy triste y no puedo dormir y me duele mucho,triste
fijate que tengo miedo de decir algo y que lo tomen mal y ya,miedo
mira hoy me vi bien en el espejo y me gusto y nadie lo entiende,feliz
ultimamente manana tengo una prueba importante y estoy nervioso y me tiene mal,miedo
no se si contarte pero termine todo lo que tenia pendiente y no puedo evitarlo,feliz
ultimamente me duele mucho esto en este momento,triste
hoy no me puedo quitar esa preocupacion de encima y no puedo evitarlo,miedo
en serio me tiene con los nervios destrozados de verdad,miedo
la verdad es que me pidieron algo de ultimo momento sinceramente,enojo
la verdad es que que alegria me da verte bien y no lo puedo creer,feliz
desde ayer me siento increible ultimamente,feliz
parce me cambiaron el turno sin avisarme y no puedo evitarlo,enojo
parce me toco vender el carro que tanto queria hermano,triste
sinceramente estoy muy decaido y sin fuerzas,triste
de verdad estoy muy alegre con lo que vivo,feliz
me canse de ser el que siempre aguanta,triste
siento que el tiempo se me acaba y no he hecho nada,miedo
todo me pone mal y no se que hacer,triste
que dia tan exitoso fue hoy y estoy muy agradecido,feliz
tengo miedo de responder mal y arruinar todo y no es facil,miedo
vieja salimos a rumbear y la pase muy bien,feliz
ultimamente me tienen harto con esto otra vez,enojo
hoy me senti muy a gusto con todo y no es facil,feliz
ahora mismo no se si actue bien y eso no me deja tranquilo y trato de disimularlo,miedo
termine mi tesis la verdad,feliz
honestamente me parece terrible lo que hiciste y punto,enojo
hoy tengo miedo de mandar ese mensaje y que lo tomen mal,miedo
mira me molesta mucho que hagas eso de verdad,enojo
sinceramente fuimos a la finca y fue muy bacano de verdad,feliz
te juro que siento que todos avanzan menos yo y me cuesta aceptarlo,triste
sabes que me siento muy bien con todo de verdad,feliz
en serio me pelee con mi mejor amigo y me duele mucho y ya,triste
es que eres la persona mas egoista que conozco y me parece muy mal,enojo
me da pena decirlo pero me pidieron algo de ultimo momento y me cuesta mucho,enojo
la verdad siento que algo se rompio dentro de mi y eso me pesa,triste
lo que pasa es que me costo mucho levantarme hoy pero no digo nada,triste
hoy no aguanto mas en este momento,enojo
siento panico de enfrentar lo que viene y no se que hacer,miedo
estoy muy apenado con lo que resulto de verdad,triste
ahora mismo esto me molesta demasiado ultimamente,enojo
hoy tengo mucho miedo desde hace dias,miedo
la verdad me dieron una sorpresa muy bonita hoy de verdad,feliz
lo que pasa es que estoy muy bajoneado con todo de verdad,triste
hermano extraño mucho a las personas que ya no estan de verdad,triste
me duele mucho lo que significa esto y me duele mucho,triste
fijate que eso me pone muy furioso parce,enojo
es que no puedo mas con esta situacion y punto,enojo
no puedo creer que eres un maleducado sin remedio y eso no esta bien,enojo
realmente estoy muy preocupado ultimamente,miedo
es que me hablaron muy feo sin ninguna razon,enojo
te cuento que me hicieron sentir mal por preguntar pero necesitaba decirlo,enojo
en este momento me preocupa el futuro en este momento,miedo
en serio me siento muy decaido sin saber por que y no se como seguir,triste
pasé todo el día solo sin que nadie me escribiera,triste
siento que cargo con demasiado para mi edad y nadie lo entiende,triste
para serte honesto pude mantener una conversacion sin angustiarme pero ya no puedo mas,feliz
sinceramente ya no quiero hablar desde hace dias,triste
ultimamente no entendi el tono del mensaje y me confundi y no se que hacer,triste
te juro que me dijeron que exageraba y nadie lo entiende,enojo
me cobraron de mas y no me quieren devolver pero bueno,enojo
lo que pasa es que me siento muy mal por todo lo vivido y quisiera que no fuera así,triste
para serte honesto perdi algo muy importante y ya,triste
fijate que me preocupa mucho el futuro economico y ya,miedo
para serte honesto me dijeron que exageraba y no lo digo seguido,enojo
fijate que me preocupa no poder lograrlo y me tiene mal,miedo
ultimamente tengo miedo de hablar otra vez,miedo
no se si contarte pero aprobe la materia que tenia perdida y no lo digo seguido,feliz
hoy tengo miedo de equivocarme y arrepentirme despues pero bueno,miedo
es que me fue muy mal en el examen y no es facil admitirlo,triste
ultimamente mi jefe quedo contento con mi trabajo pero ya no puedo mas,feliz
hoy termine de pagar mi deuda y me afecta,feliz
desde ayer me tienen harto con esto otra vez,enojo
en este momento me siento derrotado en este momento,triste
me da pena decirlo pero no supe si era una broma o algo serio y me pesa cargarlo solo,triste
en serio mi grupo de trabajo funciono muy bien y me tiene agotado,feliz
me siento orgulloso de donde estoy y me afecta,feliz
no puedo evitar que siento que algo malo va a pasar y no puedo calmarlo,miedo
te cuento que me da mucha pena decirle eso a la gente y me cuesta mucho,miedo
me tiene muy intranquilo todo esto pero bueno,miedo
hoy no puedo creer lo que hicieron otra vez,enojo
hoy amaneci con toda la actitud y no es facil,feliz
me cuesta aceptar que eso ya termino y me tiene mal,triste
te digo que hoy me senti muy bien conmigo mismo de verdad,feliz
ahora mismo cambio su estado y supe que era por mi de verdad,triste
no te miento cumpli mi meta del año,feliz
hoy me pidieron que fuera a una reunion sin decirme de que la verdad,miedo
me robaron el celular y estoy muy mal de verdad,triste
lo que pasa es que me respondio el mensaje que esperaba y quisiera que alguien me ayudara,feliz
hoy me tocó pagar una multa que no era justa,enojo
ultimamente ya les dije mil veces y no cambia nada y no lo digo seguido,enojo
la verdad es que siento que no le importo a nadie de verdad,triste
hoy me da pavor equivocarme y me tiene mal,miedo
oye tengo miedo de que sea algo grave y es agotador,miedo
me dejaron,triste
es que fallecio alguien cercano y no se que hacer,triste
la verdad hoy fue un dia muy chévere parce,feliz
estoy muy agradecido por este momento y estoy muy contento,feliz
hoy me dejaron esperando sin explicacion,enojo
no te miento tengo un presentimiento muy malo y no puedo evitarlo,miedo
que bonita sorpresa me llevé hoy,feliz
oye tengo miedo de decir algo y que lo malinterpreten,miedo
hoy tengo panico de decir algo y que lo malinterpreten pero necesitaba decirlo,miedo
desde hace dias me corrigieron el tono sin escuchar lo que dije,enojo
sinceramente me interrumpieron cada vez que hable y trato de disimularlo,enojo
realmente ya me canse de esto y no se que hacer,enojo
me invitaron a participar en algo importante y no es facil,feliz
te cuento que me siento muy achantado hoy y me tiene mal,triste
es que vi que me sacaron de un grupo y no dije nada,triste
desde ayer me siento excelente hoy esta semana,feliz
te cuento que encontre lo que buscaba y eso me pesa,feliz
es que estoy demasiado angustiado para pensar y es agotador,miedo
la verdad es que estoy muy triste con la situacion actual,triste
fijate que me pidieron algo de ultimo momento y me afecta mucho,enojo
es que no se que quiero hacer con mi vida,miedo
sinceramente me pone muy nervioso tener que dar explicaciones,miedo
siento que algo malo va a pasar y me tiene muy nervioso,miedo
la verdad tengo miedo de embarrarla con esa decision parce,miedo
fijate que hoy me di cuenta que avance mucho y nadie lo sabe,feliz
me dicen que exagero cuando digo como me siento y me cuesta aceptarlo,enojo
sabes que hoy fue un dia increible y estoy muy contento,feliz
sinceramente siento que algo se rompio dentro de mi y necesito que alguien me entienda,triste
te cuento que no me dejaron hablar y no se que hacer,enojo
me da pena decirlo pero usaron lo que les conte en mi contra y no puedo evitarlo,enojo
hoy tengo ansiedad de aparecer en camara,miedo
estoy muy nervioso con esa vuelta la verdad,miedo
tengo panico de que me pregunten algo en clase y no se que hacer,miedo
oye aprobe la materia que tenia perdida sinceramente,feliz
ultimamente no se como va a terminar esto y no puedo evitarlo,miedo
parce ya no hablo con mi parcero de toda la vida y me cuesta mucho,triste
oye tengo miedo de que me rechacen si digo lo que pienso y me afecta mucho,miedo
te cuento que me faltaron el respeto delante de todos y eso me duele,enojo
no puedo creer que ya me canse de repetirte lo mismo en serio,enojo
es que estoy muy asustado con lo que dijiste y no se que hacer,miedo
la verdad no me toman en serio por mi edad y no se que hacer,enojo
fijate que me toca salir tarde y me da miedo en la calle,miedo
me paraliza no saber cual es el camino correcto y no se que hacer,miedo
lo que pasa es que me echaron la culpa de algo que no hice y me tiene mal,enojo
fijate que no estudie suficiente para esto,miedo
me hablaron muy mal y no lo puedo ocultar,enojo
en este momento tengo miedo de fallar por todo lo que paso,miedo
en serio me tiene con los nervios destrozados,miedo
en este momento todo salio excelente todo el tiempo,feliz
es que tengo miedo de que me alejen si se dan cuenta como soy y no lo digo seguido,miedo
oye siento que no tengo proposito y no es facil,triste
parce me embargaron la cuenta y no entiendo por que de verdad,miedo
mira tengo un mal presentimiento con eso la verdad,miedo
sinceramente me da ansiedad conocer gente nueva y me afecta mucho,miedo
en serio se aprovecharon de la buena fe mia,enojo
lo que es cierto es que que buenas noticias me llegaron hoy,feliz
te cuento que quede muy contento con el resultado y no se que hacer,feliz
oye me preocupa haber dicho algo sin darme cuenta y no lo digo seguido,miedo
en serio me rindo de intentarlo y necesito que alguien me entienda,triste
me aterra pensar en lo que puede ocurrir,miedo
realmente estoy muy contento por todo lo que paso,feliz
ahora mismo todo esta mal organizado y me tiene mal,enojo
parce me tienen hasta la coronilla y me cuesta mucho,enojo
mira me cuesta aceptar que eso ya termino pero bueno,triste
oye me duele el alma,triste
la verdad me siento increible y eso me alegra,feliz
no se estoy muy emocionado con lo que viene y ya,feliz
me indigna mucho tu comportamiento,enojo
me siento muy pleno con lo que estoy haciendo de verdad,feliz
la verdad es que no entiendo como puedes actuar asi y no lo entiendo,enojo
no puedo evitar que me da terror pensar que no hay salida y me tiene muy nervioso,miedo
la verdad nadie entendio como me sentia y me tiene mal,triste
la verdad todo el mundo sigue y yo estoy quieto y ya,triste
desde hace dias cambio su estado y supe que era por mi y quisiera que alguien me ayudara,triste
desde hace dias me etiquetaron en algo que me alegro el dia sinceramente,feliz
no puedo creer que siento una rabia horrible ahora mismo sin excusas,enojo
sinceramente tengo panico de no salir de esto y no se que hacer,miedo
la verdad me graduo este sabado de verdad,feliz
men siento que cargo con demasiado para mi edad y no es facil,triste
hoy me preocupa demasiado esto y me afecta mucho,miedo
estoy muy asustado con la situacion y eso me preocupa mucho,miedo
no te miento defendi mi proyecto y quede bien pero bueno,feliz
me tiene muy bajoneado lo que paso y no se que hacer,triste
realmente estoy muy emocionado y no se que hacer,feliz
no te miento me canse de pedir lo mismo sin resultado y no se que hacer,enojo
hoy me sorprendieron hoy y no se que hacer,feliz
no puedo soportar esta situacion y ya me canse,enojo
hoy no se si estoy listo para esto y no lo puedo ocultar,miedo
te juro que hoy no tuve que fingir que estaba bien y no se como manejarlo,feliz
hoy me tiene muy bajoneado lo que paso,triste
lo que pasa es que me da una ira terrible de verdad,enojo
sinceramente me siento muy triste hoy,triste
fijate que me cayo del cielo esa noticia parce,feliz
parce me asusta mucho lo que esta pasando en el barrio de verdad,miedo
en serio no se para donde voy y eso me asusta y me pone triste y me afecta,triste
para serte honesto me asusta que piensen que soy raro y quisiera que alguien me ayudara,miedo
eso me parece una irresponsabilidad total y no lo voy a tolerar,enojo
es que siento una angustia muy grande ahora y eso me preocupa mucho,miedo
la verdad hoy descanse muy bien y me tiene mal,feliz
no se si contarte pero hoy fui honesto y salio bien y no es facil admitirlo,feliz
la verdad es que eres un egoista de primera,enojo
es que me pusieron en evidencia en un grupo y no lo digo seguido,enojo
la verdad me siento furioso por todo lo que paso,enojo
no me reconozco ultimamente y no puedo evitarlo,triste
ultimamente estoy demasiado molesto por todo lo que paso,enojo
para serte honesto me subieron el sueldo y me cuesta mucho,feliz
parce estoy muy bacano con la noticia la verdad,feliz
es que me dijeron que era muy sensible por sentirme mal y me afecta mucho,enojo
te digo que tengo un miedo horrible que no me deja y no se que hacer,miedo
oye me asusta pensar en el futuro y no se que hacer,miedo
mira me paraliza no saber cual es el camino correcto,miedo
la verdad es que me mandaron un audio muy lindo pero ya no puedo mas,feliz
hoy me dejaron solo en esto y no se que hacer,triste
oye me echaron la culpa de algo que hizo otro y no se que hacer,enojo
me encontre con un amigo que no veia hace tiempo hermano,feliz
desde hace dias siento que el miedo no me deja avanzar y es agotador,miedo
para serte honesto nadie me escucha y es agotador,triste
pude mantener una conversacion sin angustiarme pero necesitaba decirlo,feliz
sinceramente tengo un mal presentimiento con eso,miedo
no se si contarte pero termine todo lo que tenia pendiente y no se como manejarlo,feliz
parce me siento muy achantado hoy y ya,triste
parce me faltaron el respeto delante de todos,enojo
hoy me dejo mi novia y estoy muy bajoneado y nadie lo sabe,triste
de verdad me duele el corazon con lo que paso y no se como seguir,triste
sinceramente hoy todo el transporte me funciono perfecto y me tiene pensando mucho,feliz
parce me pelee con mi mejor amigo y me duele mucho pero bueno,triste
mira me angustia saber que todo queda guardado en internet y nadie lo entiende,miedo
algo me dice que las cosas van a cambiar mal la verdad,miedo
es que me encontre plata en un bolsillo que no sabia la verdad,feliz
no te miento siento que voy por buen camino otra vez,feliz
sinceramente estoy muy angustiado sin encontrar salida de verdad,miedo
te cuento que tengo los mejores amigos de verdad,feliz
oye me mandaron un mensaje raro y no entiendo que quieren y me afecta,miedo
sinceramente se llevaron el credito de lo que yo hice y ya,enojo
en serio no se como decirlo sin que se enojen y no se como manejarlo,miedo
en serio no puedo creer tanta irresponsabilidad sin excusas,enojo
es que me toco vender el carro que tanto queria pero bueno,triste
siento que perdi una etapa de mi vida,triste
es que todo tiene sentido ahora y no puedo evitarlo,feliz
es que me dijeron que cambie como si estuviera mal ser yo,triste
oye por fin termine el proyecto otra vez,feliz
te cuento que me robaron el celular y estoy muy mal parce,triste
sinceramente siento que nada tiene sentido ahora y quisiera que no fuera así,triste
te digo que no se para donde voy y eso me asusta y me pone triste y ya,triste
te cuento que me fui de viaje de verdad,feliz
lo que pasa es que ya no aguanto esta situacion y ya,enojo
es que estoy re contento con todo la verdad,feliz
la verdad no aguanto mas desde hace dias,enojo
la verdad es que me fue bien en la sustentacion de verdad,feliz
de verdad que buena noticia para empezar el dia sin duda,feliz
en este momento me sacaron la paciencia desde hace dias,enojo
la verdad me toco el dia libre todo el tiempo,feliz
realmente me siento increible otra vez,feliz
te digo que que maravilloso momento estoy viviendo,feliz
realmente me siento excelente desde hace dias,feliz
en serio hicieron como si yo no existiera en la reunion y no se que hacer,enojo
hicimos sancocho en familia y fue muy rico la verdad,feliz
oye me prometieron el trabajo y al final le dieron a otro,enojo
es que no se si actue bien y eso no me deja tranquilo y me pesa cargarlo solo,miedo
hoy me hicieron firmar algo que no entendi la verdad,enojo
para serte honesto perdi tiempo en algo que no valio y ya,enojo
ahora mismo todo lo que construi se cayo y ya,triste
desde hace dias pude expresarme sin que me juzgaran y no puedo evitarlo,feliz
en serio mi equipo gano hoy y estoy feliz la verdad,feliz
realmente me siento tranquilo y feliz ultimamente,feliz
fijate que me echaron la culpa de lo que salio mal,enojo
te cuento que me pone muy nervioso tener que dar explicaciones parce,miedo
te digo que me canse de pedir ayuda y no recibirla y me tiene pensando mucho,triste
sinceramente tengo los mejores amigos y me tiene mal,feliz
en serio me canse de aguantarte,enojo
hoy me tocó repetir el tramite porque perdieron mis papeles y me tiene mal,enojo
me tiene muy apagado esta situacion parce,triste
sinceramente ya les dije mil veces y no cambia nada,enojo
hoy estoy demasiado cansado y no se que hacer,triste
me siento muy agradecido con la vida hoy y no se que hacer,feliz
parce estoy muy ido hoy no se que me pasa y no es facil,triste
es que fuimos a la finca y fue muy bacano la verdad,feliz
sinceramente hoy no tengo que trabajar todo el tiempo,feliz
sinceramente me dejo en visto y no respondio y eso me tiene mal,triste
siento una melancolía muy profunda,triste
ahora mismo todo salio excelente y no se que hacer,feliz
no se si contarte pero publico algo que me dejo muy mal y no lo digo seguido,triste
me siento lleno de energia ultimamente,feliz
desde hace dias me cobraron de mas sin avisar y no lo puedo ocultar,enojo
desde ayer tengo miedo de hablar esta semana,miedo
es que me dieron una sorpresa muy bonita hoy pero bueno,feliz
sinceramente me pusieron obstaculos que no tenian sentido y me afecta,enojo
parce me dieron la beca de la universidad publica la verdad,feliz
definitivamente me preocupa el futuro ultimamente,miedo
fijate que me da mucha pena decirle eso a la gente pero bueno,miedo
la verdad estoy demasiado molesto por todo lo que paso,enojo
me perdi un momento importante sinceramente,triste
lo que pasa es que no puedo creer que hayas hecho eso,enojo
es que me exigen resultados sin darme las herramientas pero bueno,enojo
no te miento defendi mi proyecto y quede bien y no se que hacer,feliz
desde hace dias logre cerrar el trato que necesitaba de verdad,feliz
es que las cosas ya no son como antes y me afecta,triste
te digo que tengo un miedo horrible que no me deja y eso me preocupa mucho,miedo
en serio me preocupa haber dicho algo sin darme cuenta y no se como manejarlo,miedo
la verdad tengo miedo de fallar y no se que hacer,miedo
hoy me hace muy bien sentirme asi y estoy muy agradecido,feliz
para serte honesto tengo miedo de lo que piensen de mi y necesito que alguien me entienda,miedo
te juro que me canse de pedir lo mismo sin resultado sinceramente,enojo
me alegra que todo haya salido bien y no lo puedo creer,feliz
oye no puedo mas con esta situacion,enojo
es que desactive mis redes porque me hacian sentir mal y no puedo evitarlo,triste
en serio estoy rodeado de gente y me siento solo todo el tiempo,triste
ahora mismo aprobe la materia que tenia perdida y trato de disimularlo,feliz
ahora mismo me fue muy mal en el examen pero necesitaba decirlo,triste
la verdad es que que buen trabajo hiciste hoy y no lo puedo creer,feliz
me tienen harto con todo esto y punto,enojo
la verdad es que estoy muy apenado y sin palabras y quisiera que no fuera así,triste
oye me cobraron mas de lo que decia el precio y eso me duele,enojo
me pidieron que fuera a una reunion sin decirme de que y me afecta,miedo
mira no voy a permitir que me hagas eso y no lo voy a tolerar,enojo
hoy nadie me dio una respuesta clara y ya,enojo
lo que pasa es que perdi una oportunidad importante pero no digo nada,triste
hoy me da mucha pena decirle eso a la gente y no puedo evitarlo,miedo
en serio la incertidumbre me tiene paralizado y ya,miedo
no se me borraron un comentario que tenia toda la razon y ya,enojo
hoy me dijeron que me quieren y no lo puedo ocultar,feliz
hoy sonrei todo el tiempo pero por dentro lloraba y me pesa cargarlo solo,triste
te digo que siento que todos avanzan menos yo,triste
hoy me cuesta aceptar que eso ya termino la verdad,triste
es que tengo miedo de que las cosas cambien de repente y me tiene agotado,miedo
desde ayer me tienen harto con esto desde hace dias,enojo
sinceramente me etiquetaron en algo que me alegro el dia de verdad,feliz
mira ya no quiero esforzarme la verdad,triste
me eliminaron del grupo sin decir nada y me afecta,enojo
bro me canse de ser el que siempre aguanta y me cuesta aceptarlo,triste
mira no tolero mas esta situacion,enojo
vieja me cayo del cielo esa noticia y no es facil,feliz
no se tengo miedo de equivocarme y arrepentirme despues,miedo
de verdad me siento muy mal por todo lo vivido y me duele mucho,triste
hoy me salio el traslado que pedi,feliz
termine el curso que venia haciendo,feliz
te digo que siento panico cada vez que pienso en eso,miedo
me critican las decisiones sin conocer mi situacion pero bueno,enojo
vieja mi familia se fue a vivir lejos y me siento solo pero bueno,triste
realmente estoy harto de esto todo el tiempo,enojo
estoy muy contento y agradecido,feliz
te cuento que tengo miedo de que me juzguen y no lo puedo ocultar,miedo
ultimamente tengo miedo de que sea algo grave otra vez,miedo
defendi mi proyecto y quede bien y me afecta,feliz
la verdad me siento orgulloso de donde estoy de verdad,feliz
la verdad no me reconozco ultimamente y ya,triste
siento que perdi una etapa de mi vida y ya,triste
sinceramente me graduo el sabado en el paraninfo y ya,feliz
estoy demasiado preocupado por todo lo que paso,miedo
en serio que descaro tan grande el de esa gente y no se que hacer,enojo
en este momento estoy emocionado desde hace dias,feliz
sinceramente logre lo que queria y es agotador,feliz
me copiaron el trabajo y lo publicaron como propio y no se que hacer,enojo
vi algo que me dejo muy intranquilo sinceramente,miedo
es que me tiene muy cansado esta gente y ya,enojo
para serte honesto me salio rico lo que cocine pero no digo nada,feliz
la verdad tengo los mejores amigos y no puedo evitarlo,feliz
oye me cancelaron la cita sin avisar la verdad,enojo
me mintieron descaradamente en la cara la verdad,enojo
mira me hablaron muy feo sin ninguna razon y ya,enojo
oye mi pareja me sorprendio y no se que hacer,feliz
hoy me da ansiedad publicar algo y que lo juzguen bro,miedo
te juro que me tiene muy irritado todo lo que esta pasando,enojo
hoy me graduo este sabado y ya,feliz
te cuento que perdi tiempo en algo que no valio y me tiene mal,enojo
es que me pidieron que fuera a recursos humanos pero bueno,miedo
oye me siento desconectado de todo y me afecta mucho,triste
en serio me siento solo aunque este rodeado de gente,triste
es que me regalaron algo que queria hace mucho y me tiene mal,feliz
mira perdi una oportunidad importante y no lo puedo ocultar,triste
estoy pasando un gran momento ultimamente,feliz
me bloquearon sin darme ninguna explicacion y no es facil,enojo
te juro que me invitaron a participar en un proyecto y nadie lo entiende,feliz
ultimamente tengo miedo de llegar a cierta edad sin haber logrado nada la verdad,miedo
me dieron el trabajo que queria y ya,feliz
te juro que me dejo en visto y no respondio y no es facil admitirlo,triste
no te miento estoy con el animo muy por el piso y nadie lo sabe,triste
sinceramente desactive mis redes porque me hacian sentir mal y me afecta,triste
hoy me hicieron firmar algo que no entendi,enojo
fijate que pase el semestre sin perder nada y no se como manejarlo,feliz
sinceramente todo esta empeorando desde hace dias,triste
en serio me siento solo y muy triste y quisiera que no fuera así,triste
ahora mismo me siento derrotado ultimamente,triste
te juro que siento que nadie me toma en serio pero ya no puedo mas,enojo
la verdad me citaron para hablar y no se de que,miedo
para serte honesto tengo miedo de que me alejen si se dan cuenta como soy y trato de disimularlo,miedo
es que siento que perdi una etapa de mi vida,triste
oye me enfurece tu actitud y no lo entiendo,enojo
ultimamente pude mantener una conversacion sin angustiarme y eso me tiene mal,feliz
en este momento todo esta funcionando bien desde hace dias,feliz
en serio me preocupa no poder pagar el arriendo el otro mes hermano,miedo
hermano me prometieron el trabajo y al final le dieron a otro parce,enojo
realmente estoy harto de todo,enojo
te cuento que sali del pais por primera vez de verdad,feliz
no supe como responder y ahora me arrepiento y me cuesta mucho,triste
sinceramente nacio mi hija pero necesitaba decirlo,feliz
para serte honesto aprobe el examen y ya,feliz
para serte honesto me canse de pedir lo mismo sin resultado y no se que hacer,enojo
hoy me senti muy a gusto con todo pero bueno,feliz
oye tuve que dejar mis estudios y me tiene mal,triste
me siento muy lejos de todos y me afecta,triste
pague y no me dieron lo que ofrecieron y ya,enojo
en este momento estoy cansado mentalmente otra vez,triste
me toco irme del barrio que queria de verdad,triste
ahora mismo llegue a tiempo a todo la verdad,feliz
me tiene muy irritado todo esto la verdad,enojo
en este momento que problema tan absurdo desde hace dias,enojo
es que me canse de esperar que las cosas cambien solas bro,triste
te cuento que estoy apostando todo a esto pero bueno,miedo
ya nada es igual la verdad,triste
ultimamente mi pareja me sorprendio todo el tiempo,feliz
fijate que me tiene completamente harto y no puedo evitarlo,enojo
no te miento tengo miedo de que mi respuesta suene agresiva pero ya no puedo mas,miedo
parce ya no hablo con mi parcero de toda la vida,triste
oye no puedo mas con esta situacion y me parece muy mal,enojo
ahora mismo me dijeron que cambie como si estuviera mal ser yo y me afecta mucho,triste
mira no puedo creer que hayan hecho eso y no puedo evitarlo,enojo
te cuento que mi familia esta bien sinceramente,feliz
hoy fue un gran dia otra vez,feliz
hermano me aprobo el credito el banco,feliz
mira me toco dejar los estudios por plata parce,triste
te cuento que mi familia esta pasando un momento muy dificil,triste
sinceramente todo me pone mal y no se que hacer,triste
fijate que hoy me vi bien en el espejo y me gusto la verdad,feliz
desde hace dias tengo panico de que me pregunten algo frente a todos y no puedo evitarlo,miedo
te digo que estoy muy apenado y no puedo superarlo y me duele mucho,triste
no te miento me dijeron que me quieren y me tiene mal,feliz
oye me dejaron hacer todo el trabajo solo y no se que hacer,enojo
ultimamente me mandaron un mensaje muy agresivo y me tiene agotado,enojo
manana tengo una prueba importante y estoy nervioso y ya,miedo
no se si contarte pero publicaron algo mio sin pedirme permiso pero ya no puedo mas,enojo
ahora mismo me siento destruido otra vez,triste
me siento increiblemente bien y es lo mejor que me paso,feliz
te juro que estoy agotado de tener que explicar como me siento y me afecta,triste
oye vi que estaba en linea pero no me respondio y me afecta mucho,triste
hoy me salio el traslado que pedi y no puedo evitarlo,feliz
en serio me quitaron el like y eso me bajo el animo,triste
hoy me tiene con los nervios destrozados,miedo
es que no me dejaron terminar de hablar de verdad,enojo
ultimamente siento que voy por buen camino y no se que hacer,feliz
para serte honesto no se si voy a poder con esto todo el tiempo,miedo
hoy fue un dia muy chévere,feliz
fijate que no tengo con quien hablar otra vez,triste
es que me tiene muy bajoneado lo que paso y nadie lo sabe,triste
hoy no tengo ganas de nada ultimamente,triste
para serte honesto tengo miedo de que sea algo grave y necesito que alguien me entienda,miedo
hoy tuve que fingir que estaba bien toda la noche y me cuesta mucho,triste
fijate que me ignoraron cuando tenia toda la razon hermano,enojo
la verdad estoy muy emocionado con lo que viene y ya,feliz
parce me asusta mucho lo que esta pasando en el barrio la verdad,miedo
no puedo creer que eso me parece una irresponsabilidad total y no lo entiendo,enojo
la verdad tengo un presentimiento muy malo y me tiene mal,miedo
no supe leer la situacion y meti la pata y quisiera que alguien me ayudara,triste
parce me aterra quedar mal frente a todos y eso me duele,miedo
me graduo este sabado la verdad,feliz
lo que pasa es que usaron lo que les conte en mi contra y no se como manejarlo,enojo
es que me paraliza la idea de tener que hablar en grupo y quisiera que alguien me ayudara,miedo
es que se rieron de como me exprese y me pesa cargarlo solo,enojo
en este momento ya me canse de esto y no se que hacer,enojo
realmente me siento increible hoy,feliz
sinceramente me siento realizado todo el tiempo,feliz
hoy me llego un paquete que habia pedido bro,feliz
en serio perdi algo muy importante y es agotador,triste
hoy me cambiaron el trabajo sin consultarme y no es facil admitirlo,enojo
la verdad quedamos de una con el plan y ya,feliz
en serio me salio el cupo en el sena y no se que hacer,feliz
la verdad todo lo que construi se cayo y me tiene mal,triste
fijate que hoy me senti muy a gusto con todo,feliz
definitivamente me siento incomodo con esto desde hace dias,miedo
me pone feliz ver tu progreso y es lo mejor que me paso,feliz
es que el resultado me tiene muy angustiado pero no digo nada,miedo
te juro que termine el curso que venia haciendo,feliz
desde ayer me siento orgulloso desde hace dias,feliz
hoy estoy muy preocupado en este momento,miedo
te digo que que bonita sorpresa me llevé hoy,feliz
que descaro tan grande el de esa gente y eso me duele,enojo
te cuento que no tenemos para el arriendo este mes parce,triste
no te miento me respondio el mensaje que esperaba y nadie lo entiende,feliz
mira estoy que no me la creo la verdad,feliz
fijate que me trataron diferente a los demas,enojo
me da pena decirlo pero me prometieron que no volveria a pasar y no se que hacer,enojo
siento que estoy decepcionando a todos y ya,triste
hoy me pelee con mi mejor amigo y me duele mucho la verdad,triste
oye manana tengo una prueba importante y estoy nervioso y es agotador,miedo
realmente estoy demasiado molesto desde hace dias,enojo
en serio que buena suerte la mia hoy sin duda,feliz
la verdad me asusta no saber si voy a conseguir trabajo,miedo
no te miento hoy me senti comodo siendo yo mismo pero necesitaba decirlo,feliz
estoy harto de todo otra vez,enojo
la verdad me siento muy triste y me duele mucho,triste
la verdad me tiene muy intranquilo todo esto y nadie lo sabe,miedo
lo que pasa es que me ignoraron completamente y eso me pesa,enojo
te digo que me siento muy motivado y feliz de verdad,feliz
en serio estoy muy apenado por todo lo que perdí y no lo puedo superar,triste
sinceramente tengo los mejores amigos y no se que hacer,feliz
me citaron para hablar y no se de que y me tiene mal,miedo
estoy muy frustrado con todo esto pero bueno,enojo
es que me aprobo el credito el banco la verdad,feliz
ahora mismo ya no se que hacer por todo lo que paso,triste
es que no entendi el tono del mensaje y me confundi y quisiera que alguien me ayudara,triste
en serio no supe si era una broma o algo serio y no se como manejarlo,triste
nos separamos despues de mucho tiempo y ya,triste
fijate que ya no hablo con mi parcero de toda la vida y ya,triste
es que por fin me compre lo que queria y nadie lo sabe,feliz
desde ayer me siento vacio en este momento,triste
desde ayer me siento nervioso desde hace dias,miedo
desde hace dias tengo miedo de lo que piensen de mi y me afecta mucho,miedo
fijate que me echaron la culpa de lo que salio mal y no se que hacer,enojo
no te miento todo lo que construi se cayo y no lo puedo ocultar,triste
me da pena decirlo pero me angustia no saber como interpretar eso,miedo
definitivamente todo esta saliendo bien y eso me alegra,feliz
me tiene muy desanimado todo esto y no es facil,triste
te cuento que mi abuela ya no esta pero bueno,triste
desde hace dias cargue con toda la responsabilidad del grupo sinceramente,enojo
fijate que me angustia no saber si estoy en el camino correcto bro,miedo
te cuento que no se si voy a poder con lo que viene pero bueno,miedo
me gane una chamba buenisima,feliz
ahora mismo me mandaron audio de voz gritando,enojo
te juro que tengo miedo de que se den cuenta que no entiendo y me pesa cargarlo solo,miedo
estoy muy triste y no puedo dormir,triste
oye siento que no tengo control de nada y no se que hacer,miedo
hoy vi que estaba en linea pero no me respondio y me tiene agotado,triste
men me angustia no tener todo claro a mi edad,miedo
fijate que me siento muy lejos de ser feliz y no lo puedo ocultar,triste
siento el alma muy pesada hoy y no lo puedo superar,triste
mira lo que paso mi jefe quedo contento con mi trabajo de verdad,feliz
hoy me piden experiencia para un trabajo de principiante pero bueno,enojo
desde hace dias siento que voy por buen camino sinceramente,feliz
me dieron la nota que esperaba y me cuesta mucho,feliz
siento una melancolía muy profunda y no se como seguir,triste
ultimamente me aceptaron en la universidad y ya,feliz
ultimamente me siento muy feliz y me afecta mucho,feliz
hermano me da pena que se den cuenta que no entendi hermano,miedo
te cuento que tengo miedo de embarrarla con esa decision y me cuesta mucho,miedo
sinceramente me siento vulnerable,miedo
para serte honesto se rieron de como me exprese y no es facil admitirlo,enojo
fijate que me encontre con un amigo que no veia hace tiempo y ya,feliz
oye hoy todo fluyo bien y me tiene mal,feliz
para serte honesto me escribieron solo para reclamarme y no lo digo seguido,enojo
hoy me escribieron solo para reclamarme y no lo digo seguido,enojo
es que dijeron cosas que no son verdad sobre mi y eso me pesa,enojo
hoy siento que el tiempo paso y yo no hice nada y me afecta,triste
la verdad me cancelaron la cita sin avisar la verdad,enojo
mira me tiene muy cansado esta gente hermano,enojo
fijate que alguien me entendio sin que yo explicara mucho pero necesitaba decirlo,feliz
lo que pasa es que se burlaron de mi de verdad,enojo
es que me tienen hasta la coronilla,enojo
es que mi mejor amigo se fue a vivir lejos,triste
fijate que me siento muy bien conmigo mismo la verdad,feliz
sinceramente me entristece mucho la situacion,triste
hoy fue un parche buenisimo y ya,feliz
definitivamente me siento motivado todo el tiempo,feliz
no te miento no quise hablar con nadie hoy y me tiene mal,triste
la verdad me asusta mucho lo que esta pasando en el barrio,miedo
ultimamente me siento muy bien con mi proceso y me afecta,feliz
hoy me estan ocultando algo y eso me pone nervioso,miedo
no te miento hoy me di cuenta que avance mucho,feliz
lo que pasa es que ya no esta la persona que queria y es agotador,triste
la verdad llegue a tiempo a todo y necesito que alguien me entienda,feliz
en serio mi equipo gano hoy y estoy feliz parce,feliz
me hicieron fila tres horas y no me atendieron parce,enojo
fijate que se llevaron el credito de lo que yo hice y no se que hacer,enojo
hoy me hicieron una videollamada sorpresa y no lo digo seguido,feliz
te cuento que me dieron la visa,feliz
sinceramente me dejaron solo en esto y no lo puedo ocultar,triste
en serio estoy muy enojado todo el tiempo,enojo
para serte honesto me canse de pedir lo mismo sin resultado y me cuesta mucho,enojo
para serte honesto me dijeron que era muy sensible por sentirme mal y no puedo evitarlo,enojo
tengo panico de que algo que dije llegue a las manos equivocadas y me tiene pensando mucho,miedo
me tratan diferente por ser joven men,enojo
ultimamente ya no quiero hablar otra vez,triste
fijate que quise decir algo pero no encontre las palabras pero necesitaba decirlo,triste
sinceramente subi una foto y me arrepenti de haberla subido pero bueno,triste
fijate que no hubo trafico hoy y eso me pesa,feliz
realmente estoy muy preocupado por todo lo que paso,miedo
hoy me pusieron obstaculos que no tenian sentido,enojo
ahora mismo lei el mensaje mal y arruine todo pero ya no puedo mas,triste
fijate que hoy me senti muy bien conmigo mismo,feliz
sinceramente me duele mucho esto esta semana,triste
en serio tengo miedo de que me rechacen si digo lo que pienso y eso me duele,miedo
mira abusaron de mi confianza y necesito que alguien me entienda,enojo
en serio me decepciono mucho lo que hiciste y no lo voy a tolerar,enojo
de verdad eres un egoista de primera y me parece muy mal,enojo
es que estoy muy asustado y no se que hacer,miedo
hoy me tienen muy mamado con esa vuelta pero bueno,enojo
hoy me invitaron a algo importante de verdad,feliz
parce hicimos sancocho en familia y fue muy rico y eso me duele,feliz
hermano fuimos a la finca y fue muy bacano la verdad,feliz
desde ayer siento demasiado temor por todo lo que pasa,miedo
sinceramente estoy muy angustiado por todo esto y no puedo calmarlo,miedo
la verdad me piden experiencia para un trabajo de principiante la verdad,enojo
es que me siento muy pleno con lo que estoy haciendo bro,feliz
me cobraron de mas sin avisar de verdad,enojo
sinceramente me siento muy triste otra vez,triste
me comparo mucho con los demas y me hace mal y me tiene pensando mucho,triste
fijate que me asusta pensar en el futuro y me tiene mal,miedo
me tienen hasta la coronilla y ya,enojo
siento que el tiempo se me acaba y no he hecho nada de verdad,miedo
la verdad eso me pone muy furioso parce,enojo
no se si contarte pero me pidieron algo de ultimo momento de verdad,enojo
no se si contarte pero me canse de pedir lo mismo sin resultado pero necesitaba decirlo,enojo
siento que algo esta pasando y nadie me dice que sinceramente,miedo
la verdad todo me genera ansiedad ultimamente y necesito que alguien me entienda,miedo
hoy tengo miedo de que todo cambie y no lo puedo ocultar,miedo
te digo que me asusta mucho la situacion actual de verdad,miedo
desde hace dias por fin lo logre y no puedo evitarlo,feliz
mira siento que no encajo en ningún lado de verdad,triste
hicimos una reunioncita y quedo muy buena pero bueno,feliz
sabes que que buena noticia me dieron hoy en serio,feliz
oye me dejaron hacer todo el trabajo solo de verdad,enojo
oye nacio mi hija la verdad,feliz
sinceramente dijeron mentiras sobre mi en redes bro,enojo
te cuento que mi abuelo ya no esta y ya,triste
te cuento que me tiene muy irritado todo esto y nadie lo sabe,enojo
en serio me preocupa no poder lograrlo y no puedo evitarlo,miedo
no te miento fallecio alguien cercano,triste
definitivamente me tienen harto con esto,enojo
hoy me pidieron que fuera a recursos humanos,miedo
oye estoy muy molesto con lo que hicieron,enojo
ahora mismo estoy emocionalmente agotado y no se que hacer,triste
tengo miedo de no poder manejar esto de verdad,miedo
te cuento que estoy con una nota hoy y me tiene mal,feliz
mira me tocó pagar una multa que no era justa,enojo
definitivamente todo me hace enojar desde hace dias,enojo
no te miento me da miedo pedir ayuda pero no digo nada,miedo
que dia tan especial fue hoy para mi en serio,feliz
ahora mismo no supe como responder y ahora me arrepiento pero necesitaba decirlo,triste
me tiene muy triste esta vuelta la verdad,triste
realmente me siento destruido y no se que hacer,triste
en serio me respondio el mensaje que esperaba pero ya no puedo mas,feliz
parce estoy muy bacano con la noticia y no es facil,feliz
te digo que me duele mucho haber fallado en eso y quisiera que no fuera así,triste
te cuento que me echaron la culpa de algo que hizo otro y eso me duele,enojo
mira hicieron algo injusto y nadie dijo nada,enojo
mira me independice por fin y nadie lo sabe,feliz
en serio tengo miedo de decir algo y que lo malinterpreten,miedo
es que estoy muy bacano con la noticia y ya,feliz
para serte honesto hoy fue un dia muy gris y no se que hacer,triste
es que me da terror que noten que estoy nervioso y me tiene agotado,miedo
para serte honesto sonrei todo el tiempo pero por dentro lloraba y no se que hacer,triste
hoy me hicieron perder el tiempo por todo lo que paso,enojo
bro me da miedo decepcionarme a mi mismo pero bueno,miedo
ultimamente me siento muy triste todo el tiempo,triste
definitivamente no soporto esta situacion en este momento,enojo
la verdad me siento orgulloso de donde estoy y me tiene mal,feliz
hoy ya no quiero esforzarme pero no digo nada,triste
es que hoy me fue de pelos y ya,feliz
la verdad estoy temblando de nervios y me afecta mucho,miedo
la verdad me dijeron que si y despues que no pero bueno,enojo
desde hace dias no quise hablar con nadie hoy y eso me pesa,triste
sinceramente siento una pena muy grande ahora,triste
me mintieron en mi cara otra vez,enojo
de verdad siento un vacio que no puedo llenar,triste
te cuento que siento que no tengo control de nada y me afecta mucho,miedo
me bloquearon sin darme ninguna explicacion y ya,enojo
no te miento me dejaron plantado y ni se disculparon de verdad,enojo
te cuento que no tengo plan b si esto falla pero necesitaba decirlo,miedo
la verdad cumpli mi meta del año y no se que hacer,feliz
ahora mismo me aceptaron en la universidad la verdad,feliz
me duele mucho haber llegado a esto y me duele mucho,triste
que buen resultado tuvimos hoy de verdad,feliz
ultimamente todo esta mejorando y no se que hacer,feliz
lo que pasa es que siento un dolor muy grande en el pecho de verdad,triste
te cuento que mi familia estuvo muy unida hoy y eso me duele,feliz
me salio el cupo en el sena y nadie lo sabe,feliz
sinceramente me fue bien en el icfes y no se que hacer,feliz
oye mi grupo hizo el trabajo sin contar conmigo y trato de disimularlo,triste
oye todos parecen entender menos yo y no se como manejarlo,triste
es que me tocó madrugar y no dormí nada y encima salio mal pero bueno,triste
en serio me dicen que me esfuerce mas cuando ya doy todo la verdad,enojo
estoy muy satisfecho con todo lo hecho,feliz
estoy muy decaido y no quiero hablar y me duele mucho,triste
oye perdi mi trabajo hoy pero bueno,triste
sinceramente siento demasiado temor y eso me preocupa,miedo
me dieron una sorpresa muy bonita hoy y me tiene mal,feliz
en serio me duele mucho lo que esta pasando de verdad,triste
no te miento perdi mi trabajo hoy y me afecta,triste
siento una soledad muy grande ahora de verdad,triste
fijate que no duermo de la preocupacion y necesito que alguien me entienda,miedo
ahora mismo me siento increible esta semana,feliz
hoy me da demasiada rabia y estoy cansado,enojo
ultimamente todo me afecta demasiado y me duele mucho,triste
hoy me encontre plata en un bolsillo que no sabia la verdad,feliz
es que siento que no soy tan inteligente como los demas y no se que hacer,triste
es que encontre lo que buscaba y no puedo evitarlo,feliz
me tratan diferente y no entienden por que me molesta de verdad,enojo
la verdad es que me bloqueo sin darme una explicacion de verdad,triste
sinceramente pude expresarme sin que me juzgaran y no lo digo seguido,feliz
no se que quiero hacer con mi vida y no se que hacer,miedo
en serio que alegria tan grande siento de verdad,feliz
me siento nervioso,miedo
hermano me citaron a declarar y estoy muy nervioso y no es facil,miedo
la verdad me comi algo rico y me alegro el dia,feliz
sinceramente todo esta mejorando,feliz
no te miento no estudie suficiente para esto,miedo
oye me salio el primer cliente pero bueno,feliz
sinceramente siento un vacio que no puedo llenar de verdad,triste
te digo que estoy muy frustrado con todo esto bro,enojo
realmente estoy muy contento con todo lo que paso,feliz
oye perdi tiempo en algo que no valio y me afecta mucho,enojo
la verdad me faltaron el respeto delante de todos la verdad,enojo
de verdad ya basta con esa actitud y me parece muy mal,enojo
te cuento que me cambiaron el turno sin avisarme la verdad,enojo
la verdad es que estoy muy decaido y no quiero hablar y no se como seguir,triste
men hoy fue un dia increible de verdad,feliz
mira me asusta mucho lo que esta pasando en el barrio y no se que hacer,miedo
lo que pasa es que siento que las cosas nunca mejoran de verdad,triste
es que me pone muy nervioso hablar en publico y me tiene mal,miedo
te cuento que me pone muy nervioso tener que dar explicaciones y me tiene mal,miedo
en serio me duele mucho lo que significa esto,triste
oye el profesor me felicito por el trabajo y me tiene agotado,feliz
hoy me angustia no saber como interpretar eso y no es facil admitirlo,miedo
la verdad tuve que dejar mis estudios de verdad,triste
te cuento que me rindo de intentarlo sinceramente,triste
la verdad estoy harto de esto en este momento,enojo
sinceramente estoy muy contento ultimamente,feliz
sinceramente me siento en paz la verdad,feliz
es que tengo miedo de ver lo que me respondieron y me pesa cargarlo solo,miedo
no puedo creer que no te soporto mas y ya me canse,enojo
bro me contactaron por mi trabajo y quede feliz,feliz
es que logre ahorrar lo que necesitaba y me afecta,feliz
de verdad me tienes harto y no lo entiendo,enojo
es que me trataron como si no existiera la verdad,enojo
hoy me hablaron como si fuera tonto y ya,enojo
la verdad ya no aguanto esta situacion pero no digo nada,enojo
siento una melancolia muy grande ahora,triste
la verdad mi mejor amigo se fue a vivir lejos y me afecta,triste
fijate que tengo miedo de que me rechacen si digo lo que pienso y me tiene mal,miedo
hermano me cayo muy bien esa persona la verdad,feliz
la verdad algo me dice que las cosas van a cambiar mal de verdad,miedo
la verdad nada de lo que hago vale la pena todo el tiempo,triste
realmente me siento muy triste en este momento,triste
me da pena decirlo pero alguien noto que estaba bien y me lo dijo y no se como manejarlo,feliz
la verdad manana tengo una prueba importante y estoy nervioso otra vez,miedo
oye no me dejaron terminar de hablar y me afecta,enojo
termine de pagar mi deuda,feliz
hoy estoy rodeado de gente y me siento solo y me tiene mal,triste
definitivamente estoy demasiado molesto todo el tiempo,enojo
la verdad es que que buena noticia para terminar el dia y estoy muy agradecido,feliz
sinceramente me dicen que me esfuerce mas cuando ya doy todo y no puedo evitarlo,enojo
sinceramente me duele mucho esta situacion y me duele mucho,triste
no te miento me duele el alma y es agotador,triste
en serio me cansa tu falta de madurez en serio,enojo
la verdad estrene mi apartamento la verdad,feliz
oye estoy con una nota hoy y no puedo evitarlo,feliz
hoy hoy fue un mal dia ultimamente,triste
fijate que me pusieron a hacer el trabajo de todos y me tiene mal,enojo
parce estoy muy nervioso con esa vuelta y ya,miedo
sinceramente siento un dolor muy grande en el pecho y no se como seguir,triste
la verdad es que me duele mucho haberlo perdido y no se como seguir,triste
sinceramente salimos a rumbear y la pase muy bien,feliz
me copiaron el contenido y ni siquiera lo cambiaron y me tiene pensando mucho,enojo
en serio publico algo que me dejo muy mal sinceramente,triste
te digo que me invitaron a participar en algo importante pero bueno,feliz
sinceramente mi familia estuvo muy unida hoy,feliz
en este momento estoy disfrutando mucho todo el tiempo,feliz
hay días en que estoy rodeado de gente y me siento más solo que nunca,triste
ahora mismo todo me afecta demasiado y me duele mucho,triste
es que me eliminaron del grupo sin decir nada y no puedo evitarlo,enojo
estoy muy angustiado con todo esto y me tiene muy nervioso,miedo
me preocupa no poder pagar el arriendo el otro mes y nadie lo sabe,miedo
hoy alguien me entendio sin que yo explicara mucho y trato de disimularlo,feliz
en serio lei el mensaje diez veces y no se como responder y trato de disimularlo,miedo
sinceramente me siento muy solo en esta ciudad y ya,triste
la verdad no estudie suficiente para esto la verdad,miedo
fijate que nadie entendio como me sentia y me afecta mucho,triste
en serio mi familia estuvo muy unida hoy,feliz
en serio me tiene muy irritado todo esto pero bueno,enojo
mira me salio el cupo en el sena y me tiene mal,feliz
no te miento hice algo que me daba miedo y salio bien,feliz
me faltaron el respeto delante de todos la verdad,enojo
la verdad me interrumpieron todo el tiempo otra vez,enojo
la verdad hoy no tengo que trabajar otra vez,feliz
fijate que el resultado me tiene muy angustiado y me afecta mucho,miedo
se burlaron de mi y ya,enojo
vieja me llegó una carta del juzgado y no se que es hermano,miedo
hoy tengo un mal presentimiento desde ayer de verdad,miedo
ahora mismo me siento feliz con todo lo que paso,feliz
mira me pone muy nervioso tener que dar explicaciones y nadie lo sabe,miedo
mira logre lo que queria y me tiene mal,feliz
para serte honesto tengo los mejores amigos sinceramente,feliz
sinceramente gane el concurso la verdad,feliz
ultimamente termine la semana sin ningun problema y no se que hacer,feliz
desde hace dias no quise hablar con nadie hoy,triste
me respondieron que si al proyecto y nadie lo entiende,feliz
la verdad me siento excelente hoy,feliz
sinceramente me tiene angustiado no saber que va a pasar y no lo puedo ocultar,miedo
en serio que rabia me da todo esto y me parece muy mal,enojo
te juro que me senti aceptado como soy y me cuesta mucho,feliz
hoy me siento muy lejos de todos y ya,triste
sabes que que buen resultado tuvimos hoy y estoy muy contento,feliz
no puedo creer que hayan hecho eso y me tiene pensando mucho,enojo
mira eso me pone muy furioso parce pero bueno,enojo
hoy me aceptaron en la universidad y no puedo evitarlo,feliz
hoy pase el semestre sin perder nada y me afecta mucho,feliz
oye me siento orgulloso de donde estoy,feliz
hoy pague y no me dieron lo que ofrecieron,enojo
de verdad siento que las cosas nunca mejoran,triste
hoy me mintieron descaradamente en la cara y no es facil,enojo
oye si esto no funciona no se que voy a hacer pero necesitaba decirlo,miedo
ahora mismo esto es injusto por todo lo que paso,enojo
hoy estoy demasiado cansado otra vez,triste
parce me faltaron el respeto delante de todos y no se que hacer,enojo
la verdad no se que va a pasar esta semana,miedo
desde ayer estoy muy emocionado ultimamente,feliz
desde hace dias tengo miedo de caerle mal sin querer y no es facil admitirlo,miedo
ahora mismo me preocupa demasiado esto en este momento,miedo
me siento muy solo y sin apoyo y no se como seguir,triste
fijate que me senti aceptado como soy y no se que hacer,feliz
fijate que estoy con el animo muy por el piso pero bueno,triste
hoy publicaron algo mio sin pedirme permiso y no se que hacer,enojo
me perdi un momento importante y me tiene mal,triste
mira me da susto pedir el favor porque me da pena,miedo
en este momento me siento destruido y no se que hacer,triste
de verdad estoy muy satisfecho con todo,feliz
ultimamente nada tiene sentido y me afecta mucho,triste
es que me preocupa haber dicho algo sin darme cuenta pero necesitaba decirlo,miedo
la verdad prometieron y no cumplieron todo el tiempo,enojo
oye cambiaron todo sin avisarme la verdad,enojo
oye me mintieron descaradamente en la cara pero bueno,enojo
no puedo evitar que siento un miedo enorme que no puedo controlar y eso me preocupa mucho,miedo
mira hoy me fue de pelos,feliz
la verdad me llamaron de la empresa y no dijeron para que la verdad,miedo
te juro que borre todas mis fotos porque no me gustaba nada de verdad,triste
en este momento me siento derrotado por todo lo que paso,triste
te juro que me di cuenta que no me invitaron a la reunion y quisiera que alguien me ayudara,triste
en serio hoy el clima estuvo perfecto,feliz
no puedo creer que no se puede confiar en ti,enojo
es que siento que voy a fallar manana y ya,miedo
mira tengo panico de que algo que dije llegue a las manos equivocadas men,miedo
para serte honesto hoy no tengo que trabajar pero no digo nada,feliz
me siento re bien parce y nadie lo sabe,feliz
la verdad me graduo este sabado pero bueno,feliz
mira me llegó una carta del juzgado y no se que es,miedo
oye que mal comportamiento tienes de verdad,enojo
me encontre con un amigo que no veia hace tiempo,feliz
la verdad me siento excelente con todo lo que paso,feliz
vieja el transporte salio tardisimo y llegue tarde por eso y eso me duele,enojo
te juro que no se si actue bien y eso no me deja tranquilo y trato de disimularlo,miedo
hoy estoy que no me la creo la verdad,feliz
oye me graduo este mes y ya,feliz
en serio tengo miedo de que no me entiendan y no lo digo seguido,miedo
te cuento que me dijeron que si y despues que no y ya,enojo
me frustras mucho con eso y me parece muy mal,enojo
hoy el clima estuvo perfecto men,feliz
parce me trataron como si yo fuera el problema y nadie lo sabe,enojo
es que tengo miedo de no tener a nadie conmigo,miedo
hoy por fin me salio el pasaporte parce,feliz
es que me dicen que me esfuerce mas cuando ya doy todo,enojo
hoy me cuesta aceptar que eso ya termino de verdad,triste
te cuento que estoy con una nota hoy de verdad,feliz
ahora mismo no hubo trafico hoy de verdad,feliz
oye tengo miedo de embarrarla con esa decision y no se que hacer,miedo
ultimamente me siento horrible,triste
oye me mintieron descaradamente en la cara de verdad,enojo
te digo que estoy muy apenado por lo que paso de verdad,triste
me tienen harto con tanta mentira y punto,enojo
ahora mismo no es la primera vez y eso me tiene agotado y trato de disimularlo,enojo
te digo que me alegra mucho haberte visto hoy y no lo puedo creer,feliz
oye me tocó repetir el tramite porque perdieron mis papeles pero bueno,enojo
no tenemos para el arriendo este mes parce,triste
en serio me hace muy bien sentirme asi,feliz
desde hace dias me ofrecieron un mejor cargo y me cuesta mucho,feliz
la verdad es que me cansas con tanta excusa,enojo
la verdad es que tengo panico de que me pregunten algo frente a todos y no se que hacer,miedo
me dejo mi novia y estoy muy bajoneado y no se que hacer,triste
la verdad algo cambio de repente y no entiendo por que pero necesitaba decirlo,miedo
es que me aterra quedar mal frente a todos y nadie lo sabe,miedo
sinceramente el profesor me humillo frente a todos de verdad,triste
no me reconozco ultimamente y no es facil,triste
la verdad es que me alegra muchisimo lo que paso de verdad,feliz
sinceramente todo salio perfecto desde hace dias,feliz
es que me da muy duro enfrentar esa conversacion y no se que hacer,miedo
no te miento me dieron la visa y no se que hacer,feliz
te digo que que alegria me da verte bien y es lo mejor que me paso,feliz
en serio eres completamente irresponsable y ya me canse,enojo
tengo miedo de que lo peor esta por venir,miedo
hermano no me puedo quitar esa preocupacion de encima y nadie lo sabe,miedo
no te miento no se si voy a poder con esto pero no digo nada,miedo
en serio el profesor me felicito por el trabajo y no puedo evitarlo,feliz
en serio me ignoraron cuando trate de explicarme y trato de disimularlo,enojo
lo que es cierto es que que buen resultado tuvimos hoy y estoy muy agradecido,feliz
mira me dijeron que me quieren sinceramente,feliz
me da mucho miedo lo que puede pasar,miedo
oye el profesor me felicito por el trabajo y no lo digo seguido,feliz
te juro que no voy a permitir que me hagas eso y eso no esta bien,enojo
hoy hicimos una reunioncita y quedo muy buena y nadie lo sabe,feliz
sinceramente me siento vacio otra vez,triste
no te miento me llegó una carta del juzgado y no se que es parce,miedo
ahora mismo me eliminó de sus contactos sin decir nada y no se como manejarlo,triste
sinceramente me da terror pensar en esa posibilidad,miedo
es que me senti aceptado como soy y me pesa cargarlo solo,feliz
en serio me produce mucho enojo esto sin excusas,enojo
desde ayer estoy demasiado preocupado,miedo
no te miento me llegó una carta del juzgado y no se que es pero bueno,miedo
desde ayer quiero estar solo otra vez,triste
hoy que problema tan absurdo esta semana,enojo
para serte honesto me cambiaron el trabajo sin consultarme y no se como manejarlo,enojo
en serio me tienen hasta la coronilla,enojo
me duele el corazon con lo que paso y quisiera que no fuera así,triste
fijate que estoy muy asustado con lo que puede pasar la verdad,miedo
fijate que tengo miedo de que me rechacen si digo lo que pienso y no puedo evitarlo,miedo
oye tengo un presentimiento muy malo sinceramente,miedo
hoy estoy emocionado ultimamente,feliz
oye no duermo de la preocupacion y necesito que alguien me entienda,miedo
la verdad siento que la estoy embarrando en todo y me tiene mal,triste
ultimamente tengo miedo de decepcionar a todos,miedo
mira hoy fue un dia muy chévere hermano,feliz
no puedo evitar que me da pavor la incertidumbre que siento y no se que hacer,miedo
en serio me dejaron plantado y ni se disculparon parce,enojo
en serio mi familia esta pasando un momento muy dificil pero bueno,triste
en serio siento una tristeza que no puedo superar y no se como seguir,triste
sinceramente no se si ese mensaje significaba lo que creo de verdad,miedo
en serio esto me molesta mucho ultimamente,enojo
manana es el dia y no estoy listo y me afecta,miedo
lo que es cierto es que que dia tan maravilloso fue hoy,feliz
sinceramente manana tengo una prueba importante y estoy nervioso la verdad,miedo
desde hace dias hoy fui honesto y salio bien y me afecta mucho,feliz
ahora mismo me paraliza la idea de tener que hablar en grupo y no lo digo seguido,miedo
sinceramente me asusta mucho lo que esta pasando en el barrio la verdad,miedo
desde ayer esto me molesta demasiado y no se que hacer,enojo
te cuento que me pusieron a hacer el trabajo de todos y no es facil,enojo
fijate que me hicieron sentir que molestaba y nadie lo sabe,enojo
tengo ansiedad de aparecer en camara,miedo
hoy hoy fue un parche buenisimo pero bueno,feliz
te cuento que estoy muy asustado con lo que puede pasar,miedo
me tienen muy hastiado con lo mismo y me tiene mal,enojo
hoy siento que algo se rompio dentro de mi y no puedo evitarlo,triste
ahora mismo me pusieron en evidencia en un grupo de verdad,enojo
es que me pone muy ansioso pensar en eso y no es facil,miedo
en este momento me siento tranquilo y feliz,feliz
no te miento me cobraron mas de lo que decia el precio y ya,enojo
hoy me mintieron descaradamente en la cara pero bueno,enojo
no me toman en serio por mi edad bro,enojo
ultimamente estoy harto de esto y eso empeora todo,enojo
me siento muy feliz ahora mismo y estoy muy agradecido,feliz
sinceramente me case hoy y me afecta,feliz
sinceramente me preocupa el futuro ultimamente,miedo
en serio estoy muy feliz con el camino que tome de verdad,feliz
sinceramente me dijeron que cambie como si estuviera mal ser yo pero ya no puedo mas,triste
estoy muy ido hoy no se que me pasa y me cuesta mucho,triste
en este momento todo salio mal esta semana,triste
en serio quede muy contento con el resultado,feliz
mira me parece una falta de respeto y ya me canse,enojo
todo esta mal organizado y necesito que alguien me entienda,enojo
hoy me da miedo no estar a la altura de lo que se espera de verdad,miedo
men tengo miedo de que mis sueños no sean suficientes,miedo
la verdad es que me indigna mucho tu comportamiento sin excusas,enojo
vieja me tienen muy hastiado con lo mismo y ya,enojo
en serio me siento muy bien con mi proceso y ya,feliz
me sacaron de la jugada sin ninguna explicacion y no puedo evitarlo,enojo
te digo que que buena suerte la mia hoy y no lo puedo creer,feliz
hoy no se si voy a poder con esto de verdad,miedo
hoy estoy muy ilusionado con lo que viene y es agotador,feliz
te digo que encontre algo que habia perdido hace tiempo y me cuesta aceptarlo,feliz
siento una preocupacion enorme ahora,miedo
fijate que estoy rodeado de gente y me siento solo y no puedo evitarlo,triste
sinceramente me prometieron el trabajo y al final le dieron a otro pero bueno,enojo
parce siento que todo el mundo sigue y yo me quede quieto,triste
mira lo que paso no entendi el tono del mensaje y me confundi pero ya no puedo mas,triste
la verdad me hablaron como si fuera tonto de verdad,enojo
me graduo este sabado pero bueno,feliz
me saca de quicio que no cambien nada la verdad,enojo
oye me invitaron a participar en un proyecto pero necesitaba decirlo,feliz
hermano tengo miedo de embarrarla con esa decision y no puedo evitarlo,miedo
honestamente no te lo voy a perdonar tan facil y ya me canse,enojo
me tienes agotado con tus cosas,enojo
realmente me siento lleno de energia hoy,feliz
lo que pasa es que me respondieron con mala actitud sin razon pero ya no puedo mas,enojo
extraño como era todo antes pero bueno,triste
en serio me parece una falta de respeto,enojo
en serio me paraliza la idea de tener que hablar en grupo y trato de disimularlo,miedo
en serio lei el mensaje mal y arruine todo y me tiene agotado,triste
me tiene con los nervios destrozados pero bueno,miedo
en este momento estoy demasiado cansado otra vez,triste
parce estoy muy ido hoy no se que me pasa,triste
la verdad por fin me compre lo que queria,feliz
lo que pasa es que lei el mensaje diez veces y no se como responder de verdad,miedo
hoy aprobe el examen sinceramente,feliz
te juro que me interrumpieron cada vez que hable y me afecta mucho,enojo
mira me pusieron obstaculos que no tenian sentido y me tiene mal,enojo
estrene mi apartamento y ya,feliz
oye perdi la materia que mas me esforcé y no es facil admitirlo,triste
la verdad es que que maravilloso es sentirse asi,feliz
ultimamente ya no quiero hablar de eso porque nadie entiende,triste
para serte honesto todo tiene sentido ahora y eso me pesa,feliz
hoy algo cambio de repente y no entiendo por que y me afecta,miedo
mira lo que paso me canse de pedir lo mismo sin resultado y me cuesta mucho,enojo
ahora mismo me canse de pedir lo mismo sin resultado,enojo
vieja me encontre con un amigo que no veia hace tiempo y no se que hacer,feliz
ahora mismo estoy disfrutando mucho por todo lo que paso,feliz
ultimamente mi grupo hizo el trabajo sin contar conmigo pero ya no puedo mas,triste
parce me tiene muy cansado esta gente la verdad,enojo
de verdad eso que hiciste estuvo muy feo y no lo entiendo,enojo
ultimamente tengo miedo de responder mal y arruinar todo y ya,miedo
sinceramente no alcance el cupo en la universidad publica y no es facil,triste
me eliminaron del grupo sin decir nada pero bueno,enojo
tengo mucho miedo esta semana,miedo
no te miento perdi mi negocio y no se como seguir y ya,triste
en serio estoy muy triste con el resultado y no lo puedo superar,triste
definitivamente estoy realmente frustrado y no se que hacer,enojo
me da pena decirlo pero el profesor me humillo frente a todos y no puedo evitarlo,triste
la verdad me bloquearon sin darme ninguna explicacion de verdad,enojo
ahora mismo se llevaron el credito de lo que yo hice y no lo puedo ocultar,enojo
sinceramente estoy muy asustado con lo que puede pasar,miedo
no voy a seguir aguantando esto y no lo entiendo,enojo
la verdad me contactaron por mi trabajo y quede feliz y nadie lo entiende,feliz
no te miento tengo panico de que me pregunten algo frente a todos y quisiera que alguien me ayudara,miedo
oye me siento realizado la verdad,feliz
oye me tiene angustiado no saber que va a pasar y no lo puedo ocultar,miedo
la verdad me mandaron un mensaje raro y no entiendo que quieren,miedo
no te miento perdi tiempo en algo que no valio y no puedo evitarlo,enojo
men no se si lo que estoy haciendo es lo correcto,miedo
logre ahorrar lo que necesitaba y no puedo evitarlo,feliz
en serio siento que las cosas nunca mejoran,triste
en serio me siento realizado y ya,feliz
te juro que me respondieron que si al proyecto,feliz
hoy me saco del grupo sin razon y me tiene agotado,triste
me preocupa haber dicho algo sin darme cuenta y me pesa cargarlo solo,miedo
ultimamente esto es injusto,enojo
sinceramente me siento muy mal emocionalmente y quisiera que no fuera así,triste
ahora mismo estoy demasiado cansado todo el tiempo,triste
siento una soledad muy grande ahora y quisiera que no fuera así,triste
hoy me da miedo decepcionarme a mi mismo,miedo
me da pena decirlo pero termine la semana sin ningun problema y no puedo evitarlo,feliz
lo que es cierto es que estoy muy contento con lo que paso de verdad,feliz
para serte honesto mi familia esta bien y no puedo evitarlo,feliz
te cuento que perdi mi negocio y no se como seguir y ya,triste
la verdad es que siento que nadie me toma en serio y no se que hacer,enojo
oye me toco dejar los estudios por plata y me cuesta mucho,triste
la verdad nacio mi hijo pero necesitaba decirlo,feliz
ultimamente hoy fue un dia increible de verdad,feliz
me encontre con un amigo que no veia hace tiempo y me tiene mal,feliz
de verdad me da mucha alegria saber eso,feliz
sinceramente me escribieron solo para reclamarme y no se como manejarlo,enojo
te cuento que mi equipo gano hoy y estoy feliz y ya,feliz
oye no voy a tolerar esto mas y es agotador,enojo
realmente me siento vacio otra vez,triste
me siento muy perdido con mi vida y nadie lo entiende,triste
me bloquearon sin darme ninguna explicacion,enojo
honestamente ya no aguanto mas y eso empeora todo,enojo
fijate que siento que la estoy embarrando en todo parce,triste
te cuento que me siento en paz y eso me pesa,feliz
hoy estoy muy nervioso con esa vuelta y no puedo evitarlo,miedo
hoy tengo panico,miedo
odio esta situacion,enojo
ahora mismo me fallaron cuando mas los necesitaba y me afecta mucho,triste
fijate que me invitaron a participar en un proyecto,feliz
te cuento que me pone muy nervioso tener que dar explicaciones,miedo
sinceramente tengo ansiedad de pensar en el futuro la verdad,miedo
hoy no puedo creer lo que hicieron,enojo
no se si contarte pero me dejo en visto y no respondio y me afecta mucho,triste
sinceramente me pusieron el visto y luego respondieron bien y nadie lo entiende,feliz
mira no puedo creer lo que hicieron,enojo
te cuento que siento que no encajo en ningún lado la verdad,triste
no te miento hicieron como si yo no existiera en la reunion y no lo digo seguido,enojo
mira me regalaron algo que queria hace mucho y me tiene mal,feliz
me da pena decirlo pero hice algo que me daba miedo y salio bien pero necesitaba decirlo,feliz
mira me irritas con ese comportamiento y eso no esta bien,enojo
siento que el tiempo paso y yo no hice nada pero necesitaba decirlo,triste
sinceramente me prometieron algo y no lo cumplieron pero necesitaba decirlo,enojo
ultimamente tengo miedo de que mi respuesta suene agresiva y me pesa cargarlo solo,miedo
te juro que me canse de pedir ayuda y no recibirla y nadie lo entiende,triste
hoy me siento sin energia otra vez,triste
ultimamente tengo miedo de ver lo que me respondieron de verdad,miedo
definitivamente me siento increible ultimamente,feliz
termine el curso que venia haciendo y nadie lo entiende,feliz
sinceramente me fue bien en la sustentacion y me pesa cargarlo solo,feliz
no puedo mas con esta situacion sin excusas,enojo
en serio siento que no le importo a nadie de verdad y no puedo evitarlo,triste
en serio me siento muy bien con mi proceso,feliz
lo que es cierto es que estoy muy satisfecho con mis decisiones y es lo mejor que me paso,feliz
para serte honesto tengo miedo de ver lo que me respondieron pero necesitaba decirlo,miedo
te juro que tengo miedo de caerle mal sin querer y me pesa cargarlo solo,miedo
me entristece ver como cambiaron las cosas,triste
me tiene muy preocupado lo que esta pasando y eso me duele,miedo
sinceramente me da ansiedad publicar algo y que lo juzguen la verdad,miedo
fijate que perdi una oportunidad importante la verdad,triste
ultimamente nada me salio bien hoy y es agotador,enojo
honestamente estoy demasiado molesto de verdad,enojo
hoy me hablaron muy feo sin ninguna razon y me cuesta mucho,enojo
ultimamente me dejo de seguir en redes sociales de verdad,triste
ultimamente me siento muy lejos de ser feliz y necesito que alguien me entienda,triste
lo que pasa es que todo tiene sentido ahora pero no digo nada,feliz
lo que pasa es que me fue bien en la sustentacion y trato de disimularlo,feliz
me da pena decirlo pero vi que estaba en linea pero no me respondio y me tiene agotado,triste
sabes que estoy muy agradecido por todo en serio,feliz
ultimamente me da mucho miedo entrar al salon y que todos me miren y nadie lo entiende,miedo
oye tuve que fingir que estaba bien toda la noche y quisiera que alguien me ayudara,triste
ultimamente me respondieron con mala actitud sin razon y nadie lo entiende,enojo
en serio estoy que no me la creo,feliz
la verdad es que siento mucha angustia en este momento,miedo
mira me ignoraron completamente y me tiene mal,enojo
hoy me usaron y despues me ignoraron de verdad,enojo
de verdad me decepciona mucho tu actitud y no lo voy a tolerar,enojo
en serio publicaron algo mio sin pedirme permiso sinceramente,enojo
necesitamos hablar de lo que pasó,triste
mira me tiene muy desanimado todo esto y no es facil,triste
en serio me cobraron mas de lo que decia el precio pero bueno,enojo
fijate que me hicieron esperar demasiado y no se que hacer,enojo
sinceramente siento una angustia que me paraliza,miedo
desde hace dias me fui de la reunion antes porque no podia mas y no es facil admitirlo,triste
se aprovecharon de la buena fe mia la verdad,enojo
mira hoy fue un dia muy gris de verdad,triste
bro estoy muy frustrado con todo esto y me tiene pensando mucho,enojo
oye termine de pagar mi deuda pero necesitaba decirlo,feliz
bro estoy cansado de aparentar que todo esta bien,triste
en este momento todo esta saliendo bien con todo lo que paso,feliz
oye me da terror mostrarme como soy de verdad sinceramente,miedo
sinceramente esto me molesta demasiado esta semana,enojo
hoy que descaro tan grande el de esa gente y me cuesta mucho,enojo
la verdad todo me irrita en este momento,enojo
te juro que me da ansiedad cuando hay silencio en la conversacion y no es facil admitirlo,miedo
siento una tristeza que no puedo superar,triste
la verdad es que que noticia tan buena me dieron,feliz
honestamente no te lo voy a perdonar tan facil y punto,enojo
me dieron acceso a la oportunidad que queria la verdad,feliz
lo que pasa es que me da mucho miedo entrar al salon y que todos me miren y me tiene agotado,miedo
me sorprendieron hoy de verdad,feliz
oye me usaron y despues me ignoraron sinceramente,enojo
en serio hoy no tuve que madrugar y lo disfrute y ya,feliz
en serio llevo dias aguantando esto y ya no puedo,enojo
estoy muy nervioso por los resultados y no se que hacer,miedo
parce salimos a rumbear y la pase muy bien,feliz
mira lo que paso me mandaron un mensaje muy agresivo,enojo
para serte honesto se rieron de como me exprese y me cuesta mucho,enojo
parce quede encantado con como salio todo y no es facil,feliz
ultimamente cambio su estado y supe que era por mi y no se que hacer,triste
hoy me da ansiedad publicar algo y que lo juzguen pero bueno,miedo
la verdad es que estoy muy satisfecho con todo lo hecho en serio,feliz
te cuento que no se que va a pasar con mi vida pero no digo nada,miedo
no te miento hoy no tuve que fingir que estaba bien y quisiera que alguien me ayudara,feliz
mira me quitaron el like y eso me bajo el animo y no puedo evitarlo,triste
parce no alcance el cupo en la universidad publica y nadie lo sabe,triste
hoy me asusta pensar en el futuro y es agotador,miedo
encontre lo que buscaba otra vez,feliz
ultimamente me exigen resultados sin darme las herramientas y ya,enojo
ultimamente me fallaron cuando mas los necesitaba la verdad,triste
hoy ya no tengo fuerzas para nada y no se que hacer,triste
te juro que que rabia me da todo esto y no lo voy a tolerar,enojo
hoy me da ansiedad cuando hay silencio en la conversacion de verdad,miedo
hoy mi abuela ya no esta y ya,triste
es que me duele el alma y es agotador,triste
la verdad es que no se si actue bien y eso no me deja tranquilo y nadie lo entiende,miedo
sinceramente estoy emocionalmente agotado y no lo puedo ocultar,triste
no me puedo sacar esta sensacion de encima y nadie lo sabe,miedo
la verdad hoy fue mejor de lo que esperaba y ya,feliz
sinceramente hicieron algo injusto y nadie dijo nada y es agotador,enojo
hoy me puse muy feliz con eso parce pero bueno,feliz
la verdad es que que alegria tan grande siento,feliz
sinceramente siento que no tengo control de nada sinceramente,miedo
la verdad es que me ignoraron cuando trate de explicarme y no se como manejarlo,enojo
parce me toco irme del barrio que queria la verdad,triste
definitivamente me siento lleno de energia y me encanta,feliz
